chr16	16260326	16269772	+	mmuCirc_003674	Pkp2	CTO:ANNOTATED:CDS	6	889	NM_026163	0.0359829012851383	0	0.0185119210755352	0	0	0.0655022227360508	0	0.0329821949908028	0.159110350386847	0.0286723100463043	2;0;1;0;0;2;0;1;4;1	0	0	1.37926406153997		
chr16	16453992	16462059	-	mmuCirc_003675	Fgd4	CTO:ANNOTATED:CDS	3	379	NM_139232:NM_139233:NM_139234	0	0	0	0	0	0	0	0.0989465849724082	0.0397775875967117	0	0;0;0;0;0;0;0;3;1;0	0	0	2.07592331146981		
chr16	16453992	16477513	-	mmuCirc_003676	Fgd4	CTO:ANNOTATED:CDS	7	911	NM_139232:NM_139233:NM_139234	0	0	0	0	0	0.131004445472102	0	0.0989465849724082	0.198887937983559	0.114689240185217	0;0;0;0;0;4;0;3;5;4	0	0	2.92311107827281		hsaCirc_003651
chr16	16461594	16477513	-	mmuCirc_003677	Fgd4	CTO:ANNOTATED:CDS	6	738	NM_139232:NM_139233:NM_139234	0	0	0	0.0192294131873431	0	0.0655022227360508	0	0.164910974954014	0	0	0;0;0;1;0;2;0;5;0;0	0	0	1.44426170667087		hsaCirc_003650
chr16	16469704	16477513	-	mmuCirc_003678	Fgd4	CTO:ANNOTATED:CDS	4	532	NM_139232:NM_139233:NM_139234	0	0	0	0	0.0364535526967181	0	0.0292867224602159	0.0989465849724082	0.159110350386847	0.0286723100463043	0;0;0;0;2;0;1;3;4;1	0	0	1.70556366771146		
chr16	16474227	16504216	-	mmuCirc_003679	Fgd4	CTO:ANNOTATED:CDS:5UTR	6	1205	NM_139232:NM_139233:NM_139234	0.0359829012851383	0	0	0	0	0	0.0292867224602159	0.230875364935619	0	0.0286723100463043	2;0;0;0;0;0;1;7;0;1	0	0	1.18705323584272		
chr16	16986944	17016080	+	mmuCirc_003680	Mapk1	CTO:ALT_ACCEPTOR:CDS	1	29137	NM_001038663:NM_011949	0.0179914506425692	0	0	0	0	0.131004445472102	0.117146889840864	0.131928779963211	0.437553463563829	0.20070617032413	1;0;0;0;0;4;4;4;11;7	0	0	3.13474821595287		
chr16	17013308	17016080	+	mmuCirc_003681	Mapk1	CTO:ALT_ACCEPTOR:CDS	1	2773	NM_001038663:NM_011949	0.0539743519277075	0.0341334195498	0.0555357632266056	0.0384588263746862	0.0911338817417952	0.786026672832609	0.410014114443022	1.02244804471489	1.3524379782882	0.745480061203913	3;2;3;2;5;24;14;31;34;26	0	0	3.51188745383598		
chr16	17015898	17018475	+	mmuCirc_003682	Mapk1	CTO:ANNOTATED:CDS	2	373	NM_001038663:NM_011949	0.0539743519277075	0.0341334195498	0.0740476843021408	0.0576882395620293	0.0546803290450771	0.458515559152355	0.351440669522591	0.395786339889633	1.55132591627176	0.573446200926087	3;2;4;3;3;14;12;12;39;20	0	1	2.98896932914097	rnoCirc_002587	hsaCirc_009751
chr16	17015898	17018503	+	mmuCirc_003683	Mapk1	CTO:ALT_DONOR:CDS	2	401	NM_001038663:NM_011949	0.0359829012851383	0.0170667097749	0	0	0	0.0327511113680254	0.0878601673806477	0.0329821949908028	0.0397775875967117	0.0286723100463043	2;1;0;0;0;1;3;1;1;1	0	0	1.14467899692116		
chr16	17023452	17026489	+	mmuCirc_003684	Mapk1	CTO:ANNOTATED:CDS	3	364	NM_001038663:NM_011949	0	0.0170667097749	0.0370238421510704	0.0576882395620293	0.0364535526967181	0.327511113680254	0.263580502141943	0.692626094806858	0.715996576740811	0.20070617032413	0;1;2;3;2;10;9;21;18;7	0	0	3.18179587262374		
chr16	17023452	17038439	+	mmuCirc_003685	Mapk1	CTO:ANNOTATED:CDS:3UTR	5	600	NM_001038663:NM_011949	0	0	0	0	0	0	0	0.0329821949908028	0.198887937983559	0	0;0;0;0;0;0;0;1;5;0	0	0	2.42881408235804		
chr16	17035442	17038439	+	mmuCirc_003686	Mapk1	CTO:ANNOTATED:CDS:3UTR	2	236	NM_001038663:NM_011949	0	0	0	0	0	0.0327511113680254	0.0292867224602159	0.0329821949908028	0.119332762790135	0.0286723100463043	0;0;0;0;0;1;1;1;3;1	0	0	1.63789440522644		
chr16	17300993	17303443	-	mmuCirc_003687	Pi4ka	CTO:ANNOTATED:CDS	3	419	NM_001001983	0	0.0170667097749	0	0	0.018226776348359	0.0655022227360508	0	0.0329821949908028	0.119332762790135	0.0286723100463043	0;1;0;0;1;2;0;1;3;1	0	0	1.15206516261393		
chr16	17307703	17312471	-	mmuCirc_003688	Pi4ka	CTO:ANNOTATED:CDS	4	498	NM_001001983	0.0179914506425692	0	0	0	0	0.0327511113680254	0.117146889840864	0	0.0397775875967117	0	1;0;0;0;0;1;4;0;1;0	0	0	1.6102604553156		
chr16	17348715	17356216	-	mmuCirc_003689	Pi4ka	CTO:ANNOTATED:CDS	6	737	NM_001001983	0.0359829012851383	0.0170667097749	0	0.0384588263746862	0.0364535526967181	0.131004445472102	0.146433612301079	0.0659643899816055	0.318220700773694	0.172033860277826	2;1;0;2;2;4;5;2;8;6	0	0	2.00014390149345		
chr16	17348715	17360593	-	mmuCirc_003690	Pi4ka	CTO:ANNOTATED:CDS	10	1257	NM_001001983	0	0.0341334195498	0	0	0	0	0	0.0659643899816055	0.159110350386847	0	0;2;0;0;0;0;0;2;4;0	0	0	1.27666547990454		
chr16	17367404	17389457	-	mmuCirc_003691	Pi4ka	CTO:ANNOTATED:CDS:5UTR	7	849	NM_001001983	0	0	0	0	0	0.0655022227360508	0.0292867224602159	0.164910974954014	0.0795551751934235	0.0573446200926087	0;0;0;0;0;2;1;5;2;2	0	0	2.17454343586432		
chr16	17373350	17389457	-	mmuCirc_003692	Pi4ka	CTO:ANNOTATED:CDS:5UTR	6	700	NM_001001983	0	0	0.0555357632266056	0	0.0364535526967181	0.42576444778433	0.0878601673806477	0.461750729871238	0.397775875967117	0.20070617032413	0;0;3;0;2;13;3;14;10;7	0	0	3.18680059480751	rnoCirc_002579	
chr16	17468893	17469358	+	mmuCirc_003693	Crkl	CTO:ANNOTATED:CDS	1	466	NM_001277231:NM_007764	0	0	0	0.0961470659367156	0.018226776348359	0.163755556840127	0.0878601673806477	0.197893169944816	0.357998288370406	0.20070617032413	0;0;0;5;1;5;3;6;9;7	0	0	2.6616507645464		hsaCirc_009744
chr16	17625944	17632057	+	mmuCirc_003694	Smpd4	CTO:ANNOTATED:CDS	6	592	NM_001164609:NM_001164610:NM_001164611:NM_029945	0	0	0	0	0	0.163755556840127	0	0	0	0.0573446200926087	0;0;0;0;0;5;0;0;0;2	0	0	2.57550845894824	rnoCirc_002574	
chr16	17671545	17674658	-	mmuCirc_003695	Med15	CTO:ANNOTATED:CDS	3	713	NM_001285886:NM_001040683:NM_001285884:NM_033609	0	0	0	0	0	0.163755556840127	0	0.131928779963211	0.23866552558027	0.0573446200926087	0;0;0;0;0;5;0;4;6;2	0	0	2.9423390203415	rnoCirc_002575	
chr16	17683159	17697694	-	mmuCirc_003696	Med15	CTO:ANNOTATED:CDS	3	170	NM_001285886:NM_001040683:NM_001285884:NM_033609	0	0	0	0	0	0.0327511113680254	0.117146889840864	0.0659643899816055	0.0397775875967117	0.086016930138913	0;0;0;0;0;1;4;2;1;3	0	0	2.05328361829075		
chr16	17856752	17859526	-	mmuCirc_003697	Dgcr2	CTO:ANNOTATED:CDS	4	597	NM_001109750:NM_010048	0	0	0	0	0	0	0	0.0329821949908028	0.119332762790135	0.143361550231522	0;0;0;0;0;0;0;1;3;5	0	0	2.41198893328974		
chr16	18076242	18084755	-	mmuCirc_003698	Prodh	CTO:ANNOTATED:CDS	10	1154	NM_011172	0	0	0	0	0	0.0982533341040761	0.0292867224602159	0.0329821949908028	0.0397775875967117	0.0286723100463043	0;0;0;0;0;3;1;1;1;1	0	0	1.62664430794672		
chr16	18307970	18316734	-	mmuCirc_003699	Tango2	CTO:ANNOTATED:CDS	4	395	NM_138583	0	0	0	0.0384588263746862	0	0.294760002312228	0.146433612301079	0.296839754917225	0.278443113176982	0.0573446200926087	0;0;0;2;0;9;5;9;7;2	0	0	3.06440016718208	rnoCirc_002569	hsaCirc_009741
chr16	18307970	18324450	-	mmuCirc_003700	Tango2	CTO:ANNOTATED:CDS:5UTR	5	489	NM_138583	0	0	0	0	0	0	0	0	0.119332762790135	0	0;0;0;0;0;0;0;0;3;0	0	0	2.80046262890159		
chr16	18440793	18456198	+	mmuCirc_003701	Txnrd2	CTO:ANNOTATED:CDS	6	500	NM_013711	0	0	0	0	0.0364535526967181	0	0.0292867224602159	0	0.159110350386847	0	0;0;0;0;2;0;1;0;4;0	0	0	0.988970491985725		
chr16	18492643	18493180	-	mmuCirc_003702		NTO	1	538		0	0	0	0.0192294131873431	0	0.131004445472102	0.0292867224602159	0.0989465849724082	0.0795551751934235	0.0286723100463043	0;0;0;1;0;4;1;3;2;1	0	0	1.88332438328778		
chr16	18894774	18899457	+	mmuCirc_003703	Hira	CTO:ANNOTATED:CDS	4	360	NM_010435	0.0179914506425692	0	0.0185119210755352	0	0	0.229257779576178	0.0878601673806477	0.296839754917225	0.6762189891441	0.0573446200926087	1;0;1;0;0;7;3;9;17;2	0	0	3.05162573499364		
chr16	18946346	18947518	+	mmuCirc_003704	Hira	CTO:ANNOTATED:CDS	2	307	NM_010435	0	0.0341334195498	0.0185119210755352	0	0.018226776348359	0	0	0.0989465849724082	0.0795551751934235	0.0573446200926087	0;2;1;0;1;0;0;3;2;2	0	0	0.880657761759754		
chr16	19099252	19106814	+	mmuCirc_003705		NTO	1	7563		0	0	0	0	0	0.0327511113680254	0	0	0.119332762790135	0	0;0;0;0;0;1;0;0;3;0	0	0	2.09983205897444		
chr16	20101992	20107643	+	mmuCirc_003706	Klhl24	CTO:ANNOTATED:CDS:5UTR	2	1044	NM_029436	0.0539743519277075	0	0	0	0.0364535526967181	0.131004445472102	0.0292867224602159	0.164910974954014	0.198887937983559	0.086016930138913	3;0;0;0;2;4;1;5;5;3	0	0	1.98014618050025	rnoCirc_002565	hsaCirc_011034
chr16	20106663	20107643	+	mmuCirc_003707	Klhl24	CTO:ANNOTATED:CDS:5UTR	1	981	NM_029436	0.0359829012851383	0	0.0185119210755352	0.0192294131873431	0.0364535526967181	0.0982533341040761	0.117146889840864	0.230875364935619	0.0795551751934235	0.0573446200926087	2;0;1;1;2;3;4;7;2;2	0	0	1.67157272873931	rnoCirc_002564	hsaCirc_011039
chr16	20106663	20120298	+	mmuCirc_003708	Klhl24	CTO:ANNOTATED:CDS:5UTR	5	1663	NM_029436	0	0.0170667097749	0.0370238421510704	0.0192294131873431	0.018226776348359	0.0327511113680254	0	0.296839754917225	0.159110350386847	0.0573446200926087	0;1;2;1;1;1;0;9;4;2	0	0	1.23815041860164	rnoCirc_002559	hsaCirc_011044
chr16	20150442	20159252	+	mmuCirc_003709	Yeats2	CTO:ANNOTATED:CDS:5UTR	5	672	NM_001145931:NM_001033237:NM_001145930	0	0	0	0	0	0.0655022227360508	0	0.164910974954014	0.0397775875967117	0.0286723100463043	0;0;0;0;0;2;0;5;1;1	0	0	2.04185669991688		hsaCirc_011049
chr16	20150442	20162137	+	mmuCirc_003710	Yeats2	CTO:ANNOTATED:CDS:5UTR	6	834	NM_001145931:NM_001033237:NM_001145930	0	0	0	0	0	0	0	0	0.0795551751934235	0.086016930138913	0;0;0;0;0;0;0;0;2;3	0	0	2.36085953990886	rnoCirc_002557	hsaCirc_011050
chr16	20152909	20159252	+	mmuCirc_003711	Yeats2	CTO:ANNOTATED:CDS:5UTR	4	553	NM_001145931:NM_001033237:NM_001145930	0	0	0	0	0	0.0982533341040761	0	0	0.0397775875967117	0.0573446200926087	0;0;0;0;0;3;0;0;1;2	0	0	2.03157152542891		
chr16	20159137	20162137	+	mmuCirc_003712	Yeats2	CTO:ANNOTATED:CDS	2	278	NM_001145931:NM_001033237:NM_001145930	0	0	0	0	0	0.0655022227360508	0	0	0.198887937983559	0	0;0;0;0;0;2;0;0;5;0	0	0	2.7740412378594	rnoCirc_002556	
chr16	20219618	20221753	+	mmuCirc_003713	Yeats2	CTO:ANNOTATED:CDS	2	154	NM_001033237:NM_001145930	0.0719658025702766	0	0	0	0	0	0.0585734449204318	0	0.119332762790135	0.086016930138913	4;0;0;0;0;0;2;0;3;3	0	0	1.2449074284286		
chr16	20282723	20287069	-	mmuCirc_003714	Parl	CTO:ANNOTATED:CDS	4	421	NM_001005767	0	0	0	0	0	0.0982533341040761	0.0292867224602159	0.0329821949908028	0.0795551751934235	0	0;0;0;0;0;3;1;1;2;0	0	0	1.89650298221866		
chr16	20338876	20357558	-	mmuCirc_003715	Abcc5	CTO:ANNOTATED:CDS	3	429	NM_013790	0.0179914506425692	0.0170667097749	0.0370238421510704	0	0	0.229257779576178	0.117146889840864	0.131928779963211	0.318220700773694	0.258050790416739	1;1;2;0;0;7;4;4;8;9	0	0	2.77846907840142		
chr16	20344635	20357558	-	mmuCirc_003716	Abcc5	CTO:ANNOTATED:CDS	2	350	NM_013790	0	0.0170667097749	0	0	0	0.0327511113680254	0.0585734449204318	0.0329821949908028	0.119332762790135	0.0573446200926087	0;1;0;0;0;1;2;1;3;2	0	0	1.7280780862147		
chr16	20422305	20422485	-	mmuCirc_003717	Abcc5	CTO:ANNOTATED:CDS:5UTR	1	181	NM_013790:NM_176839	0	0.0170667097749	0.0185119210755352	0	0.0729071053934362	0.163755556840127	0.0585734449204318	0.197893169944816	0.636441401547388	0.172033860277826	0;1;1;0;4;5;2;6;16;6	0	0	2.57359438166513		
chr16	20607764	20609086	-	mmuCirc_003718	Alg3	CTO:ANNOTATED:CDS	4	530	NM_145939	0	0	0	0	0	0	0.0292867224602159	0.0329821949908028	0.159110350386847	0.114689240185217	0;0;0;0;0;0;1;1;4;4	0	0	2.15526154086911		
chr16	20656543	20657609	+	mmuCirc_003719	Psmd2	CTO:ANNOTATED:CDS	3	382	NM_134101:NR_027485	0	0	0	0	0	0.327511113680254	0.146433612301079	0.428768534880436	0.477331051160541	0.315395410509348	0;0;0;0;0;10;5;13;12;11	0	0	4.07353747968927	rnoCirc_002550	
chr16	21434687	21435821	+	mmuCirc_003720	Vps8	CTO:ANNOTATED:CDS:5UTR	2	446	NM_001285893:NM_001285894	0.0179914506425692	0	0	0	0	0.0655022227360508	0.146433612301079	0.0329821949908028	0.119332762790135	0.0573446200926087	1;0;0;0;0;2;5;1;3;2	0	0	2.0768866463705		
chr16	21470117	21478483	+	mmuCirc_003721	Vps8	CTO:ANNOTATED:CDS	6	510	NM_001285893:NM_001285894	0	0.0170667097749	0	0	0	0.0655022227360508	0	0.0659643899816055	0.23866552558027	0.114689240185217	0;1;0;0;0;2;0;2;6;4	0	0	1.95083112110418		
chr16	21532283	21554222	+	mmuCirc_003722	Vps8	CTO:ANNOTATED:CDS	5	469	NM_001285893:NM_001285894	0.0179914506425692	0	0	0	0	0	0.117146889840864	0.0659643899816055	0.0795551751934235	0.0573446200926087	1;0;0;0;0;0;4;2;2;2	0	0	1.64450232369042		
chr16	23110234	23110343	+	mmuCirc_003723	Eif4a2	CTO:ANNOTATED:CDS	1	110	NM_001123037:NM_001123038:NM_013506:NR_110335	0.0359829012851383	0.0170667097749	0	0	0	0.163755556840127	0.0292867224602159	0	0.0397775875967117	0	2;1;0;0;0;5;1;0;1;0	0	0	1.23513645980693		
chr16	23110580	23111263	+	mmuCirc_003724	Eif4a2	CTO:ANNOTATED:CDS	2	282	NM_001123037:NM_001123038:NM_013506:NR_110335	0	0	0.0185119210755352	0	0	0	0	0.164910974954014	0.23866552558027	0.086016930138913	0;0;1;0;0;0;0;5;6;3	0	0	2.78756416929558	rnoCirc_002540	
chr16	23317564	23328439	+	mmuCirc_003725	St6gal1	CTO:ANNOTATED:CDS:5UTR	3	879	NM_145933:NM_001252505:NM_001252506	0	0	0	0	0	0	0	0.0329821949908028	0.119332762790135	0	0;0;0;0;0;0;0;1;3;0	0	0	2.10298512151359		hsaCirc_011097
chr16	24442416	24456942	+	mmuCirc_003726	Lpp	CTO:ALT_ACCEPTOR:5UTR	2	585	NM_178665	0	0	0	0.0384588263746862	0	0.131004445472102	0.0292867224602159	0.164910974954014	0.0795551751934235	0.0573446200926087	0;0;0;2;0;4;1;5;2;2	0	0	2.02917070110229		
chr16	24442781	24456942	+	mmuCirc_003727	Lpp	CTO:ANNOTATED:5UTR	2	220	NM_178665	0.0539743519277075	0.0170667097749	0	0	0.0729071053934362	0.262008890944203	0.410014114443022	0.527715119852844	0.994439689917794	0.45875696074087	3;1;0;0;4;8;14;16;25;16	0	0	3.65443146995148	rnoCirc_002521	
chr16	24608116	24608317	+	mmuCirc_003728	Lpp	CTO:ANNOTATED:CDS:5UTR	1	202	NM_178665:NM_001145952	0.0179914506425692	0	0	0	0.0364535526967181	0.229257779576178	0.0585734449204318	0.197893169944816	0.318220700773694	0.143361550231522	1;0;0;0;2;7;2;6;8;5	0	0	2.74926159031152	rnoCirc_002525	
chr16	24761593	24762276	+	mmuCirc_003729	Lpp	CTO:ANNOTATED:CDS	1	684	NM_178665:NM_001145952:NM_001145954	0	0.0170667097749	0	0	0.018226776348359	0.163755556840127	0.0585734449204318	0.0989465849724082	0.23866552558027	0	0;1;0;0;1;5;2;3;6;0	0	0	1.9228616025937	rnoCirc_002531	hsaCirc_011101
chr16	24845091	24889959	+	mmuCirc_003730	Lpp	CTO:ANNOTATED:CDS	2	297	NM_178665:NM_001145952:NM_001145954	0	0	0	0	0	0	0.0585734449204318	0	0.159110350386847	0.0286723100463043	0;0;0;0;0;0;2;0;4;1	0	0	2.13997328911843	rnoCirc_002534	
chr16	27435562	27438377	+	mmuCirc_003731	Ccdc50	CTO:ANNOTATED:CDS:5UTR	4	343	NM_001025615:NM_001289436:NM_026202	0	0	0.0370238421510704	0	0	0	0.0585734449204318	0	0.159110350386847	0.086016930138913	0;0;2;0;0;0;2;0;4;3	0	0	1.50786903417877		
chr16	28828364	28828471	-	mmuCirc_003732	Mb21d2	CTO:ALT_DONOR:ALT_ACCEPTOR:CDS	1	108	NM_177718	0	0	0.0555357632266056	0	0	0	0	0	0	0	0;0;3;0;0;0;0;0;0;0	0	0	-1.91715986580903		
chr16	29620381	29649011	+	mmuCirc_003733	Opa1	CTO:ANNOTATED:CDS:3UTR	8	880	NM_001199177:NM_133752	0	0.0170667097749	0	0.0192294131873431	0	0.0982533341040761	0	0	0	0	0;1;0;1;0;3;0;0;0;0	0	0	0.233916380035726		
chr16	29621465	29649011	+	mmuCirc_003734	Opa1	CTO:ANNOTATED:CDS:3UTR	6	618	NM_001199177:NM_133752	0	0	0	0	0	0.0327511113680254	0.117146889840864	0.0659643899816055	0	0	0;0;0;0;0;1;4;2;0;0	0	0	2.09353021635272		
chr16	30543402	30547469	-	mmuCirc_003735	Tmem44	CTO:ANNOTATED:CDS	4	472	NM_172614	0	0.0170667097749	0.0185119210755352	0	0.018226776348359	0.327511113680254	0.117146889840864	0.0989465849724082	0.357998288370406	0.086016930138913	0;1;1;0;1;10;4;3;9;3	0	0	2.66907940563874		
chr16	31116002	31141797	-	mmuCirc_003736	Mir1195:Acap2	CTO:ncRNA	9	831	NR_035427:NM_030138	0	0.0341334195498	0.0185119210755352	0.0192294131873431	0.018226776348359	0.0327511113680254	0.0292867224602159	0.0989465849724082	0.159110350386847	0	0;2;1;1;1;1;1;3;4;0	0	0	0.829415074614571		
chr16	31127321	31141797	-	mmuCirc_003737	Mir1195:Acap2	CTO:ncRNA	6	572	NR_035427:NM_030138	0.0179914506425692	0.0170667097749	0.0740476843021408	0.0961470659367156	0.0546803290450771	0.458515559152355	0.410014114443022	0.527715119852844	0.835329339530947	0.516101580833478	1;1;4;5;3;14;14;16;21;18	0	1	3.09144041569544	rnoCirc_002507	
chr16	31743106	31788132	+	mmuCirc_003738	Dlg1	CTO:ANNOTATED:CDS:5UTR	4	369	NM_001252435:NM_001252433:NM_001252434:NM_007862:NR_045516	0	0	0	0	0	0.0327511113680254	0	0.0989465849724082	0	0	0;0;0;0;0;1;0;3;0;0	0	0	1.98572171782742		
chr16	31788082	31796965	+	mmuCirc_003739	Dlg1	CTO:ANNOTATED:CDS	5	583	NM_001252435:NM_001252433:NM_001252434:NM_007862:NR_045516:NM_001252436	0	0	0	0	0	0.0327511113680254	0	0.0659643899816055	0.0397775875967117	0.114689240185217	0;0;0;0;0;1;0;2;1;4	0	0	1.95852700590134		
chr16	31788082	31797010	+	mmuCirc_003740	Dlg1	CTO:ANNOTATED:CDS	5	628	NM_001252435:NM_001252433:NM_001252434:NM_007862:NR_045516:NM_001252436	0.0539743519277075	0.0170667097749	0	0	0.018226776348359	0.163755556840127	0.175720334761295	0.296839754917225	0.437553463563829	0.086016930138913	3;1;0;0;1;5;6;9;11;3	0	0	2.73729552346368		