chr11	118274968	118279926	-	mmuCirc_001798	Usp36	CTO:ANNOTATED:CDS	6	548	NM_001033528	0.0359829012851383	0	0	0	0	0.0982533341040761	0.0585734449204318	0.0989465849724082	0.0795551751934235	0.0286723100463043	2;0;0;0;0;3;2;3;2;1	0	0	1.84474080448287		
chr11	118310576	118320209	-	mmuCirc_001799	Timp2	CTO:ANNOTATED:CDS	3	335	NM_011594	0	0	0	0	0	0	0	0.0329821949908028	0.119332762790135	0.0286723100463043	0;0;0;0;0;0;0;1;3;1	0	0	1.82969049710276		
chr11	119151028	119154075	-	mmuCirc_001800	Tbc1d16	CTO:ANNOTATED:CDS	2	367	NM_172443	0.0179914506425692	0	0	0.0384588263746862	0.127587434438513	0.294760002312228	0.263580502141943	0.263857559926422	0.23866552558027	0.0286723100463043	1;0;0;2;7;9;9;8;6;1	0	0	2.24969709797257		
chr11	119368664	119369265	+	mmuCirc_001801	Slc26a11	CTO:ANNOTATED:CDS	2	249	NM_178743	0	0.0170667097749	0	0	0	0	0.146433612301079	0.0329821949908028	0.0397775875967117	0	0;1;0;0;0;0;5;1;1;0	0	0	1.71728771646609		
chr11	119430166	119433628	+	mmuCirc_001802		NTO	1	3463		0.0359829012851383	0	0	0	0	0	0	0.0989465849724082	0	0	2;0;0;0;0;0;0;3;0;0	0	0	0.543627845414469		hsaCirc_006916
chr11	119431588	119435103	+	mmuCirc_001803		NTO	1	3516		0	0	0	0.0384588263746862	0	0	0.0585734449204318	0	0.0795551751934235	0.086016930138913	0;0;0;2;0;0;2;0;2;3	0	0	1.71611334280219		
chr11	119431588	119443791	+	mmuCirc_001804		NTO	1	12204		0	0	0	0	0	0	0	0	0	0.086016930138913	0;0;0;0;0;0;0;0;0;3	0	0	2.40622276606355		
chr11	119671278	119671757	+	mmuCirc_001805	Rptor	CTO:ALT_DONOR:CDS	1	480	NM_028898	0	0	0	0.0384588263746862	0	0.0982533341040761	0	0.131928779963211	0.159110350386847	0.114689240185217	0;0;0;2;0;3;0;4;4;4	0	0	2.46401271857077		
chr11	119743867	119756414	+	mmuCirc_001806	Rptor	CTO:ANNOTATED:CDS	2	323	NM_028898	0	0	0	0.0192294131873431	0	0.0327511113680254	0.0585734449204318	0.0989465849724082	0.159110350386847	0.114689240185217	0;0;0;1;0;1;2;3;4;4	0	0	2.17757779970384		
chr11	119902986	119903669	+	mmuCirc_001807		NTO	1	684		0	0	0.0555357632266056	0.0192294131873431	0	0	0	0	0	0	0;0;3;1;0;0;0;0;0;0	0	0	-1.4445478104254		
chr11	120128423	120129312	-	mmuCirc_001808	Slc38a10	CTO:ANNOTATED:CDS	2	219	NM_001164798:NM_001164799:NM_001164800:NM_024249:NM_001164802:NM_001164801	0	0	0	0	0	0.0327511113680254	0.0292867224602159	0	0.0397775875967117	0.086016930138913	0;0;0;0;0;1;1;0;1;3	0	0	1.67155699430488	rnoCirc_002212	
chr11	120128423	120134882	-	mmuCirc_001809	Slc38a10	CTO:ANNOTATED:CDS	4	505	NM_001164798:NM_001164799:NM_001164800:NM_024249:NM_001164802:NM_001164801	0	0.0170667097749	0	0.0192294131873431	0.0364535526967181	0	0.0585734449204318	0.164910974954014	0.23866552558027	0	0;1;0;1;2;0;2;5;6;0	0	0	1.37917311420526	rnoCirc_002214	hsaCirc_006920
chr11	120132677	120134882	-	mmuCirc_001810	Slc38a10	CTO:ANNOTATED:CDS	2	286	NM_001164798:NM_001164799:NM_001164800:NM_024249:NM_001164802:NM_001164801	0	0	0	0	0	0.0982533341040761	0.0878601673806477	0.131928779963211	0.159110350386847	0	0;0;0;0;0;3;3;4;4;0	0	0	2.77074982846548		
chr11	120404206	120428636	-	mmuCirc_001811	Nploc4	CTO:ANNOTATED:CDS	10	1185	NM_001195023:NM_199469	0.0179914506425692	0	0	0	0.018226776348359	0.0655022227360508	0.0585734449204318	0.131928779963211	0.23866552558027	0	1;0;0;0;1;2;2;4;6;0	0	0	1.76561691191655		
chr11	120409612	120416380	-	mmuCirc_001812	Nploc4	CTO:ANNOTATED:CDS	4	463	NM_001195023:NM_199469	0	0.0512001293247	0.0370238421510704	0.0384588263746862	0.018226776348359	0.196506668208152	0.117146889840864	0.230875364935619	0.318220700773694	0.086016930138913	0;3;2;2;1;6;4;7;8;3	0	0	2.10471095285383		
chr11	120413560	120416380	-	mmuCirc_001813	Nploc4	CTO:ANNOTATED:CDS	2	304	NM_001195023:NM_199469	0	0	0	0	0	0	0.0585734449204318	0.0329821949908028	0	0.114689240185217	0;0;0;0;0;0;2;1;0;4	0	0	2.04370404242982		
chr11	120561148	120561257	+	mmuCirc_001814	P4hb	AS:CTO	1	110	NM_011032	0	0.0170667097749	0	0.0192294131873431	0.0546803290450771	0	0.0292867224602159	0	0	0	0;1;0;1;3;0;1;0;0;0	0	0	-0.820529684498483		
chr11	120578984	120579132	+	mmuCirc_001815	Arhgdia	AS:CTO	1	149	NM_133796	0.0359829012851383	0.0170667097749	0.0555357632266056	0	0.0364535526967181	0	0	0.0659643899816055	0.159110350386847	0.114689240185217	2;1;3;0;2;0;0;2;4;4	0	0	0.445748821349917	rnoCirc_002220	
chr11	120967995	120973969	-	mmuCirc_001816	Csnk1d	CTO:ANNOTATED:CDS	6	1010	NM_027874:NM_139059	0	0.0170667097749	0.0185119210755352	0	0	0.196506668208152	0	0.131928779963211	0.159110350386847	0.172033860277826	0;1;1;0;0;6;0;4;4;6	0	0	2.19045986011108	rnoCirc_002223	
chr11	120967995	120983343	-	mmuCirc_001817	Csnk1d	CTO:ANNOTATED:CDS	7	1121	NM_027874:NM_139059	0	0	0	0	0	0.0982533341040761	0	0	0.0397775875967117	0	0;0;0;0;0;3;0;0;1;0	0	0	2.07170681577516		
chr11	120971567	120983343	-	mmuCirc_001818	Csnk1d	CTO:ANNOTATED:CDS	5	809	NM_027874:NM_139059	0	0	0	0	0	0.0655022227360508	0.0292867224602159	0	0.159110350386847	0	0;0;0;0;0;2;1;0;4;0	0	0	2.18664592521574		
chr11	121285422	121290890	+	mmuCirc_001819	Foxk2	CTO:ANNOTATED:CDS	3	490	NM_001080932	0	0	0	0.0384588263746862	0	0.0327511113680254	0	0.197893169944816	0.198887937983559	0.0286723100463043	0;0;0;2;0;1;0;6;5;1	0	0	2.00813787291667	rnoCirc_002226	hsaCirc_006930
chr11	121285422	121299793	+	mmuCirc_001820	Foxk2	CTO:ANNOTATED:CDS	7	1367	NM_001080932	0	0.0170667097749	0	0.0192294131873431	0	0	0.0292867224602159	0	0	0.086016930138913	0;1;0;1;0;0;1;0;0;3	0	0	0.615120665576366	rnoCirc_002228	
chr11	121298559	121299793	+	mmuCirc_001821	Foxk2	CTO:ANNOTATED:CDS	2	507	NM_001080932	0	0	0	0	0	0	0.0292867224602159	0.0989465849724082	0.0795551751934235	0	0;0;0;0;0;0;1;3;2;0	0	0	2.06297910204612		
chr11	121424926	121426703	+	mmuCirc_001822	Fn3krp	CTO:ANNOTATED:CDS	3	327	NM_181420	0.0359829012851383	0.0341334195498	0	0.0192294131873431	0.0546803290450771	0.294760002312228	0.0878601673806477	0.329821949908027	0.0795551751934235	0.20070617032413	2;2;0;1;3;9;3;10;2;7	0	0	2.1042402109908		
chr11	121439286	121440153	+	mmuCirc_001823	Fn3k	CTO:ANNOTATED:CDS	2	175	NM_001038699:NM_022014	0	0	0	0	0	0.0982533341040761	0	0	0	0	0;0;0;0;0;3;0;0;0;0	0	0	2.56380895521826		
chr11	121459401	121475671	+	mmuCirc_001824	Tbcd	CTO:ANNOTATED:CDS	5	536	NM_029878	0	0	0	0	0	0	0.0878601673806477	0.0329821949908028	0.0397775875967117	0	0;0;0;0;0;0;3;1;1;0	0	0	1.80540085437512	rnoCirc_002231	hsaCirc_006933
chr11	121602988	121605340	+	mmuCirc_001825	Tbcd	CTO:ANNOTATED:CDS	4	498	NM_029878	0	0	0	0	0	0	0.0292867224602159	0.0989465849724082	0	0.0286723100463043	0;0;0;0;0;0;1;3;0;1	0	0	1.71884741355509		
chr11	121639752	121644592	-	mmuCirc_001826	B3gntl1	CTO:ANNOTATED:CDS	2	162	NM_178664	0.0359829012851383	0	0	0.0192294131873431	0	0.131004445472102	0.0878601673806477	0.197893169944816	0.159110350386847	0.0286723100463043	2;0;0;1;0;4;3;6;4;1	0	0	2.15642290028456	rnoCirc_002237	
chr12	3237285	3238112	+	mmuCirc_001827	Rab10os	CTO:ncRNA	3	282	NR_015551	0.0179914506425692	0	0	0.0192294131873431	0	0.131004445472102	0.0585734449204318	0	0.0795551751934235	0.0286723100463043	1;0;0;1;0;4;2;0;2;1	0	0	1.64788698458431		
chr12	3252612	3264749	-	mmuCirc_001828	Rab10	CTO:ANNOTATED:CDS	4	392	NM_016676	0	0	0.0185119210755352	0.0192294131873431	0.0364535526967181	0.0655022227360508	0.146433612301079	0.329821949908027	0.318220700773694	0	0;0;1;1;2;2;5;10;8;0	0	0	1.98939471836546	rnoCirc_010287	
chr12	3256867	3264749	-	mmuCirc_001829	Rab10	CTO:ANNOTATED:CDS	2	200	NM_016676	0	0	0	0.0384588263746862	0.018226776348359	0.0327511113680254	0.0585734449204318	0.0659643899816055	0.159110350386847	0	0;0;0;2;1;1;2;2;4;0	0	0	1.23155097169497	rnoCirc_010288	hsaCirc_007866
chr12	3442474	3457209	+	mmuCirc_001830	Asxl2	CTO:ANNOTATED:CDS	3	343	NM_001270988:NM_172421	0.107948703855415	0	0.0740476843021408	0.134605892311402	0	0.589520004624457	0.468587559363454	0.395786339889633	1.23310521549806	0.286723100463044	6;0;4;7;0;18;16;12;31;10	0	0	3.19294731257495	rnoCirc_010290	
chr12	3442474	3469593	+	mmuCirc_001831	Asxl2	CTO:ANNOTATED:CDS	4	459	NM_001270988:NM_172421	0.0179914506425692	0	0	0.0384588263746862	0	0.0327511113680254	0	0	0	0.086016930138913	1;0;0;2;0;1;0;0;0;3	0	0	0.444109529772794		
chr12	3442474	3474613	+	mmuCirc_001832	Asxl2	CTO:ANNOTATED:CDS	5	583	NM_001270988:NM_172421	0.0539743519277075	0	0.0370238421510704	0.0192294131873431	0.0364535526967181	0.163755556840127	0.234293779681727	0.131928779963211	0.477331051160541	0.143361550231522	3;0;2;1;2;5;8;4;12;5	0	0	2.31840083051732		
chr12	3442474	3476169	+	mmuCirc_001833	Asxl2	CTO:ANNOTATED:CDS	6	727	NM_001270988:NM_172421	0.0179914506425692	0.0170667097749	0.0370238421510704	0.0384588263746862	0	0.0655022227360508	0	0.164910974954014	0	0.0573446200926087	1;1;2;2;0;2;0;5;0;2	0	0	0.476247369101271		
chr12	3442474	3477206	+	mmuCirc_001834	Asxl2	CTO:ALT_DONOR:CDS	6	1764	NM_001270988:NM_172421	0	0	0	0	0	0.0327511113680254	0	0.0989465849724082	0	0	0;0;0;0;0;1;0;3;0;0	0	0	1.98572171782742		
chr12	3442474	3484608	+	mmuCirc_001835	Asxl2	CTO:ANNOTATED:CDS	7	891	NM_001270988:NM_172421	0.0179914506425692	0	0.0185119210755352	0	0	0	0	0.0989465849724082	0.0795551751934235	0.114689240185217	1;0;1;0;0;0;0;3;2;4	0	0	1.44208026720138		
chr12	3469478	3496936	+	mmuCirc_001836	Asxl2	CTO:ANNOTATED:CDS	7	1463	NM_001270988:NM_172421	0	0	0	0	0	0.0982533341040761	0	0	0	0	0;0;0;0;0;3;0;0;0;0	0	0	2.56380895521826		
chr12	3476949	3477206	+	mmuCirc_001837	Asxl2	INTRONIC	1	258	NM_001270988:NM_172421	0	0	0	0	0	0.0327511113680254	0	0	0.159110350386847	0	0;0;0;0;0;1;0;0;4;0	0	0	2.28098914689479		
chr12	3476949	3493839	+	mmuCirc_001838	Asxl2	CTO:ALT_ACCEPTOR:CDS	3	7863	NM_001270988:NM_172421	0	0	0.0370238421510704	0	0	0	0.0585734449204318	0.0989465849724082	0	0	0;0;2;0;0;0;2;3;0;0	0	0	1.5173592562584		
chr12	3496225	3496936	+	mmuCirc_001839	Asxl2	CTO:ANNOTATED:CDS	1	712	NM_001270988:NM_172421	0	0	0	0	0.0364535526967181	0.0655022227360508	0.117146889840864	0	0	0.0286723100463043	0;0;0;0;2;2;4;0;0;1	0	0	1.55321626648816		
chr12	3617606	3632964	+	mmuCirc_001840	Dtnb	CTO:ANNOTATED:CDS	2	241	NM_001162465:NR_027869:NR_027870:NM_007886	0	0	0	0	0	0.0982533341040761	0.0585734449204318	0	0	0.0573446200926087	0;0;0;0;0;3;2;0;0;2	0	0	2.16305057142887		
chr12	3617606	3644022	+	mmuCirc_001841	Dtnb	CTO:ANNOTATED:CDS	3	347	NM_001162465:NR_027869:NR_027870:NM_007886	0	0	0	0.0192294131873431	0	0	0.0292867224602159	0	0.198887937983559	0.086016930138913	0;0;0;1;0;0;1;0;5;3	0	0	2.06253553579629		
chr12	3617606	3648389	+	mmuCirc_001842	Dtnb	CTO:ANNOTATED:CDS	4	514	NM_001162465:NR_027869:NR_027870:NM_007886	0.0539743519277075	0	0.0740476843021408	0.134605892311402	0.127587434438513	0.720524450096558	0.64430789412475	1.1543768246781	1.82976902944874	0.831496991342826	3;0;4;7;7;22;22;35;46;29	0	1	3.62573982110123	rnoCirc_010301	
chr12	3617606	3686862	+	mmuCirc_001843	Dtnb	CTO:ANNOTATED:CDS	5	639	NM_001162465:NR_027869:NR_027870:NM_007886	0	0	0	0	0.0364535526967181	0	0.0585734449204318	0.0989465849724082	0.517108638757253	0.0286723100463043	0;0;0;0;2;0;2;3;13;1	0	0	2.26986566381745	rnoCirc_010302	
chr12	3632810	3648389	+	mmuCirc_001844	Dtnb	CTO:ANNOTATED:CDS	3	428	NM_001162465:NR_027869:NR_027870:NM_007886	0	0	0	0	0	0.0982533341040761	0.0585734449204318	0.197893169944816	0.0397775875967117	0.0286723100463043	0;0;0;0;0;3;2;6;1;1	0	0	2.16922115273084		
chr12	3643917	3648389	+	mmuCirc_001845	Dtnb	CTO:ANNOTATED:CDS	2	273	NM_001162465:NR_027869:NR_027870:NM_007886	0	0	0	0	0	0.131004445472102	0.0292867224602159	0.0329821949908028	0.119332762790135	0.0573446200926087	0;0;0;0;0;4;1;1;3;2	0	0	2.07499787012029	rnoCirc_010304	
chr12	3748425	3751907	+	mmuCirc_001846	Dtnb	CTO:ANNOTATED:CDS	3	297	NM_001162465:NR_027869:NR_027870:NM_007886	0.0179914506425692	0	0	0	0	0	0.0585734449204318	0.197893169944816	0.0397775875967117	0.172033860277826	1;0;0;0;0;0;2;6;1;6	0	0	1.86736191417527	rnoCirc_010306	
chr12	3835027	3873428	+	mmuCirc_001847	Dnmt3a	CTO:ANNOTATED:CDS:5UTR	5	798	NM_007872:NM_001271753	0.0359829012851383	0.0341334195498	0.0555357632266056	0.0769176527493725	0	0.458515559152355	0.146433612301079	0.692626094806858	0.715996576740811	0.258050790416739	2;2;3;4;0;14;5;21;18;9	0	0	2.93518416609788	rnoCirc_010311	hsaCirc_007862
chr12	3865985	3873428	+	mmuCirc_001848	Dnmt3a	CTO:ANNOTATED:CDS	3	459	NM_007872:NM_001271753	0	0.0170667097749	0.0370238421510704	0	0	0.327511113680254	0.146433612301079	0.329821949908027	0.318220700773694	0.0573446200926087	0;1;2;0;0;10;5;10;8;2	0	0	2.98678314697508	rnoCirc_010312	hsaCirc_007861
chr12	3899193	3900361	+	mmuCirc_001849	Dnmt3a	CTO:ANNOTATED:CDS	4	462	NM_007872:NM_001271753:NM_153743	0	0	0.0185119210755352	0	0	0.0327511113680254	0.0585734449204318	0.0659643899816055	0.159110350386847	0	0;0;1;0;0;1;2;2;4;0	0	0	1.92361354429419		
chr12	3899700	3899835	+	mmuCirc_001850	Dnmt3a	INTRONIC	1	136	NM_007872:NM_001271753:NM_153743	0.0359829012851383	0	0	0.0192294131873431	0.018226776348359	0.42576444778433	0.0585734449204318	0.263857559926422	0.318220700773694	0.20070617032413	2;0;0;1;1;13;2;8;8;7	0	0	2.88635785789174		
chr12	4216519	4217322	-	mmuCirc_001851	Cenpo	CTO:ANNOTATED:CDS	2	375	NM_134046	0	0	0.0185119210755352	0	0	0.0982533341040761	0	0.0659643899816055	0	0	0;0;1;0;0;3;0;2;0;0	0	0	1.86112151213677		
chr12	4274694	4278219	-	mmuCirc_001852	Ncoa1	CTO:ANNOTATED:CDS	3	602	NM_010881	0	0	0	0	0	0	0.0292867224602159	0.0989465849724082	0.0397775875967117	0	0;0;0;0;0;0;1;3;1;0	0	0	1.81768188957208		
chr12	4306424	4315865	-	mmuCirc_001853	Ncoa1	CTO:ANNOTATED:CDS	3	417	NM_010881	0	0	0	0	0	0.0655022227360508	0	0	0.159110350386847	0.086016930138913	0;0;0;0;0;2;0;0;4;3	0	0	2.55498716531138		
chr12	4335781	4344502	-	mmuCirc_001854	Ncoa1	CTO:ANNOTATED:CDS:5UTR	3	371	NM_010881	0	0	0	0	0	0	0.0292867224602159	0.0659643899816055	0.198887937983559	0	0;0;0;0;0;0;1;2;5;0	0	0	2.28568625192039		
chr12	4335781	4354509	-	mmuCirc_001855	Ncoa1	CTO:ANNOTATED:CDS:5UTR	4	520	NM_010881	0	0	0	0	0.018226776348359	0.0327511113680254	0	0.0989465849724082	0.0795551751934235	0.0573446200926087	0;0;0;0;1;1;0;3;2;2	0	0	1.82591428771195		hsaCirc_007854
chr12	4630637	4633562	+	mmuCirc_001856	Itsn2	CTO:ANNOTATED:CDS	4	428	NM_001198969:NM_001198968:NM_011365	0	0	0	0.0192294131873431	0	0.0982533341040761	0.0292867224602159	0.230875364935619	0.357998288370406	0.086016930138913	0;0;0;1;0;3;1;7;9;3	0	0	2.63770034274604		
chr12	4649983	4673607	+	mmuCirc_001857	Itsn2	CTO:ANNOTATED:CDS	12	1594	NM_001198968:NM_011365	0	0.0341334195498	0.0185119210755352	0	0	0.0982533341040761	0.146433612301079	0.131928779963211	0.0397775875967117	0.086016930138913	0;2;1;0;0;3;5;4;1;3	0	0	2.03000199661919		
chr12	4658015	4658571	+	mmuCirc_001858	Itsn2	CTO:ANNOTATED:CDS	2	306	NM_001198968:NM_011365	0	0	0	0	0	0.0982533341040761	0	0	0	0	0;0;0;0;0;3;0;0;0;0	0	0	2.56380895521826		
chr12	4658015	4666326	+	mmuCirc_001859	Itsn2	CTO:ANNOTATED:CDS	5	765	NM_001198968:NM_011365	0	0	0	0.134605892311402	0.0364535526967181	0.229257779576178	0.117146889840864	0.197893169944816	0.6762189891441	0.0286723100463043	0;0;0;7;2;7;4;6;17;1	0	0	2.36394968630781		
chr12	4762327	4764147	-	mmuCirc_001860	Fam228b	CTO:ANNOTATED:CDS	3	342	NM_175431	0.143931605140553	0.1194669684243	0.092559605377676	0.0192294131873431	0.0364535526967181	0.491266670520381	0.615021171664534	1.41823438460452	1.11377245270793	0.802824681296522	8;7;5;1;2;15;21;43;28;28	1	0	3.24438024920603		hsaCirc_007831
chr12	4937387	4945022	+	mmuCirc_001861	Atad2b	CTO:ANNOTATED:CDS	6	685	NM_001099628	0.0179914506425692	0	0	0	0	0	0	0	0.0397775875967117	0.114689240185217	1;0;0;0;0;0;0;0;1;4	0	0	1.13516419170487	rnoCirc_010324	
chr12	4937387	4954657	+	mmuCirc_001862	Atad2b	CTO:ANNOTATED:CDS	9	972	NM_001099628	0.0179914506425692	0.0512001293247	0	0	0	0	0.0292867224602159	0.0659643899816055	0.0397775875967117	0.0573446200926087	1;3;0;0;0;0;1;2;1;2	0	0	0.835657832909921		
chr12	4944906	4954657	+	mmuCirc_001863	Atad2b	CTO:ANNOTATED:CDS	4	404	NM_001099628	0.0179914506425692	0.0170667097749	0.0185119210755352	0	0.0364535526967181	0.0982533341040761	0.117146889840864	0.131928779963211	0.119332762790135	0.143361550231522	1;1;1;0;2;3;4;4;3;5	0	0	1.96781461955864		
chr12	4961218	4969442	+	mmuCirc_001864	Atad2b	CTO:ANNOTATED:CDS	3	340	NM_001099628	0	0	0	0	0	0	0.0878601673806477	0	0	0	0;0;0;0;0;0;3;0;0;0	0	0	2.43109027266771		