chr1	43990511	43992394	+	mmuCirc_000123	Tpp2	CTO:ANNOTATED:CDS	3	380	NM_009418	0.125940154497984	0.0341334195498	0.0740476843021408	0.0576882395620293	0.0729071053934362	0.229257779576178	0.175720334761295	0.329821949908027	0.198887937983559	0.20070617032413	7;2;4;3;4;7;6;10;5;7	0	1	1.45286216305062	rnoCirc_012413	
chr1	43990511	43992405	+	mmuCirc_000124	Tpp2	CTO:ALT_DONOR:CDS	3	391	NM_009418	0.0179914506425692	0.0170667097749	0	0	0	0.0982533341040761	0.0878601673806477	0.263857559926422	0.477331051160541	0.0286723100463043	1;1;0;0;0;3;3;8;12;1	0	0	2.58508629609155	rnoCirc_012414	
chr1	44161810	44164084	+	mmuCirc_000125	Ercc5	CTO:ANNOTATED:CDS	2	352	NM_011729	0	0	0	0	0	0.0982533341040761	0.0878601673806477	0.0989465849724082	0	0	0;0;0;0;0;3;3;3;0;0	0	0	2.52238039149784		
chr1	44744474	44781106	+	mmuCirc_000126	Gulp1	CTO:ANNOTATED:CDS	6	658	NM_028450	0	0	0	0	0	0	0.146433612301079	0	0.0397775875967117	0	0;0;0;0;0;0;5;0;1;0	0	0	2.31823979767099		
chr1	44754343	44774145	+	mmuCirc_000127	Gulp1	CTO:ANNOTATED:CDS	4	447	NM_028450	0	0.0341334195498	0	0.0384588263746862	0.018226776348359	0.0327511113680254	0.0292867224602159	0.0329821949908028	0.198887937983559	0.0286723100463043	0;2;0;2;1;1;1;1;5;1	0	0	0.984521202871528		
chr1	44754343	44781106	+	mmuCirc_000128	Gulp1	CTO:ANNOTATED:CDS	5	586	NM_028450	0	0.0170667097749	0	0	0	0.0327511113680254	0.117146889840864	0.0659643899816055	0.119332762790135	0.086016930138913	0;1;0;0;0;1;4;2;3;3	0	0	2.1194303967908		
chr1	44754343	44788542	+	mmuCirc_000129	Gulp1	CTO:ANNOTATED:CDS	6	681	NM_028450	0	0.0170667097749	0	0.0769176527493725	0.0911338817417952	0.327511113680254	0.205007057221511	0.395786339889633	0.636441401547388	0.315395410509348	0;1;0;4;5;10;7;12;16;11	0	1	3.09038620826025		
chr1	44766014	44781106	+	mmuCirc_000130	Gulp1	CTO:ANNOTATED:CDS	4	487	NM_028450	0	0	0	0	0	0.0327511113680254	0	0.0989465849724082	0.119332762790135	0.0573446200926087	0;0;0;0;0;1;0;3;3;2	0	0	2.18080175232322		
chr1	51813003	51834543	-	mmuCirc_000131	Myo1b	CTO:ANNOTATED:CDS	4	311	NM_001161817:NM_001290982:NM_010863	0.0179914506425692	0	0	0	0	0.0327511113680254	0.117146889840864	0.0329821949908028	0.119332762790135	0.0286723100463043	1;0;0;0;0;1;4;1;3;1	0	0	1.7480496361846	rnoCirc_012442	
chr1	51813003	51863434	-	mmuCirc_000132	Myo1b	CTO:ANNOTATED:CDS	5	427	NM_001161817:NM_001290982:NM_010863	0.0179914506425692	0	0	0.0384588263746862	0	0.0982533341040761	0.0585734449204318	0.131928779963211	0.0795551751934235	0.114689240185217	1;0;0;2;0;3;2;4;2;4	0	0	2.0114274795155		
chr1	51820141	51834543	-	mmuCirc_000133	Myo1b	CTO:ANNOTATED:CDS	3	247	NM_001161817:NM_001290982:NM_010863	0.0179914506425692	0	0	0	0	0.0655022227360508	0	0	0.119332762790135	0	1;0;0;0;0;2;0;0;3;0	0	0	1.98537487699026	rnoCirc_012441	
chr1	51824097	51863434	-	mmuCirc_000134	Myo1b	CTO:ANNOTATED:CDS	3	316	NM_001161817:NM_001290982:NM_010863	0	0	0	0	0	0.0327511113680254	0.117146889840864	0	0.0397775875967117	0	0;0;0;0;0;1;4;0;1;0	0	0	1.91881872199872		
chr1	52188679	52207359	-	mmuCirc_000135	Gls	CTO:ANNOTATED:CDS	8	671	NM_001081081:NM_001113383	0.0359829012851383	0	0	0	0	0.0327511113680254	0.0878601673806477	0	0.0795551751934235	0.0286723100463043	2;0;0;0;0;1;3;0;2;1	0	0	1.48597576699291		
chr1	52188679	52215694	-	mmuCirc_000136	Gls	CTO:ANNOTATED:CDS	11	1045	NM_001081081:NM_001113383	0	0	0	0	0	0.0327511113680254	0	0.230875364935619	0	0.086016930138913	0;0;0;0;0;1;0;7;0;3	0	0	2.48477438673421	rnoCirc_012439	
chr1	52196165	52212366	-	mmuCirc_000137	Gls	CTO:ANNOTATED:CDS	6	433	NM_001081081:NM_001113383	0.0179914506425692	0	0.0185119210755352	0	0	0.0327511113680254	0.117146889840864	0	0.23866552558027	0	1;0;1;0;0;1;4;0;6;0	0	0	1.49972187037796		
chr1	52212203	52215694	-	mmuCirc_000138	Gls	CTO:ANNOTATED:CDS	3	374	NM_001081081:NM_001113383	0	0	0.0555357632266056	0	0	0.0655022227360508	0.234293779681727	0.263857559926422	0.6762189891441	0.20070617032413	0;0;3;0;0;2;8;8;17;7	0	0	3.25196918080333	rnoCirc_012437	hsaCirc_008927
chr1	52479238	52490755	-	mmuCirc_000139	Nab1	CTO:ANNOTATED:CDS:5UTR	3	1021	NM_008667	0	0	0	0.0192294131873431	0.0546803290450771	0.262008890944203	0.0585734449204318	0.131928779963211	0.23866552558027	0.20070617032413	0;0;0;1;3;8;2;4;6;7	0	0	2.60028814793914		hsaCirc_008926
chr1	52708164	52709755	-	mmuCirc_000140	Mfsd6	CTO:ANNOTATED:CDS:5UTR	1	1592	NM_133829:NM_178081	0.0539743519277075	0	0.0740476843021408	0.0961470659367156	0.109360658090154	0.262008890944203	0.234293779681727	0.395786339889633	0.357998288370406	0.20070617032413	3;0;4;5;6;8;8;12;9;7	0	1	2.04332018492058	rnoCirc_012433	hsaCirc_008925
chr1	52790024	52799536	-	mmuCirc_000141	Inpp1	CTO:ALT_DONOR:CDS:5UTR	5	883	NM_008384	0	0	0	0	0	0	0.0585734449204318	0.0329821949908028	0.119332762790135	0.0286723100463043	0;0;0;0;0;0;2;1;3;1	0	0	1.86577832641005	rnoCirc_012432	
chr1	52885103	52885621	+	mmuCirc_000142	Hibch	CTO:ALT_DONOR:CDS	1	519	NM_146108	0	0	0	0	0	0	0	0.0989465849724082	0.0397775875967117	0	0;0;0;0;0;0;0;3;1;0	0	0	2.07592331146981		
chr1	53216231	53282092	-	mmuCirc_000143	Pms1	CTO:ANNOTATED:CDS:5UTR	5	719	NM_153556	0.0179914506425692	0	0	0.0384588263746862	0.018226776348359	0	0.0585734449204318	0.0989465849724082	0.357998288370406	0.143361550231522	1;0;0;2;1;0;2;3;9;5	0	0	1.68178178106264		
chr1	53256629	53282092	-	mmuCirc_000144	Pms1	CTO:ANNOTATED:CDS:5UTR	4	602	NM_153556	0.341837562208814	0.0853335488745	0.166607289679817	0.269211784622804	0.164040987135231	2.42358224123388	1.08360873102799	3.16629071911706	3.34131735812379	1.3475985721763	19;5;9;14;9;74;37;96;84;47	1	1	3.33419008458613		hsaCirc_008924
chr1	53267828	53282092	-	mmuCirc_000145	Pms1	CTO:ANNOTATED:CDS:5UTR	3	438	NM_153556	0	0	0	0	0	0	0.0292867224602159	0.0659643899816055	0.159110350386847	0.0286723100463043	0;0;0;0;0;0;1;2;4;1	0	0	1.96270406454851		hsaCirc_008923
chr1	53851573	53868919	-	mmuCirc_000146	Hecw2	CTO:ANNOTATED:CDS	4	429	NM_001001883	0	0	0	0	0.018226776348359	0.0655022227360508	0.0585734449204318	0.164910974954014	0.0397775875967117	0.0573446200926087	0;0;0;0;1;2;2;5;1;2	0	0	1.97501695343143		
chr1	53865041	53891260	-	mmuCirc_000147	Hecw2	CTO:ANNOTATED:CDS	5	529	NM_001001883	0	0	0	0	0	0	0.0292867224602159	0.0659643899816055	0.159110350386847	0.0286723100463043	0;0;0;0;0;0;1;2;4;1	0	0	1.96270406454851		
chr1	53865041	53914632	-	mmuCirc_000148	Hecw2	CTO:ANNOTATED:CDS	9	1095	NM_001001883	0.0539743519277075	0.0170667097749	0	0.0192294131873431	0.0729071053934362	0.196506668208152	0.146433612301079	0.329821949908027	0.556886226353964	0.344067720555652	3;1;0;1;4;6;5;10;14;12	0	0	2.73864786408898		
chr1	53875641	53914632	-	mmuCirc_000149	Hecw2	CTO:ALT_DONOR:CDS	7	10589	NM_001001883	0	0	0	0	0	0.0327511113680254	0	0	0	0.086016930138913	0;0;0;0;0;1;0;0;0;3	0	0	1.90271212755542		
chr1	53885329	53891260	-	mmuCirc_000150	Hecw2	CTO:ANNOTATED:CDS	3	335	NM_001001883	0.0359829012851383	0.0170667097749	0.0185119210755352	0.0192294131873431	0.0546803290450771	0.0655022227360508	0.322153947062375	0.197893169944816	0.6762189891441	0.430084650694565	2;1;1;1;3;2;11;6;17;15	0	0	2.61171979058521		hsaCirc_008935
chr1	53885329	53904434	-	mmuCirc_000151	Hecw2	CTO:ANNOTATED:CDS	4	521	NM_001001883	0	0	0.0370238421510704	0	0	0	0.0292867224602159	0	0.23866552558027	0.0286723100463043	0;0;2;0;0;0;1;0;6;1	0	0	1.19143773196773		
chr1	53885329	53914632	-	mmuCirc_000152	Hecw2	CTO:ANNOTATED:CDS	7	901	NM_001001883	0.0359829012851383	0.0170667097749	0.092559605377676	0.153835305498745	0.0546803290450771	0.655022227360508	0.351440669522591	0.989465849724082	1.39221556588491	0.745480061203913	2;1;5;8;3;20;12;30;35;26	0	1	3.29227512053725		hsaCirc_008936
chr1	53891126	53914632	-	mmuCirc_000153	Hecw2	CTO:ANNOTATED:CDS	5	701	NM_001001883	0	0	0	0	0	0	0	0.0989465849724082	0.0397775875967117	0.086016930138913	0;0;0;0;0;0;0;3;1;3	0	0	2.18602312966772		
chr1	53904249	53914632	-	mmuCirc_000154	Hecw2	CTO:ANNOTATED:CDS	4	566	NM_001001883	0.0539743519277075	0.0170667097749	0.129583447528746	0.173064718686088	0.0729071053934362	1.08078667514484	0.527161004283886	1.1543768246781	1.78999144185203	0.544773890879783	3;1;7;9;4;33;18;35;45;19	0	1	3.31692946726246		hsaCirc_008938
chr1	54040201	54040527	-	mmuCirc_000155	Hecw2	CTO:ANNOTATED:CDS:5UTR	1	327	NM_001001883:NM_172655	0	0	0	0.0384588263746862	0.0546803290450771	0	0.0292867224602159	0.197893169944816	0.198887937983559	0.086016930138913	0;0;0;2;3;0;1;6;5;3	0	0	1.78923557050437		
chr1	54723014	54729874	-	mmuCirc_000156	Ankrd44	CTO:ANNOTATED:CDS	3	334	NM_001081433	0.0359829012851383	0.0512001293247	0.0185119210755352	0.0192294131873431	0	0.196506668208152	0.0292867224602159	0.197893169944816	0.23866552558027	0.0286723100463043	2;3;1;1;0;6;1;6;6;1	0	0	1.58501956744036	rnoCirc_012453	
chr1	54723014	54736312	-	mmuCirc_000157	Ankrd44	CTO:ANNOTATED:CDS	6	550	NM_001081433	0	0	0.0185119210755352	0	0.0364535526967181	0.0982533341040761	0.0585734449204318	0.197893169944816	0.198887937983559	0.0286723100463043	0;0;1;0;2;3;2;6;5;1	0	0	2.05525043460243	rnoCirc_012455	
chr1	54723014	54743428	-	mmuCirc_000158	Ankrd44	CTO:ANNOTATED:CDS	7	665	NM_001081433	0.0179914506425692	0	0	0.0384588263746862	0.018226776348359	0.0982533341040761	0.0878601673806477	0.0659643899816055	0.119332762790135	0.0573446200926087	1;0;0;2;1;3;3;2;3;2	0	0	1.68854455036559	rnoCirc_012456	
chr1	54762261	54766984	-	mmuCirc_000159	Ankrd44	CTO:ANNOTATED:CDS	4	645	NM_001081433	0	0	0	0	0	0.0327511113680254	0	0	0.0397775875967117	0.086016930138913	0;0;0;0;0;1;0;0;1;3	0	0	1.79500964381429	rnoCirc_012460	
chr1	54828612	54877821	-	mmuCirc_000160	Ankrd44	CTO:ALT_ACCEPTOR:CDS	1	49210	NM_001081433	0	0	0.0370238421510704	0	0	0.0982533341040761	0.175720334761295	0.230875364935619	0.23866552558027	0.086016930138913	0;0;2;0;0;3;6;7;6;3	0	0	2.81822060211092		
chr1	55006171	55014562	-	mmuCirc_000161	Sf3b1	CTO:ANNOTATED:CDS	4	702	NM_031179	0	0	0	0	0	0.0327511113680254	0.0585734449204318	0.0989465849724082	0	0.086016930138913	0;0;0;0;0;1;2;3;0;3	0	0	2.08792700401258		
chr1	55071636	55072128	+	mmuCirc_000162	Coq10b	CTO:ALT_DONOR:CDS:3UTR	1	493	NM_001039710:NM_026424	0	0	0	0	0.018226776348359	0	0	0	0.119332762790135	0	0;0;0;0;1;0;0;0;3;0	0	0	0.932939542801978	rnoCirc_012465	
chr1	55204183	55206615	-	mmuCirc_000163	Rftn2	CTO:ANNOTATED:CDS	2	490	NM_028713	0.0179914506425692	0	0.0370238421510704	0.0384588263746862	0	0	0.0585734449204318	0.131928779963211	0.119332762790135	0.0286723100463043	1;0;2;2;0;0;2;4;3;1	0	0	0.999653611706623		
chr1	55713421	55715603	+	mmuCirc_000164	Plcl1	CTO:ANNOTATED:CDS	2	186	NM_001114663	0.0179914506425692	0	0	0.0192294131873431	0	0.0327511113680254	0	0.164910974954014	0.0795551751934235	0.0573446200926087	1;0;0;1;0;1;0;5;2;2	0	0	1.7442867855932	rnoCirc_012466	hsaCirc_008950
chr1	57900634	57902224	+	mmuCirc_000165	Spats2l	CTO:ANNOTATED:CDS	2	343	NM_144882:NM_001164566	0.0179914506425692	0	0	0	0	0.131004445472102	0.0292867224602159	0.0329821949908028	0	0.0286723100463043	1;0;0;0;0;4;1;1;0;1	0	0	1.49516305629879	rnoCirc_012469	hsaCirc_008956
chr1	58059035	58065366	+	mmuCirc_000166	Aox1	CTO:ANNOTATED:CDS	6	797	NM_009676	0	0	0	0	0	0	0	0.164910974954014	0	0	0;0;0;0;0;0;0;5;0;0	0	0	3.20875894992606		
chr1	58417013	58417179	-	mmuCirc_000167	Clk1	CTO:ANNOTATED:CDS	1	167	NM_001042634:NR_027853:NR_027854	0	0.0341334195498	0	0	0	0.163755556840127	0	0.0659643899816055	0.0795551751934235	0.0286723100463043	0;2;0;0;0;5;0;2;2;1	0	0	1.49310663403333		
chr1	58417013	58417383	-	mmuCirc_000168	Clk1	CTO:ANNOTATED:CDS	2	284	NM_001042634:NR_027853:NR_027854	0	0	0.0370238421510704	0.0192294131873431	0	0.262008890944203	0.175720334761295	0.329821949908027	0.437553463563829	0.20070617032413	0;0;2;1;0;8;6;10;11;7	0	0	3.3466723760766	rnoCirc_012474	
chr1	58419667	58421934	-	mmuCirc_000169	Clk1	CTO:ANNOTATED:CDS	2	1803	NM_001042634:NR_027853:NR_027854	0.0179914506425692	0	0.0185119210755352	0	0	0.0327511113680254	0.0585734449204318	0.0329821949908028	0.0397775875967117	0.086016930138913	1;0;1;0;0;1;2;1;1;3	0	0	1.37871969390245	rnoCirc_012475	
chr1	58476434	58483703	-	mmuCirc_000170	Orc2	CTO:ANNOTATED:CDS	4	464	NM_001025378:NM_001271526:NM_008765	0	0	0	0	0.018226776348359	0.131004445472102	0	0	0.119332762790135	0	0;0;0;0;1;4;0;0;3;0	0	0	1.59413273422173		
chr1	58548639	58558057	-	mmuCirc_000171	Fam126b	CTO:ANNOTATED:CDS:5UTR	4	444	NM_172513	0	0	0.0185119210755352	0.0192294131873431	0	0.229257779576178	0.0292867224602159	0.0329821949908028	0.0397775875967117	0.0573446200926087	0;0;1;1;0;7;1;1;1;2	0	0	1.59198761274202		
chr1	58823915	58833774	+	mmuCirc_000172	Casp8	CTO:ANNOTATED:CDS:5UTR	6	836	NM_009812:NM_001080126:NM_001277926	0	0	0.0185119210755352	0	0.018226776348359	0.229257779576178	0.0585734449204318	0.164910974954014	0.159110350386847	0.086016930138913	0;0;1;0;1;7;2;5;4;3	0	0	2.50229566590947	rnoCirc_012484	
chr1	59191889	59199191	-	mmuCirc_000173	Als2	CTO:ANNOTATED:CDS	4	582	NM_001159948:NM_028717:NM_146109	0	0	0.0370238421510704	0.0192294131873431	0.0364535526967181	0.327511113680254	0.117146889840864	0.296839754917225	0.556886226353964	0.20070617032413	0;0;2;1;2;10;4;9;14;7	0	0	3.04320465355905	rnoCirc_012492	hsaCirc_008997
chr1	59813588	59815411	+	mmuCirc_000174	Bmpr2	CTO:ANNOTATED:CDS	2	342	NM_007561	0	0	0.0185119210755352	0	0.018226776348359	0.0982533341040761	0.175720334761295	0.0659643899816055	0.159110350386847	0.086016930138913	0;0;1;0;1;3;6;2;4;3	0	0	2.3294761604299	rnoCirc_012500	hsaCirc_009003
chr1	59949053	59958435	+	mmuCirc_000175	Fam117b	CTO:ANNOTATED:CDS	3	356	NM_001037725	0	0	0.0555357632266056	0	0	0	0.205007057221511	0.395786339889633	0.198887937983559	0.114689240185217	0;0;3;0;0;0;7;12;5;4	0	0	3.03904804650167	rnoCirc_012501	
chr1	60105311	60109449	+	mmuCirc_000176	Carf	CTO:ANNOTATED:CDS:5UTR	3	470	NM_001285463:NM_139150	0.0179914506425692	0	0	0	0	0.163755556840127	0.0292867224602159	0.131928779963211	0.159110350386847	0.0573446200926087	1;0;0;0;0;5;1;4;4;2	0	0	2.32292824991993	rnoCirc_012508	
chr1	60105311	60128073	+	mmuCirc_000177	Carf	CTO:ANNOTATED:CDS:5UTR	7	798	NM_001285463:NM_139150	0.0359829012851383	0.0170667097749	0.0185119210755352	0	0	0.0327511113680254	0	0.0989465849724082	0.23866552558027	0	2;1;1;0;0;1;0;3;6;0	0	0	1.08601097792601		
chr1	60105311	60139343	+	mmuCirc_000178	Carf	CTO:ANNOTATED:CDS:5UTR	10	1253	NM_001285463:NM_139150	0	0	0	0	0	0.196506668208152	0.0585734449204318	0.0329821949908028	0.0397775875967117	0.086016930138913	0;0;0;0;0;6;2;1;1;3	0	0	2.16034328501395		
chr1	60181463	60200991	+	mmuCirc_000179	Nbeal1	CTO:ANNOTATED:CDS:5UTR	5	756	NM_173444	0	0	0	0	0	0	0	0	0	0.086016930138913	0;0;0;0;0;0;0;0;0;3	0	0	2.40622276606355		
chr1	60194504	60195176	+	mmuCirc_000180	Nbeal1	CTO:ANNOTATED:CDS	2	254	NM_173444	0.0179914506425692	0.0512001293247	0	0.0384588263746862	0.018226776348359	0.262008890944203	0.117146889840864	0.164910974954014	0.994439689917794	0.114689240185217	1;3;0;2;1;8;4;5;25;4	0	0	2.59612412156747		
chr1	60194504	60200991	+	mmuCirc_000181	Nbeal1	CTO:ANNOTATED:CDS	4	464	NM_173444	0	0	0	0	0	0	0	0.0329821949908028	0.119332762790135	0	0;0;0;0;0;0;0;1;3;0	0	0	2.10298512151359		
chr1	60194504	60206416	+	mmuCirc_000182	Nbeal1	CTO:ANNOTATED:CDS	5	547	NM_173444	0	0	0.0370238421510704	0.0192294131873431	0.0364535526967181	0.163755556840127	0.0585734449204318	0.329821949908027	0.397775875967117	0.114689240185217	0;0;2;1;2;5;2;10;10;4	0	0	2.49159226026399	rnoCirc_012511	
chr1	60200105	60200991	+	mmuCirc_000183	Nbeal1	CTO:ANNOTATED:CDS	2	210	NM_173444	0	0	0	0	0	0	0	0	0.119332762790135	0	0;0;0;0;0;0;0;0;3;0	0	0	2.80046262890159		hsaCirc_009022
chr1	60222067	60224731	+	mmuCirc_000184	Nbeal1	CTO:ANNOTATED:CDS	2	414	NM_173444	0	0	0	0	0	0.0327511113680254	0	0.0329821949908028	0.198887937983559	0	0;0;0;0;0;1;0;1;5;0	0	0	2.08560988458779	rnoCirc_012513	hsaCirc_009027
chr1	60222067	60230685	+	mmuCirc_000185	Nbeal1	CTO:ANNOTATED:CDS	3	498	NM_173444	0	0	0	0	0	0.0982533341040761	0.0585734449204318	0.131928779963211	0.119332762790135	0.0286723100463043	0;0;0;0;0;3;2;4;3;1	0	0	2.3093475855933	rnoCirc_012514	
chr1	60224625	60230685	+	mmuCirc_000186	Nbeal1	CTO:ANNOTATED:CDS	2	191	NM_173444	0	0	0	0	0	0.0982533341040761	0	0.131928779963211	0	0	0;0;0;0;0;3;0;4;0;0	0	0	2.74456611822596		
chr1	60238572	60244883	+	mmuCirc_000187	Nbeal1	CTO:ANNOTATED:CDS	3	480	NM_173444	0	0.0170667097749	0	0	0	0	0.0878601673806477	0.0329821949908028	0	0	0;1;0;0;0;0;3;1;0;0	0	0	1.473236913362		
chr1	60260233	60260793	+	mmuCirc_000188	Nbeal1	CTO:ANNOTATED:CDS	1	561	NM_173444	0	0	0	0	0	0.0655022227360508	0	0.0659643899816055	0.23866552558027	0.086016930138913	0;0;0;0;0;2;0;2;6;3	0	0	2.57473493320545		
chr1	60281825	60295995	+	mmuCirc_000189	Nbeal1	CTO:ANNOTATED:CDS	7	840	NM_173444	0.0359829012851383	0.0341334195498	0.0185119210755352	0.0384588263746862	0.0546803290450771	0.0982533341040761	0.117146889840864	0.0329821949908028	0.198887937983559	0.229378480370435	2;2;1;2;3;3;4;1;5;8	0	0	1.30487843419569		