chr13	38196454	38196600	-	mmuCirc_002468	Dsp	AS:CTO	1	147	NM_023842	0.0179914506425692	0.0512001293247	0	0.0192294131873431	0.0364535526967181	0	0	0.0329821949908028	0.0397775875967117	0	1;3;0;1;2;0;0;1;1;0	0	0	-0.448288500167088		
chr13	38197914	38198128	+	mmuCirc_002469	Dsp	CTO:ALT_DONOR:ALT_ACCEPTOR:CDS:3UTR	1	215	NM_023842	0	0	0	0	0	0	0	0	0	0.114689240185217	0;0;0;0;0;0;0;0;0;4	0	0	2.75156269883195		
chr13	38220688	38221393	+	mmuCirc_002470	Snrnp48	CTO:ANNOTATED:CDS	2	248	NM_026382	0	0	0	0	0	0.0982533341040761	0	0.0989465849724082	0.0795551751934235	0	0;0;0;0;0;3;0;3;2;0	0	0	2.48384907186		
chr13	38954109	38955936	-	mmuCirc_002471	Slc35b3	CTO:ANNOTATED:CDS:5UTR	2	410	NM_001170430:NM_134060:NM_001170431	0	0.0512001293247	0.0740476843021408	0.0961470659367156	0.0364535526967181	0.163755556840127	0.117146889840864	0.230875364935619	0.994439689917794	0.315395410509348	0;3;4;5;2;5;4;7;25;11	0	0	2.25167554918067		
chr13	41338577	41339020	-	mmuCirc_002472	Nedd9	CTO:ANNOTATED:CDS	1	444	NM_017464:NM_001111324	0	0	0.0185119210755352	0.0769176527493725	0	0.0327511113680254	0.0878601673806477	0.0329821949908028	0.119332762790135	0.0573446200926087	0;0;1;4;0;1;3;1;3;2	0	0	1.35309967891767		
chr13	41883895	41885637	+	mmuCirc_002473	Gm10790	CTO:ncRNA	2	231	NR_033545	0	0	0	0	0	0	0	0.0989465849724082	0	0	0;0;0;0;0;0;0;3;0;0	0	0	2.57224194660756		
chr13	42055400	42055542	+	mmuCirc_002474	Hivep1	CTO:ANNOTATED:CDS:5UTR	1	143	NM_007772	0.0179914506425692	0	0	0	0	0.0982533341040761	0.0585734449204318	0	0	0.0286723100463043	1;0;0;0;0;3;2;0;0;1	0	0	1.63175907259396	rnoCirc_004906	
chr13	42055400	42123213	+	mmuCirc_002475	Hivep1	CTO:ANNOTATED:CDS:5UTR	2	197	NM_007772	0	0	0	0	0	0.0982533341040761	0.0292867224602159	0.0989465849724082	0.0397775875967117	0	0;0;0;0;0;3;1;3;1;0	0	0	2.00421365598363		
chr13	43094749	43096806	+	mmuCirc_002476	Phactr1	CTO:ANNOTATED:CDS	2	405	NM_198419:NM_001005740	0	0	0.0370238421510704	0.0192294131873431	0	0.0655022227360508	0.0292867224602159	0.131928779963211	0.119332762790135	0.086016930138913	0;0;2;1;0;2;1;4;3;3	0	0	1.80913372872785	rnoCirc_004908	hsaCirc_013022
chr13	43406612	43425214	-	mmuCirc_002477	Ranbp9	CTO:ANNOTATED:CDS	8	1129	NM_019930	0	0.0170667097749	0	0	0.0364535526967181	0	0	0.164910974954014	0	0	0;1;0;0;2;0;0;5;0;0	0	0	0.273856838431672		
chr13	43412411	43425214	-	mmuCirc_002478	Ranbp9	CTO:ANNOTATED:CDS	7	1017	NM_019930	0	0	0.0185119210755352	0	0.018226776348359	0.163755556840127	0.117146889840864	0.164910974954014	0.119332762790135	0	0;0;1;0;1;5;4;5;3;0	0	0	2.02133978379362	rnoCirc_004910	hsaCirc_013027
chr13	43419576	43425214	-	mmuCirc_002479	Ranbp9	CTO:ANNOTATED:CDS	4	598	NM_019930	0	0	0	0.0769176527493725	0.018226776348359	0.0982533341040761	0.0585734449204318	0.296839754917225	0.119332762790135	0.258050790416739	0;0;0;4;1;3;2;9;3;9	0	0	2.38198567702208		hsaCirc_013028
chr13	43419576	43434981	-	mmuCirc_002480	Ranbp9	CTO:ANNOTATED:CDS	6	789	NM_019930	0.0179914506425692	0	0.0370238421510704	0	0	0.0655022227360508	0.0292867224602159	0.0659643899816055	0	0.114689240185217	1;0;2;0;0;2;1;2;0;4	0	0	1.45380569516472		
chr13	43434814	43436142	-	mmuCirc_002481	Ranbp9	CTO:ANNOTATED:CDS	2	221	NM_019930	0.0179914506425692	0	0.0185119210755352	0	0	0.229257779576178	0.234293779681727	0.0659643899816055	0.23866552558027	0.0573446200926087	1;0;1;0;0;7;8;2;6;2	0	0	2.63701339829309		
chr13	43434814	43461823	-	mmuCirc_002482	Ranbp9	CTO:ANNOTATED:CDS	3	333	NM_019930	0	0	0.0185119210755352	0	0	0	0.0585734449204318	0.0329821949908028	0.198887937983559	0.086016930138913	0;0;1;0;0;0;2;1;5;3	0	0	2.07314691369319		
chr13	44731713	44823515	+	mmuCirc_002483	Jarid2	CTO:ANNOTATED:CDS:5UTR	2	340	NM_001205044:NM_021878:NM_001205043	0.0179914506425692	0.0170667097749	0	0	0	0.0982533341040761	0.0292867224602159	0	0.0397775875967117	0.0573446200926087	1;1;0;0;0;3;1;0;1;2	0	0	1.39502869048617	rnoCirc_004904	
chr13	44823380	44848421	+	mmuCirc_002484	Jarid2	CTO:ANNOTATED:CDS	2	278	NM_001205044:NM_021878:NM_001205043	0	0	0.0185119210755352	0	0.018226776348359	0.0982533341040761	0.0878601673806477	0.131928779963211	0.0397775875967117	0.0573446200926087	0;0;1;0;1;3;3;4;1;2	0	0	1.91424789931034		hsaCirc_013029
chr13	44874283	44884880	+	mmuCirc_002485	Jarid2	CTO:ANNOTATED:CDS	2	347	NM_001205044:NM_021878:NM_001205043	0	0.0170667097749	0	0	0	0.327511113680254	0.0878601673806477	0.131928779963211	0.159110350386847	0.0573446200926087	0;1;0;0;0;10;3;4;4;2	0	0	2.73987089106009	rnoCirc_004902	hsaCirc_013030
chr13	44930996	44982873	-	mmuCirc_002486	Dtnbp1	CTO:ANNOTATED:CDS	4	445	NM_025772	0	0	0	0	0	0	0.0585734449204318	0	0.0397775875967117	0.086016930138913	0;0;0;0;0;0;2;0;1;3	0	0	1.98662308557584		
chr13	44970046	44993738	-	mmuCirc_002487	Dtnbp1	CTO:ANNOTATED:CDS	5	432	NM_025772	0	0	0	0	0.0546803290450771	0.0327511113680254	0.0585734449204318	0.0989465849724082	0.0397775875967117	0.0286723100463043	0;0;0;0;3;1;2;3;1;1	0	0	1.38149257808778	rnoCirc_004901	
chr13	44970046	44996006	-	mmuCirc_002488	Dtnbp1	CTO:ALT_ACCEPTOR:CDS	5	2700	NM_025772	0	0	0.0185119210755352	0	0	0.163755556840127	0.0585734449204318	0.0989465849724082	0	0.0286723100463043	0;0;1;0;0;5;2;3;0;1	0	0	2.02094897301046		
chr13	45697821	45795637	-	mmuCirc_002489	Atxn1	CTO:ANNOTATED:5UTR	3	318	NM_001199304:NM_001199305:NM_009124	0	0	0	0	0	0.0982533341040761	0	0.164910974954014	0	0.0573446200926087	0;0;0;0;0;3;0;5;0;2	0	0	2.57462294996025		hsaCirc_013033
chr13	45795509	45852456	-	mmuCirc_002490	Atxn1	CTO:ANNOTATED:5UTR	2	258	NM_001199304:NM_001199305:NM_009124	0	0	0	0	0	0.0655022227360508	0.0292867224602159	0.164910974954014	0.119332762790135	0.143361550231522	0;0;0;0;0;2;1;5;3;5	0	0	2.48727582131493		
chr13	45918888	45956575	-	mmuCirc_002491	Atxn1	CTO:ALT_DONOR:5UTR	1	37688	NM_001199304:NM_001199305:NM_009124	0	0	0	0.0192294131873431	0.0364535526967181	0.0327511113680254	0.0585734449204318	0.131928779963211	0.198887937983559	0.0573446200926087	0;0;0;1;2;1;2;4;5;2	0	0	1.84659759006725		
chr13	45956455	45956572	-	mmuCirc_002492	Atxn1	CTO:ALT_ACCEPTOR:5UTR	1	118	NM_001199304:NM_001199305:NM_009124	0.0539743519277075	0	0	0	0	0	0	0	0	0	3;0;0;0;0;0;0;0;0;0	0	0	-1.88702515235494		
chr13	45956455	45956575	-	mmuCirc_002493	Atxn1	CTO:ANNOTATED:5UTR	1	121	NM_001199304:NM_001199305:NM_009124	0	0	0	0.0192294131873431	0	0.163755556840127	0.0878601673806477	0.230875364935619	0.198887937983559	0.086016930138913	0;0;0;1;0;5;3;7;5;3	0	0	2.83322254250636		
chr13	46609596	46615355	+	mmuCirc_002494	Cap2	CTO:ANNOTATED:CDS	3	336	NM_026056	0	0	0	0	0	0	0	0.0989465849724082	0.119332762790135	0.143361550231522	0;0;0;0;0;0;0;3;3;5	0	0	2.8009003774504	rnoCirc_004883	hsaCirc_013038
chr13	46635621	46640122	+	mmuCirc_002495	Cap2	CTO:ANNOTATED:CDS	4	570	NM_026056	0.0359829012851383	0	0	0	0.0364535526967181	0.0982533341040761	0.0585734449204318	0	0.119332762790135	0	2;0;0;0;2;3;2;0;3;0	0	0	1.08906569202785		hsaCirc_013040
chr13	46681145	46683165	-	mmuCirc_002496	Nup153	CTO:ALT_DONOR:ALT_ACCEPTOR:CDS:3UTR	3	436	NM_175749	0	0	0	0	0	0	0	0	0	0.114689240185217	0;0;0;0;0;0;0;0;0;4	0	0	2.75156269883195		
chr13	47086007	47088117	-	mmuCirc_002497	Dek	CTO:ALT_DONOR:ALT_ACCEPTOR:CDS:3UTR	3	235	NM_025900	0	0	0	0	0	0	0.0292867224602159	0.0329821949908028	0	0.086016930138913	0;0;0;0;0;0;1;1;0;3	0	0	1.70430980865526		
chr13	48590287	48606360	-	mmuCirc_002498	Ptpdc1	CTO:ANNOTATED:CDS:5UTR	4	460	NM_207232	0	0.0341334195498	0	0	0	0	0.0292867224602159	0.0989465849724082	0	0	0;2;0;0;0;0;1;3;0;0	0	0	1.21846073398073		
chr13	48832004	48835295	-	mmuCirc_002499	Phf2	CTO:ANNOTATED:CDS	2	201	NM_011078	0.0359829012851383	0	0	0	0.0546803290450771	0.294760002312228	0.0292867224602159	0.164910974954014	0.477331051160541	0.086016930138913	2;0;0;0;3;9;1;5;12;3	0	0	2.42855622902268	rnoCirc_004879	hsaCirc_015771
chr13	48885273	48885878	-	mmuCirc_002500	Fam120a	CTO:ANNOTATED:CDS	2	239	NM_001033268	0.0539743519277075	0.0682668390996	0.0370238421510704	0.0192294131873431	0.0729071053934362	0.393013336416305	0.234293779681727	0.428768534880436	0.91488451472437	0.602118510972391	3;4;2;1;4;12;8;13;23;21	0	0	2.86041750188997		hsaCirc_015770
chr13	48932297	48934078	-	mmuCirc_002501	Fam120a	CTO:ANNOTATED:CDS	2	226	NM_001033268	0.179914506425692	0.1536003879741	0.185119210755352	0.173064718686088	0.164040987135231	1.47380001156114	1.17146889840864	1.48419877458612	3.65953805889748	1.17556471189848	10;9;10;9;9;45;40;45;92;41	1	1	3.10137065804638	rnoCirc_004877	
chr13	48932297	48942169	-	mmuCirc_002502	Fam120a	CTO:ALT_ACCEPTOR:CDS	2	8317	NM_001033268	0	0	0	0	0	0.0327511113680254	0	0.0329821949908028	0.119332762790135	0.0286723100463043	0;0;0;0;0;1;0;1;3;1	0	0	1.72206824508889		
chr13	48932297	48949303	-	mmuCirc_002503	Fam120a	CTO:ANNOTATED:CDS	4	556	NM_001033268	0	0	0	0	0.018226776348359	0.0327511113680254	0.0292867224602159	0.0329821949908028	0.159110350386847	0.086016930138913	0;0;0;0;1;1;1;1;4;3	0	0	1.74806483529154	rnoCirc_004875	hsaCirc_015766
chr13	48945942	48949303	-	mmuCirc_002504	Fam120a	CTO:ANNOTATED:CDS	2	330	NM_001033268	0	0	0.0370238421510704	0	0	0.0982533341040761	0.0878601673806477	0.0329821949908028	0.0795551751934235	0.0286723100463043	0;0;2;0;0;3;3;1;2;1	0	0	1.69748783112483	rnoCirc_004874	hsaCirc_015764
chr13	49095341	49102962	-	mmuCirc_002505	Wnk2	CTO:ANNOTATED:CDS	3	552	NM_001290313:NM_029361:NM_001290311	0	0	0	0	0	0.0327511113680254	0.0292867224602159	0	0.0397775875967117	0.086016930138913	0;0;0;0;0;1;1;0;1;3	0	0	1.67155699430488		
chr13	49100963	49102962	-	mmuCirc_002506	Wnk2	CTO:ANNOTATED:CDS	2	394	NM_001290313:NM_029361:NM_001290311	0	0	0	0	0	0	0	0	0.119332762790135	0	0;0;0;0;0;0;0;0;3;0	0	0	2.80046262890159	rnoCirc_004869	
chr13	49237424	49240671	-	mmuCirc_002507	Susd3	CTO:ANNOTATED:CDS	3	526	NM_028340:NM_025491	0	0.0170667097749	0	0	0	0.0655022227360508	0	0.164910974954014	0.0397775875967117	0.0286723100463043	0;1;0;0;0;2;0;5;1;1	0	0	1.45546054791964		
chr13	49687386	49688643	+	mmuCirc_002508	Iars	CTO:ANNOTATED:CDS:5UTR	3	403	NM_172015	0	0	0	0.0192294131873431	0	0.0655022227360508	0	0	0.198887937983559	0.0286723100463043	0;0;0;1;0;2;0;0;5;1	0	0	1.95308265631937		
chr13	49704271	49705885	+	mmuCirc_002509	Iars	CTO:ANNOTATED:CDS	3	314	NM_172015	0	0.0341334195498	0	0.0576882395620293	0.018226776348359	0.131004445472102	0.0292867224602159	0.230875364935619	0.437553463563829	0.143361550231522	0;2;0;3;1;4;1;7;11;5	0	0	2.21673655181133		
chr13	49704271	49719669	+	mmuCirc_002510	Iars	CTO:ANNOTATED:CDS	11	1239	NM_172015	0	0	0	0	0.0364535526967181	0.0327511113680254	0	0.0989465849724082	0.119332762790135	0.0286723100463043	0;0;0;0;2;1;0;3;3;1	0	0	1.63948573456895		
chr13	51123088	51127973	+	mmuCirc_002511	Spin1	CTO:ANNOTATED:CDS:5UTR	2	250	NM_001283028:NM_001283030:NM_146043:NM_001283029	0.0359829012851383	0	0	0.0192294131873431	0	0.131004445472102	0.0585734449204318	0.0989465849724082	0.119332762790135	0.0286723100463043	2;0;0;1;0;4;2;3;3;1	0	0	1.8178889488726		
chr13	51516109	51516595	-	mmuCirc_002512	Shc3	CTO:ALT_DONOR:CDS	1	487	NM_009167	0	0	0	0	0	0	0	0	0	0.086016930138913	0;0;0;0;0;0;0;0;0;3	0	0	2.40622276606355		
chr13	51678834	51679953	+	mmuCirc_002513	Secisbp2	CTO:ANNOTATED:CDS	2	378	NM_029279	0.0179914506425692	0	0.0185119210755352	0.0576882395620293	0.0364535526967181	0.131004445472102	0.205007057221511	0.461750729871238	0.318220700773694	0.229378480370435	1;0;1;3;2;4;7;14;8;8	0	0	2.67861001075103		
chr13	52610796	52612455	+	mmuCirc_002514	Syk	CTO:ANNOTATED:CDS:5UTR	2	618	NM_001198977:NM_011518	0	0	0	0	0.0364535526967181	0	0.0292867224602159	0.0659643899816055	0.0397775875967117	0.172033860277826	0;0;0;0;2;0;1;2;1;6	0	0	1.68769182942797	rnoCirc_004865	
chr13	52887241	52898736	-	mmuCirc_002515	Auh	CTO:ANNOTATED:CDS	3	237	NM_016709	0	0.0170667097749	0	0.0576882395620293	0	0.131004445472102	0.0878601673806477	0.230875364935619	0.198887937983559	0.143361550231522	0;1;0;3;0;4;3;7;5;5	0	0	2.5261610244108		
chr13	54598748	54599111	-	mmuCirc_002516	Cltb	CTO:ALT_DONOR:ALT_ACCEPTOR:CDS	2	154	NM_028870	0	0.0341334195498	0.0740476843021408	0.0384588263746862	0.0546803290450771	0	0.0292867224602159	0.0659643899816055	0	0.0286723100463043	0;2;4;2;3;0;1;2;0;1	0	0	-0.607505410541979	rnoCirc_004855	
chr13	55034889	55060342	-	mmuCirc_002517	Uimc1	CTO:ANNOTATED:CDS	5	592	NM_011307:NM_001293660:NR_121592	0	0	0	0	0	0.0655022227360508	0.146433612301079	0.0659643899816055	0.0397775875967117	0.114689240185217	0;0;0;0;0;2;5;2;1;4	0	0	2.31754867573926		
chr13	55034889	55069807	-	mmuCirc_002518	Uimc1	CTO:ANNOTATED:CDS	6	678	NM_011307:NM_001293660:NR_121592	0	0	0	0.0576882395620293	0.0546803290450771	0.42576444778433	0.380727391982807	0.230875364935619	0.517108638757253	0.0573446200926087	0;0;0;3;3;13;13;7;13;2	0	1	3.05833524871739	rnoCirc_004850	
chr13	55040545	55060342	-	mmuCirc_002519	Uimc1	CTO:ANNOTATED:CDS	4	414	NM_011307:NM_001293660:NR_121592	0	0	0	0	0	0.0327511113680254	0	0.0989465849724082	0.0795551751934235	0.0286723100463043	0;0;0;0;0;1;0;3;2;1	0	0	1.89251024942253	rnoCirc_004851	
chr13	55040545	55069807	-	mmuCirc_002520	Uimc1	CTO:ANNOTATED:CDS	5	500	NM_011307:NM_001293660:NR_121592	0	0	0	0	0	0.131004445472102	0	0.197893169944816	0.119332762790135	0.086016930138913	0;0;0;0;0;4;0;6;3;3	0	0	2.89218839537932		
chr13	55050741	55060342	-	mmuCirc_002521	Uimc1	CTO:ANNOTATED:CDS	3	335	NM_011307:NM_001293660:NR_121592	0	0	0	0	0	0.0327511113680254	0.146433612301079	0.197893169944816	0.119332762790135	0.0286723100463043	0;0;0;0;0;1;5;6;3;1	0	0	2.39703787094616		
chr13	55050741	55069807	-	mmuCirc_002522	Uimc1	CTO:ANNOTATED:CDS	4	421	NM_011307:NM_001293660:NR_121592	0.107948703855415	0.0512001293247	0.129583447528746	0.0769176527493725	0.018226776348359	0.42576444778433	0.175720334761295	0.494732924862041	0.596663813950676	0.172033860277826	6;3;7;4;1;13;6;15;15;6	1	0	2.00815790615386		hsaCirc_012934
chr13	55050741	55093281	-	mmuCirc_002523	Uimc1	CTO:ANNOTATED:CDS:5UTR	9	1629	NM_011307:NM_001293660:NR_121592	0.0179914506425692	0	0.0555357632266056	0	0.018226776348359	0.0655022227360508	0	0.0659643899816055	0.0397775875967117	0.0286723100463043	1;0;3;0;1;2;0;2;1;1	0	0	0.821247199994865		
chr13	55055975	55069807	-	mmuCirc_002524	Uimc1	CTO:ANNOTATED:CDS	3	267	NM_011307:NM_001293660:NR_121592	0.0179914506425692	0	0	0.0192294131873431	0.0546803290450771	0.294760002312228	0.351440669522591	0.36280414489883	0.795551751934235	0.172033860277826	1;0;0;1;3;9;12;11;20;6	0	0	3.45288584811957	rnoCirc_004849	
chr13	55060266	55069807	-	mmuCirc_002525	Uimc1	CTO:ANNOTATED:CDS	2	163	NM_011307:NM_001293660:NR_121592	0	0	0	0	0	0	0	0	0.198887937983559	0.0573446200926087	0;0;0;0;0;0;0;0;5;2	0	0	2.70171074766345		
chr13	55077403	55093281	-	mmuCirc_002526	Uimc1	CTO:ANNOTATED:CDS:5UTR	3	365	NM_011307:NM_001293660:NR_121592	0	0	0	0.0384588263746862	0.0364535526967181	0.131004445472102	0.0292867224602159	0.0989465849724082	0.0795551751934235	0	0;0;0;2;2;4;1;3;2;0	0	0	1.21219423657896		
chr13	55085610	55093281	-	mmuCirc_002527	Uimc1	CTO:ANNOTATED:CDS:5UTR	2	240	NM_011307:NM_001293660:NR_121592	0	0	0	0	0.018226776348359	0.131004445472102	0	0.0329821949908028	0.23866552558027	0.0286723100463043	0;0;0;0;1;4;0;1;6;1	0	0	2.09089007960154		hsaCirc_012935
chr13	55113036	55122515	+	mmuCirc_002528	Zfp346	CTO:ANNOTATED:CDS	4	528	NM_012017	0	0	0	0.0192294131873431	0.0364535526967181	0	0.0292867224602159	0.0659643899816055	0.119332762790135	0.0573446200926087	0;0;0;1;2;0;1;2;3;2	0	0	1.4219254123013	rnoCirc_004848	hsaCirc_012937
chr13	55213204	55214150	+	mmuCirc_002529	Nsd1	CTO:ANNOTATED:CDS:5UTR	1	947	NM_008739	0	0	0	0	0	0	0	0	0.119332762790135	0	0;0;0;0;0;0;0;0;3;0	0	0	2.80046262890159		
chr13	55233895	55238862	+	mmuCirc_002530	Nsd1	CTO:ANNOTATED:CDS	2	309	NM_008739	0	0	0	0.0384588263746862	0	0.229257779576178	0.175720334761295	0.131928779963211	0.0795551751934235	0.172033860277826	0;0;0;2;0;7;6;4;2;6	0	0	2.77739518370067	rnoCirc_004846	hsaCirc_012939
chr13	55233895	55248077	+	mmuCirc_002531	Nsd1	CTO:ANNOTATED:CDS	3	2869	NM_008739	0	0.1365336781992	0	0.0192294131873431	0	0.131004445472102	0	0.230875364935619	0.517108638757253	0.229378480370435	0;8;0;1;0;4;0;7;13;8	0	0	2.2024976355029	rnoCirc_004845	hsaCirc_012940
chr13	55291131	55298676	+	mmuCirc_002532	Nsd1	CTO:ANNOTATED:CDS	4	656	NM_008739	0	0	0	0	0.018226776348359	0.0982533341040761	0	0.0329821949908028	0.198887937983559	0.0286723100463043	0;0;0;0;1;3;0;1;5;1	0	0	1.94248870622945		
chr13	55295987	55298676	+	mmuCirc_002533	Nsd1	CTO:ANNOTATED:CDS	2	319	NM_008739	0	0	0	0	0	0.0655022227360508	0	0.0659643899816055	0.119332762790135	0	0;0;0;0;0;2;0;2;3;0	0	0	2.33338790447465		
chr13	55638026	55645467	+	mmuCirc_002534	Ddx46	CTO:ANNOTATED:CDS	3	430	NM_001282055	0	0	0	0	0	0	0	0	0.119332762790135	0.0286723100463043	0;0;0;0;0;0;0;0;3;1	0	0	2.04178193859134		