chr2	84610508	84610890	-	mmuCirc_005550	Ctnnd1	CTO:ANNOTATED:CDS	2	279	NM_001085453:NM_001085448:NM_001085449:NM_001085450:NM_007615	0	0	0.0555357632266056	0.0192294131873431	0	0.0982533341040761	0.117146889840864	0.230875364935619	0.159110350386847	0.143361550231522	0;0;3;1;0;3;4;7;4;5	0	0	2.45880712033208		
chr2	84691886	84702454	-	mmuCirc_005551	Zdhhc5	CTO:ANNOTATED:CDS	7	905	NM_144887	0	0	0	0	0	0.131004445472102	0	0	0	0	0;0;0;0;0;4;0;0;0;0	0	0	2.91651911706123		
chr2	84859689	84861499	+	mmuCirc_005552	Slc43a1	CTO:ANNOTATED:CDS	3	340	NM_001081349:NM_024497:NM_001083809	0	0.0170667097749	0	0.0192294131873431	0	0.0327511113680254	0.0292867224602159	0.0989465849724082	0.23866552558027	0.0573446200926087	0;1;0;1;0;1;1;3;6;2	0	0	1.81097989865854		
chr2	84944242	84950540	+	mmuCirc_005553	Slc43a3	CTO:ANNOTATED:CDS	6	747	NM_021398	0.0179914506425692	0	0.0185119210755352	0	0.018226776348359	0.196506668208152	0.146433612301079	0.296839754917225	0.477331051160541	0.172033860277826	1;0;1;0;1;6;5;9;12;6	0	0	3.114551183198		
chr2	84944242	84956386	+	mmuCirc_005554	Slc43a3	CTO:ANNOTATED:CDS	8	1049	NM_021398	0	0	0.0185119210755352	0	0	0.0655022227360508	0.117146889840864	0	0.198887937983559	0	0;0;1;0;0;2;4;0;5;0	0	0	1.84510684649921		
chr2	90789779	90791645	+	mmuCirc_005555	Agbl2	CTO:ANNOTATED:CDS	2	240	NM_178755	0	0	0	0	0	0.0982533341040761	0.0292867224602159	0.0329821949908028	0.0795551751934235	0	0;0;0;0;0;3;1;1;2;0	0	0	1.89650298221866		
chr2	90859476	90861449	+	mmuCirc_005556	Mtch2	CTO:ANNOTATED:CDS	3	210	NM_019758	0	0	0	0	0	0.0982533341040761	0	0	0.119332762790135	0	0;0;0;0;0;3;0;0;3;0	0	0	2.68213579205993		
chr2	91480313	91481980	+	mmuCirc_005557	Lrp4	CTO:ANNOTATED:CDS	3	518	NM_172668	0	0.0170667097749	0	0.0384588263746862	0	0.131004445472102	0.0292867224602159	0.263857559926422	0.477331051160541	0.143361550231522	0;1;0;2;0;4;1;8;12;5	0	0	2.65467993165538		
chr2	91492098	91492325	+	mmuCirc_005558	Lrp4	INTRONIC	1	228	NM_172668	0	0	0	0	0	0	0	0.131928779963211	0	0	0;0;0;0;0;0;0;4;0;0	0	0	2.92532328123365		
chr2	91546322	91550758	+	mmuCirc_005559	Ckap5	CTO:ANNOTATED:CDS:5UTR	3	495	NM_001165989:NM_029437	0	0	0	0	0.018226776348359	0.0982533341040761	0.146433612301079	0	0.0795551751934235	0.086016930138913	0;0;0;0;1;3;5;0;2;3	0	0	2.35195485268707	rnoCirc_008022	
chr2	91548774	91550758	+	mmuCirc_005560	Ckap5	CTO:ANNOTATED:CDS	2	401	NM_001165989:NM_029437	0	0	0	0	0	0.0982533341040761	0.0292867224602159	0.0329821949908028	0	0.086016930138913	0;0;0;0;0;3;1;1;0;3	0	0	1.91918459529601		
chr2	91555267	91560911	+	mmuCirc_005561	Ckap5	CTO:ANNOTATED:CDS	5	625	NM_001165989:NM_029437	0	0	0.0185119210755352	0.0384588263746862	0	0	0.0292867224602159	0.131928779963211	0.159110350386847	0.258050790416739	0;0;1;2;0;0;1;4;4;9	0	0	2.17346242721621		
chr2	91559049	91563113	+	mmuCirc_005562	Ckap5	CTO:ANNOTATED:CDS	4	474	NM_001165989:NM_029437	0	0	0	0	0.018226776348359	0	0	0	0.0795551751934235	0.086016930138913	0;0;0;0;1;0;0;0;2;3	0	0	1.89356776826004		
chr2	91562754	91563113	+	mmuCirc_005563	Ckap5	CTO:ANNOTATED:CDS	2	255	NM_001165989:NM_029437	0.0539743519277075	0	0	0.0384588263746862	0.0364535526967181	0.458515559152355	0.234293779681727	0.461750729871238	0.91488451472437	0.487429270787174	3;0;0;2;2;14;8;14;23;17	0	0	3.62389476924483	rnoCirc_008023	
chr2	91565621	91568250	+	mmuCirc_005564	Ckap5	CTO:ANNOTATED:CDS	2	297	NM_001165989:NM_029437	0	0	0.0185119210755352	0	0	0.131004445472102	0.117146889840864	0.0659643899816055	0.0795551751934235	0.114689240185217	0;0;1;0;0;4;4;2;2;4	0	0	2.38393243986389		
chr2	91565621	91570272	+	mmuCirc_005565	Ckap5	CTO:ANNOTATED:CDS	4	501	NM_001165989:NM_029437	0	0	0	0	0	0.0982533341040761	0	0.0659643899816055	0.0795551751934235	0.0573446200926087	0;0;0;0;0;3;0;2;2;2	0	0	2.23358634327573		
chr2	91568137	91570272	+	mmuCirc_005566	Ckap5	CTO:ANNOTATED:CDS	3	318	NM_001165989:NM_029437	0.0359829012851383	0	0.0185119210755352	0.0961470659367156	0.0546803290450771	0.393013336416305	0.205007057221511	0.527715119852844	0.437553463563829	0.172033860277826	2;0;1;5;3;12;7;16;11;6	0	1	2.70912508176916	rnoCirc_008024	
chr2	91568137	91573067	+	mmuCirc_005567	Ckap5	CTO:ANNOTATED:CDS	5	599	NM_001165989:NM_029437	0	0	0	0	0	0.163755556840127	0.0292867224602159	0.0989465849724082	0.278443113176982	0	0;0;0;0;0;5;1;3;7;0	0	0	2.74313525580391		
chr2	91572348	91573067	+	mmuCirc_005568	Ckap5	CTO:ANNOTATED:CDS	2	281	NM_001165989:NM_029437	0	0	0	0.0192294131873431	0	0.0655022227360508	0.0292867224602159	0	0.119332762790135	0.0286723100463043	0;0;0;1;0;2;1;0;3;1	0	0	1.62719727326146		
chr2	91577564	91579536	+	mmuCirc_005569	Ckap5	CTO:ANNOTATED:CDS	3	429	NM_001165989:NM_029437	0	0.0170667097749	0	0	0	0.0655022227360508	0.117146889840864	0.0659643899816055	0.0795551751934235	0	0;1;0;0;0;2;4;2;2;0	0	0	2.10068083470601		
chr2	91712080	91712865	+	mmuCirc_005570	Harbi1	CTO:ANNOTATED:CDS:5UTR	1	786	NM_178724	0	0	0	0	0	0.0655022227360508	0	0.0989465849724082	0	0.0286723100463043	0;0;0;0;0;2;0;3;0;1	0	0	1.98376837333899		
chr2	91766447	91773747	+	mmuCirc_005571	Ambra1	CTO:ANNOTATED:CDS:5UTR	6	2194	NM_001080754:NM_172669	0.0179914506425692	0	0	0	0	0.163755556840127	0	0.197893169944816	0.357998288370406	0.0573446200926087	1;0;0;0;0;5;0;6;9;2	0	0	2.97779974598994	rnoCirc_008032	hsaCirc_002875
chr2	91805024	91810209	+	mmuCirc_005572	Ambra1	CTO:ANNOTATED:CDS	2	267	NM_001080754:NM_172669	0.0719658025702766	0.0512001293247	0	0.0192294131873431	0.0546803290450771	0.491266670520381	0.292867224602159	0.230875364935619	0.596663813950676	0.286723100463044	4;3;0;1;3;15;10;7;15;10	0	0	2.85440348336068	rnoCirc_008036	hsaCirc_002874
chr2	91805024	91825352	+	mmuCirc_005573	Ambra1	CTO:ANNOTATED:CDS	4	449	NM_001080754:NM_172669	0	0.0170667097749	0.0370238421510704	0	0	0.0655022227360508	0.0878601673806477	0.0659643899816055	0.278443113176982	0	0;1;2;0;0;2;3;2;7;0	0	0	2.03212152659237	rnoCirc_008037	hsaCirc_002872
chr2	91810030	91825352	+	mmuCirc_005574	Ambra1	CTO:ANNOTATED:CDS	3	362	NM_001080754:NM_172669	0	0	0	0.0384588263746862	0.0364535526967181	0.163755556840127	0	0.197893169944816	0.318220700773694	0.086016930138913	0;0;0;2;2;5;0;6;8;3	0	0	2.5217239064484	rnoCirc_008040	hsaCirc_002871
chr2	91824460	91825352	+	mmuCirc_005575	Ambra1	CTO:ANNOTATED:CDS	2	182	NM_001080754:NM_172669	0	0.0170667097749	0	0	0.0364535526967181	0.0982533341040761	0.117146889840864	0.0989465849724082	0.23866552558027	0.0286723100463043	0;1;0;0;2;3;4;3;6;1	0	0	2.10052591966572	rnoCirc_008042	hsaCirc_002870
chr2	92214049	92230724	+	mmuCirc_005576	Phf21a	CTO:ANNOTATED:CDS:5UTR	5	396	NM_138755:NM_001109691	0.0899572532128458	0.0682668390996	0.0740476843021408	0.153835305498745	0.127587434438513	1.37554667745707	0.966461841187124	1.05543023970569	1.90932420464216	0.745480061203913	5;4;4;8;7;42;33;32;48;26	1	1	3.30212213864216	rnoCirc_008047	hsaCirc_002865
chr2	92221472	92230724	+	mmuCirc_005577	Phf21a	CTO:ANNOTATED:CDS:5UTR	3	243	NM_138755:NM_001109691:NM_001109690	0	0	0.0740476843021408	0.0576882395620293	0	0.360262225048279	0.234293779681727	0.692626094806858	0.636441401547388	0.286723100463044	0;0;4;3;0;11;8;21;16;10	0	0	3.57135820112795	rnoCirc_008050	hsaCirc_002864
chr2	92320229	92330808	+	mmuCirc_005578	Phf21a	CTO:ANNOTATED:CDS	4	867	NM_138755:NM_001109691:NM_001109690	0	0	0	0.0384588263746862	0	0.0655022227360508	0	0.0989465849724082	0.0397775875967117	0.0286723100463043	0;0;0;2;0;2;0;3;1;1	0	0	1.49587223265148		hsaCirc_002863
chr2	92356864	92359209	+	mmuCirc_005579	Phf21a	CTO:ANNOTATED:CDS	3	336	NM_138755:NM_001109691:NM_001109690	0.0179914506425692	0.0170667097749	0	0.0192294131873431	0	0.0982533341040761	0.146433612301079	0.263857559926422	0.119332762790135	0	1;1;0;1;0;3;5;8;3;0	0	0	2.36512678700351		
chr2	92358694	92359209	+	mmuCirc_005580	Phf21a	CTO:ANNOTATED:CDS	2	180	NM_138755:NM_001109691:NM_001109690	0	0	0	0.0576882395620293	0.018226776348359	0.0655022227360508	0.117146889840864	0.197893169944816	0.198887937983559	0.143361550231522	0;0;0;3;1;2;4;6;5;5	0	0	2.38179966784819		
chr2	93012627	93013889	-	mmuCirc_005581	Prdm11	CTO:ANNOTATED:CDS:5UTR	3	492	NM_001177536	0	0	0	0	0	0.0327511113680254	0.117146889840864	0.0329821949908028	0.119332762790135	0.0286723100463043	0;0;0;0;0;1;4;1;3;1	0	0	1.93318459619448	rnoCirc_008057	
chr2	93220019	93224578	-	mmuCirc_005582	Tspan18	CTO:ANNOTATED:CDS:5UTR	3	350	NM_183180	0	0	0	0	0	0	0.175720334761295	0	0.23866552558027	0	0;0;0;0;0;0;6;0;6;0	0	0	3.49186881630183	rnoCirc_008058	
chr2	93811897	93813964	-	mmuCirc_005583	Ext2	CTO:ANNOTATED:CDS:5UTR	2	656	NM_010163	0	0	0	0	0	0	0.0878601673806477	0.0659643899816055	0	0	0;0;0;0;0;0;3;2;0;0	0	0	2.26741471603088	rnoCirc_008064	
chr2	94326698	94333052	-	mmuCirc_005584	Ttc17	CTO:ANNOTATED:CDS	3	535	NM_183106	0	0	0	0	0	0	0.0292867224602159	0.0659643899816055	0	0.086016930138913	0;0;0;0;0;0;1;2;0;3	0	0	1.93705365707808		
chr2	101758510	101772408	-	mmuCirc_005585	Prr5l	CTO:ANNOTATED:CDS:5UTR	3	409	NM_001083810:NM_175181:NM_001110849	0	0.0170667097749	0	0	0.018226776348359	0.0327511113680254	0.0878601673806477	0.0329821949908028	0.0795551751934235	0.086016930138913	0;1;0;0;1;1;3;1;2;3	0	0	1.62656217045827		
chr2	102057907	102061156	-	mmuCirc_005586	Ldlrad3	CTO:ALT_ACCEPTOR:CDS	1	3250	NM_001290784:NM_178886	0	0	0	0	0	0.0327511113680254	0.0585734449204318	0	0.198887937983559	0	0;0;0;0;0;1;2;0;5;0	0	0	2.27512128465656		
chr2	103775417	103776157	-	mmuCirc_005587	Caprin1	CTO:ANNOTATED:CDS	4	405	NM_001111289:NM_001111290:NM_016739:NM_001111292:NM_001111291	0	0	0.0185119210755352	0.0192294131873431	0.018226776348359	0	0	0	0	0.114689240185217	0;0;1;1;1;0;0;0;0;4	0	0	-0.0334205632820792		
chr2	104080997	104104249	+	mmuCirc_005588	Cd59b:Cd59a	ITO:ANNOTATED	1	23253	NM_181858:NM_001111060:NM_007652	0.359829012851383	0.0853335488745	0.203631131830887	0.211523545060774	0.236948092528668	0.0982533341040761	0.0878601673806477	0.0329821949908028	0.119332762790135	0.0573446200926087	20;5;11;11;13;3;3;1;3;2	1	1	-1.23830841550324		
chr2	104433168	104435057	-	mmuCirc_005589	Hipk3	CTO:ANNOTATED:CDS	5	844	NM_001145824:NM_010434	0	0	0	0	0.0546803290450771	0.163755556840127	0.117146889840864	0.164910974954014	0.357998288370406	0.114689240185217	0;0;0;0;3;5;4;5;9;4	0	0	2.85545342699913		
chr2	104436997	104441364	-	mmuCirc_005590	Hipk3	CTO:ANNOTATED:CDS	5	673	NM_001145824:NM_010434	0.0539743519277075	0	0	0	0	0.0982533341040761	0.0292867224602159	0.0659643899816055	0	0.0573446200926087	3;0;0;0;0;3;1;2;0;2	0	0	1.50825573819261		hsaCirc_002822
chr2	104437851	104440292	-	mmuCirc_005591	Hipk3	CTO:ANNOTATED:CDS	3	429	NM_001145824:NM_010434	0	0	0	0	0	0	0	0.0989465849724082	0	0	0;0;0;0;0;0;0;3;0;0	0	0	2.57224194660756	rnoCirc_008091	
chr2	104470749	104471847	-	mmuCirc_005592	Hipk3	CTO:ANNOTATED:CDS:5UTR	1	1099	NM_001145824:NM_010434	0.611709321847351	0.341334195498	0.555357632266056	0.423047090121549	0.473896185057335	5.53493782119629	2.37222451927749	7.2231007029858	4.65397774881527	4.07146802657522	34;20;30;22;26;169;81;219;117;142	1	1	3.19338387953684	rnoCirc_008092	hsaCirc_002817
chr2	104608871	104609186	+	mmuCirc_005593	Cstf3	CTO:ANNOTATED:CDS:3UTR	1	316	NM_001037326:NM_177253:NM_145529	0.0899572532128458	0.0170667097749	0.0370238421510704	0.134605892311402	0.145814210786872	0.85152889556866	0.64430789412475	1.1873590196689	1.59110350386847	0.286723100463044	5;1;2;7;8;26;22;36;40;10	0	1	3.16463172810365		
chr2	104646724	104646850	+	mmuCirc_005594	Cstf3	CTO:ANNOTATED:CDS	1	127	NM_145529	0	0	0	0	0.018226776348359	0	0	0	0.198887937983559	0	0;0;0;0;1;0;0;0;5;0	0	0	1.25876850364642		
chr2	104652445	104654304	+	mmuCirc_005595	Cstf3	CTO:ANNOTATED:CDS	3	336	NM_145529	0	0	0	0.0192294131873431	0	0	0.0878601673806477	0.0329821949908028	0.119332762790135	0.0286723100463043	0;0;0;1;0;0;3;1;3;1	0	0	1.73705650223355		
chr2	104655689	104660714	+	mmuCirc_005596	Cstf3	CTO:ANNOTATED:CDS	3	369	NM_145529	0.0179914506425692	0	0.0370238421510704	0	0	0.0327511113680254	0.0878601673806477	0.197893169944816	0.477331051160541	0.114689240185217	1;0;2;0;0;1;3;6;12;4	0	0	2.4452596171861		
chr2	104697510	104699974	-	mmuCirc_005597	Tcp11l1	CTO:ANNOTATED:CDS	3	475	NM_177190	0	0	0	0	0	0.0982533341040761	0	0	0.0795551751934235	0.172033860277826	0;0;0;0;0;3;0;0;2;6	0	0	2.7141980265811		
chr2	104765959	104780260	-	mmuCirc_005598	Qser1	CTO:ANNOTATED:CDS	6	1031	NM_001123327	0	0	0	0	0.018226776348359	0	0.0585734449204318	0.0329821949908028	0.0795551751934235	0.143361550231522	0;0;0;0;1;0;2;1;2;5	0	0	1.94761468893902	rnoCirc_008098	
chr2	104776172	104778253	-	mmuCirc_005599	Qser1	CTO:ANNOTATED:CDS	3	469	NM_001123327	0.0179914506425692	0.0170667097749	0.0185119210755352	0.0192294131873431	0	0.0982533341040761	0.117146889840864	0.230875364935619	0.0397775875967117	0.114689240185217	1;1;1;1;0;3;4;7;1;4	0	0	1.91769710611833		
chr2	104776172	104780260	-	mmuCirc_005600	Qser1	CTO:ANNOTATED:CDS	4	795	NM_001123327	0.0179914506425692	0.0341334195498	0.0555357632266056	0.0769176527493725	0.0546803290450771	0.327511113680254	0.322153947062375	0.395786339889633	0.556886226353964	0.229378480370435	1;2;3;4;3;10;11;12;14;8	0	1	2.52539387964068	rnoCirc_008099	
chr2	104778137	104780260	-	mmuCirc_005601	Qser1	CTO:ANNOTATED:CDS	2	443	NM_001123327	0	0.0170667097749	0	0.0384588263746862	0.0729071053934362	0.163755556840127	0.117146889840864	0.164910974954014	0.91488451472437	0.172033860277826	0;1;0;2;4;5;4;5;23;6	0	0	2.66855922581083		
chr2	105832131	105866080	-	mmuCirc_005602	Elp4	CTO:ANNOTATED:CDS	3	391	NM_023876	0	0	0	0	0	0.0655022227360508	0	0	0.0795551751934235	0.114689240185217	0;0;0;0;0;2;0;0;2;4	0	0	2.38767364590481		
chr2	106699288	106744881	+	mmuCirc_005603	Mpped2	CTO:ANNOTATED:CDS:5UTR	2	430	NM_001143683:NM_029837	0	0	0	0	0	0.0655022227360508	0	0.131928779963211	0.119332762790135	0	0;0;0;0;0;2;0;4;3;0	0	0	2.60724927842119	rnoCirc_008105	
chr2	106699288	106783858	+	mmuCirc_005604	Mpped2	CTO:ANNOTATED:CDS:5UTR	3	656	NM_001143683:NM_029837	0	0	0	0	0	0.0655022227360508	0.0878601673806477	0.0329821949908028	0.0397775875967117	0	0;0;0;0;0;2;3;1;1;0	0	0	1.87804112206342	rnoCirc_008106	
chr2	109131485	109137532	-	mmuCirc_005605	Mettl15	CTO:ANNOTATED:CDS	2	371	NM_029790	0	0.0170667097749	0	0.0192294131873431	0.018226776348359	0.0655022227360508	0.0585734449204318	0.164910974954014	0.517108638757253	0.114689240185217	0;1;0;1;1;2;2;5;13;4	0	0	2.3961648100841		
chr2	110040574	110041402	+	mmuCirc_005606	Ccdc34	CTO:ANNOTATED:CDS	2	301	NM_026613	0	0	0	0	0	0	0	0	0	0.086016930138913	0;0;0;0;0;0;0;0;0;3	0	0	2.40622276606355		
chr2	112354174	112355144	+	mmuCirc_005607	Slc12a6	CTO:ANNOTATED:CDS	2	366	NM_133649:NM_133648	0.0179914506425692	0.0341334195498	0.0185119210755352	0.0384588263746862	0	0.0982533341040761	0.175720334761295	0.131928779963211	0.0795551751934235	0.0573446200926087	1;2;1;2;0;3;6;4;2;2	0	0	1.63834619295126		
chr2	112356460	112358639	+	mmuCirc_005608	Slc12a6	CTO:ANNOTATED:CDS	4	559	NM_133649:NM_133648	0	0	0	0	0.0364535526967181	0.0327511113680254	0.0292867224602159	0.197893169944816	0	0	0;0;0;0;2;1;1;6;0;0	0	0	1.16222130743827		
chr2	112922425	112958250	-	mmuCirc_005609	Ryr3	CTO:ANNOTATED:CDS	7	835	NM_177652	0	0	0	0	0	0	0.0585734449204318	0	0.119332762790135	0.0286723100463043	0;0;0;0;0;0;2;0;3;1	0	0	2.01920189717153	rnoCirc_008129	
chr2	114047512	114049254	-	mmuCirc_005610	Actc1	CTO:ALT_DONOR:ALT_ACCEPTOR:CDS	3	366	NM_009608	0	0	0	0	0	0	0	0.0989465849724082	0	0	0;0;0;0;0;0;0;3;0;0	0	0	2.57224194660756		
chr2	114047542	114048198	+	mmuCirc_005611	Actc1	AS:CTO	1	657	NM_009608	0	0	0.0185119210755352	0	0.0546803290450771	0	0	0	0	0	0;0;1;0;3;0;0;0;0;0	0	0	-1.42301668724989		
chr2	114051903	114052032	-	mmuCirc_005612	Actc1	CTO:ALT_ACCEPTOR:CDS:5UTR	1	130	NM_009608	0	0.0512001293247	0.0370238421510704	0	0.0364535526967181	0	0	0.0329821949908028	0	0.086016930138913	0;3;2;0;2;0;0;1;0;3	0	0	-0.342926368145157		
chr2	114051981	114052813	+	mmuCirc_005613	Actc1	AS:CTO	1	833	NM_009608	0	0	0	0	0	0.0655022227360508	0.0292867224602159	0	0	0.086016930138913	0;0;0;0;0;2;1;0;0;3	0	0	1.93446124565616	rnoCirc_008144	
chr2	114535525	114569550	-	mmuCirc_005614	Dph6	CTO:ANNOTATED:CDS	3	255	NM_025675	0	0	0	0	0	0	0	0.0989465849724082	0	0.0286723100463043	0;0;0;0;0;0;0;3;0;1	0	0	1.92767159744432		hsaCirc_005261
chr2	114567920	114569550	-	mmuCirc_005615	Dph6	CTO:ANNOTATED:CDS	2	193	NM_025675	0	0	0	0.0192294131873431	0	0.0655022227360508	0	0.164910974954014	0	0.0286723100463043	0;0;0;1;0;2;0;5;0;1	0	0	1.40397159207342		
chr2	116000131	116049198	-	mmuCirc_005616	Meis2	CTO:ANNOTATED:CDS	2	261	NM_001159569:NM_001159570:NM_001136072:NM_001159567:NM_001159568:NM_010825	0	0	0	0.0192294131873431	0	0.0327511113680254	0.0292867224602159	0	0.119332762790135	0	0;0;0;1;0;1;1;0;3;0	0	0	1.50964246956124	rnoCirc_008149	