chr17	71436706	71448846	-	mmuCirc_004210	Smchd1	CTO:ANNOTATED:CDS	6	825	NM_028887	0	0	0	0	0.0546803290450771	0	0.0878601673806477	0.0329821949908028	0.0795551751934235	0.086016930138913	0;0;0;0;3;0;3;1;2;3	0	0	1.6643971706125		
chr17	71441876	71444048	-	mmuCirc_004211	Smchd1	CTO:ANNOTATED:CDS	2	258	NM_028887	0	0	0	0.0192294131873431	0	0.0982533341040761	0	0.0659643899816055	0.357998288370406	0.0286723100463043	0;0;0;1;0;3;0;2;9;1	0	0	2.30475535111835		
chr17	71455605	71456500	-	mmuCirc_004212	Smchd1	CTO:ANNOTATED:CDS	2	214	NM_028887	0	0.0170667097749	0	0.0192294131873431	0	0.0327511113680254	0.146433612301079	0.0659643899816055	0.159110350386847	0.0286723100463043	0;1;0;1;0;1;5;2;4;1	0	0	1.82872676107271		
chr17	71455605	71465669	-	mmuCirc_004213	Smchd1	CTO:ANNOTATED:CDS	4	452	NM_028887	0	0	0	0.0192294131873431	0	0.0655022227360508	0.0292867224602159	0.0659643899816055	0.0795551751934235	0.086016930138913	0;0;0;1;0;2;1;2;2;3	0	0	1.85013669101499		hsaCirc_006951
chr17	71625353	71626894	+	mmuCirc_004214	Wdr43	CTO:ANNOTATED:CDS	2	260	NM_175639	0	0	0	0.0192294131873431	0.018226776348359	0	0.0585734449204318	0.0989465849724082	0	0	0;0;0;1;1;0;2;3;0;0	0	0	0.659941115650017		
chr17	71632005	71633726	+	mmuCirc_004215	Wdr43	CTO:ANNOTATED:CDS	2	240	NM_175639	0	0	0	0	0	0	0	0	0.198887937983559	0	0;0;0;0;0;0;0;0;5;0	0	0	3.45212055059048		
chr17	71704688	71707314	+	mmuCirc_004216	Fam179a	CTO:ANNOTATED:CDS	3	496	NM_177087	0	0	0	0	0.018226776348359	0	0	0.0989465849724082	0.0795551751934235	0	0;0;0;0;1;0;0;3;2;0	0	0	1.31771823902137		
chr17	71789868	71806741	+	mmuCirc_004217	Clip4	CTO:ANNOTATED:CDS:5UTR	6	900	NM_001271484:NM_175378:NR_073185:NM_001271483:NM_030179	0.0179914506425692	0.0170667097749	0	0	0.0546803290450771	0.0982533341040761	0	0.197893169944816	0.159110350386847	0.172033860277826	1;1;0;0;3;3;0;6;4;6	0	0	1.74377929918853		
chr17	71789868	71810982	+	mmuCirc_004218	Clip4	CTO:ANNOTATED:CDS:5UTR	7	1036	NM_001271484:NM_175378:NR_073185:NM_001271483:NM_030179	0.0719658025702766	0.0341334195498	0.0185119210755352	0.0576882395620293	0.0729071053934362	0.360262225048279	0.351440669522591	1.05543023970569	1.11377245270793	0.516101580833478	4;2;1;3;4;11;12;32;28;18	0	1	3.20515345379036	rnoCirc_010246	
chr17	71798957	71810982	+	mmuCirc_004219	Clip4	CTO:ANNOTATED:CDS	6	888	NM_001271484:NM_175378:NR_073185:NM_001271483:NM_030179	0.0179914506425692	0	0.0555357632266056	0.0384588263746862	0.0729071053934362	0.196506668208152	0.0585734449204318	0.428768534880436	0.91488451472437	0.229378480370435	1;0;3;2;4;6;2;13;23;8	0	0	2.49584356978976	rnoCirc_010245	
chr17	71800799	71810982	+	mmuCirc_004220	Clip4	CTO:ANNOTATED:CDS	5	748	NM_001271484:NM_175378:NR_073185:NM_001271483:NM_030179	0.125940154497984	0.0341334195498	0	0.0769176527493725	0.0911338817417952	0.42576444778433	0.175720334761295	0.626661704825252	0.795551751934235	0.372740030601957	7;2;0;4;5;13;6;19;20;13	0	1	2.67485343188658		
chr17	71810847	71837758	+	mmuCirc_004221	Clip4	CTO:ANNOTATED:CDS	7	890	NM_001271484:NM_175378:NR_073185:NM_001271483:NM_030179	0	0	0	0	0	0.0982533341040761	0	0.0329821949908028	0	0.0286723100463043	0;0;0;0;0;3;0;1;0;1	0	0	1.75080593920831		
chr17	71827692	71837758	+	mmuCirc_004222	Clip4	CTO:ANNOTATED:CDS	5	613	NM_001271484:NM_175378:NR_073185:NM_001271483:NM_030179	0	0	0	0	0	0.0327511113680254	0	0.0989465849724082	0.0397775875967117	0	0;0;0;0;0;1;0;3;1;0	0	0	1.8503493706623		
chr17	73161823	73169694	+	mmuCirc_004223	Lclat1	CTO:ANNOTATED:CDS:5UTR	2	368	NM_001081071:NM_001177967:NM_001177968	0.0179914506425692	0	0	0	0	0.0327511113680254	0.0878601673806477	0	0.198887937983559	0.114689240185217	1;0;0;0;0;1;3;0;5;4	0	0	2.27707505277201	rnoCirc_010258	hsaCirc_007905
chr17	73161823	73196795	+	mmuCirc_004224	Lclat1	CTO:ANNOTATED:CDS:5UTR	4	632	NM_001081071:NM_001177967:NM_001177968	0	0	0	0	0.018226776348359	0.0655022227360508	0.0878601673806477	0	0.0795551751934235	0.0286723100463043	0;0;0;0;1;2;3;0;2;1	0	0	1.79776655413341	rnoCirc_010260	hsaCirc_007906
chr17	73906010	73907745	-	mmuCirc_004225	Xdh	CTO:ANNOTATED:CDS	4	434	NM_011723	0.0359829012851383	0	0.0370238421510704	0.0384588263746862	0.0546803290450771	0.524017781888406	0.732168061505397	0.692626094806858	0.636441401547388	0.258050790416739	2;0;2;2;3;16;25;21;16;9	0	0	3.50856173200643		
chr17	73906010	73910285	-	mmuCirc_004226	Xdh	CTO:ANNOTATED:CDS	6	651	NM_011723	0	0	0	0	0	0	0.0292867224602159	0.0989465849724082	0.0795551751934235	0	0;0;0;0;0;0;1;3;2;0	0	0	2.06297910204612		
chr17	73909247	73912540	-	mmuCirc_004227	Xdh	CTO:ANNOTATED:CDS	3	341	NM_011723	0.0179914506425692	0	0	0	0.018226776348359	0.163755556840127	0.205007057221511	0.296839754917225	0.318220700773694	0.143361550231522	1;0;0;0;1;5;7;9;8;5	0	0	3.18538541034429		
chr17	74217027	74245087	-	mmuCirc_004228	Memo1	CTO:ANNOTATED:CDS	4	445	NM_133771	0	0.0341334195498	0	0	0.018226776348359	0.131004445472102	0	0.0329821949908028	0.278443113176982	0.0286723100463043	0;2;0;0;1;4;0;1;7;1	0	0	1.42668179388379	rnoCirc_010243	
chr17	74241905	74245087	-	mmuCirc_004229	Memo1	CTO:ANNOTATED:CDS	2	225	NM_133771	0	0	0.0185119210755352	0.0192294131873431	0	0.0655022227360508	0.117146889840864	0	0.397775875967117	0.143361550231522	0;0;1;1;0;2;4;0;10;5	0	0	2.07420498399629	rnoCirc_010241	
chr17	74241905	74255296	-	mmuCirc_004230	Memo1	CTO:ANNOTATED:CDS	3	294	NM_133771	0	0	0.0185119210755352	0	0	0	0.0292867224602159	0.0659643899816055	0.119332762790135	0	0;0;1;0;0;0;1;2;3;0	0	0	1.75336524791117	rnoCirc_010240	
chr17	74241905	74258505	-	mmuCirc_004231	Memo1	CTO:ANNOTATED:CDS	4	376	NM_133771	0	0	0.0740476843021408	0.0576882395620293	0.018226776348359	0.327511113680254	0.205007057221511	0.428768534880436	0.636441401547388	0.229378480370435	0;0;4;3;1;10;7;13;16;8	0	0	3.12999447843325	rnoCirc_010237	
chr17	74351950	74356169	+	mmuCirc_004232	Spast	CTO:ANNOTATED:CDS	2	171	NM_001162870:NM_016962	0	0	0	0	0.018226776348359	0	0	0	0.159110350386847	0	0;0;0;0;1;0;0;0;4;0	0	0	1.11409663072232	rnoCirc_010234	hsaCirc_007910
chr17	74351950	74359349	+	mmuCirc_004233	Spast	CTO:ANNOTATED:CDS	3	267	NM_001162870:NM_016962	0	0	0	0.0192294131873431	0	0.0327511113680254	0.0585734449204318	0.0659643899816055	0.159110350386847	0	0;0;0;1;0;1;2;2;4;0	0	0	1.91695587811844		
chr17	74351953	74356169	+	mmuCirc_004234	Spast	CTO:ANNOTATED:CDS	2	168	NM_001162870:NM_016962	0	0	0	0	0	0.131004445472102	0	0.0989465849724082	0.119332762790135	0.0286723100463043	0;0;0;0;0;4;0;3;3;1	0	0	2.39308123521287	rnoCirc_010233	hsaCirc_007911
chr17	74351953	74359349	+	mmuCirc_004235	Spast	CTO:ANNOTATED:CDS	3	264	NM_001162870:NM_016962	0.0539743519277075	0.0170667097749	0.0370238421510704	0.0576882395620293	0.0729071053934362	0.327511113680254	0.263580502141943	0.197893169944816	0.477331051160541	0.430084650694565	3;1;2;3;4;10;9;6;12;15	0	1	2.41125643317592		
chr17	74371430	74382040	+	mmuCirc_004236	Spast	CTO:ANNOTATED:CDS	8	589	NM_001162870:NM_016962	0	0	0	0	0	0	0	0.0659643899816055	0.119332762790135	0.0573446200926087	0;0;0;0;0;0;0;2;3;2	0	0	2.28516757767736		
chr17	74373663	74382040	+	mmuCirc_004237	Spast	CTO:ANNOTATED:CDS	5	366	NM_001162870:NM_016962	0	0	0	0.0192294131873431	0.0364535526967181	0.131004445472102	0.205007057221511	0.131928779963211	0.278443113176982	0.086016930138913	0;0;0;1;2;4;7;4;7;3	0	0	2.63406948775902	rnoCirc_010231	
chr17	74492346	74494099	+	mmuCirc_004238	Yipf4	CTO:ANNOTATED:CDS	2	332	NM_026417	0	0	0	0	0	0.0655022227360508	0	0.164910974954014	0.119332762790135	0	0;0;0;0;0;2;0;5;3;0	0	0	2.70172783465199		
chr17	74546237	74558094	+	mmuCirc_004239	Birc6	CTO:ANNOTATED:CDS	3	514	NM_007566	0	0	0	0	0	0	0	0.131928779963211	0	0	0;0;0;0;0;0;0;4;0;0	0	0	2.92532328123365		
chr17	74618436	74622251	+	mmuCirc_004240	Birc6	CTO:ANNOTATED:CDS	3	476	NM_007566	0.0179914506425692	0	0	0	0.018226776348359	0.0327511113680254	0.0292867224602159	0.0329821949908028	0.278443113176982	0.143361550231522	1;0;0;0;1;1;1;1;7;5	0	0	1.83500608402319	rnoCirc_010225	hsaCirc_007939
chr17	74622909	74625239	+	mmuCirc_004241	Birc6	CTO:ANNOTATED:CDS	3	474	NM_007566	0.0359829012851383	0	0.0370238421510704	0.0192294131873431	0	0.163755556840127	0.175720334761295	0.263857559926422	0.318220700773694	0.20070617032413	2;0;2;1;0;5;6;8;8;7	0	0	2.77859876809601		
chr17	74646469	74655339	+	mmuCirc_004242	Birc6	CTO:ANNOTATED:CDS	9	2223	NM_007566	0	0	0	0	0.0364535526967181	0	0.0878601673806477	0.0329821949908028	0	0.0286723100463043	0;0;0;0;2;0;3;1;0;1	0	0	1.20754492017088		
chr17	74668759	74670382	+	mmuCirc_004243	Birc6	CTO:ANNOTATED:CDS	2	334	NM_007566	0	0.0170667097749	0	0.0192294131873431	0	0.0327511113680254	0.0292867224602159	0.0989465849724082	0.159110350386847	0.086016930138913	0;1;0;1;0;1;1;3;4;3	0	0	1.79591644742525		
chr17	74668759	74677379	+	mmuCirc_004244	Birc6	CTO:ANNOTATED:CDS	3	548	NM_007566	0	0	0	0	0	0	0.0292867224602159	0.0989465849724082	0	0	0;0;0;0;0;0;1;3;0;0	0	0	1.9367204961921		
chr17	75015128	75066202	+	mmuCirc_004245	Ltbp1	CTO:ALT_ACCEPTOR:CDS	1	51075	NM_019919	0	0	0	0	0	0	0	0.0659643899816055	0.159110350386847	0	0;0;0;0;0;0;0;2;4;0	0	0	2.63325798206817		
chr17	75065911	75066202	+	mmuCirc_004246	Ltbp1	CTO:ANNOTATED:CDS	1	292	NM_019919	0	0	0	0.0192294131873431	0	0.196506668208152	0.0585734449204318	0.0659643899816055	0.23866552558027	0.0286723100463043	0;0;0;1;0;6;2;2;6;1	0	0	2.30366038068357	rnoCirc_010215	hsaCirc_007957
chr17	75137913	75151434	+	mmuCirc_004247	Ltbp1	CTO:ALT_ACCEPTOR:CDS	1	13522	NM_019919	0	0	0	0	0	0.0327511113680254	0.117146889840864	0.0329821949908028	0	0	0;0;0;0;0;1;4;1;0;0	0	0	1.8607863679299		
chr17	75151265	75179204	+	mmuCirc_004248	Ltbp1	CTO:ANNOTATED:CDS:5UTR	2	338	NM_019919	0	0	0	0	0	0	0	0.197893169944816	0	0.0286723100463043	0;0;0;0;0;0;0;6;0;1	0	0	2.36432515888599		hsaCirc_007958
chr17	75179037	75227241	+	mmuCirc_004249	Ltbp1	CTO:ANNOTATED:CDS	3	668	NM_019919:NM_206958	0	0	0	0	0	0.0655022227360508	0	0	0.119332762790135	0.0286723100463043	0;0;0;0;0;2;0;0;3;1	0	0	2.05984193410366		hsaCirc_007960
chr17	75225156	75227241	+	mmuCirc_004250	Ltbp1	CTO:ANNOTATED:CDS	2	500	NM_019919:NM_206958	0.107948703855415	0.0170667097749	0.0740476843021408	0.0769176527493725	0.0546803290450771	1.08078667514484	0.878601673806477	0.59367950983445	1.63088109146518	1.00353085162065	6;1;4;4;3;33;30;18;41;35	0	1	3.65548395522251		
chr17	75225156	75248996	+	mmuCirc_004251	Ltbp1	CTO:ANNOTATED:CDS	3	603	NM_019919:NM_206958	0	0	0	0	0	0	0.0292867224602159	0.0989465849724082	0	0.0573446200926087	0;0;0;0;0;0;1;3;0;2	0	0	1.94158064570687		
chr17	75273867	75296343	+	mmuCirc_004252	Ltbp1	CTO:ANNOTATED:CDS	9	1113	NM_019919:NM_206958	0	0	0	0.0192294131873431	0	0.0982533341040761	0	0.0659643899816055	0	0	0;0;0;1;0;3;0;2;0;0	0	0	1.23187078652351		
chr17	75273867	75315125	+	mmuCirc_004253	Ltbp1	CTO:ANNOTATED:CDS	12	1482	NM_019919:NM_206958	0	0	0	0	0	0	0.0878601673806477	0	0	0	0;0;0;0;0;0;3;0;0;0	0	0	2.43109027266771		
chr17	75282328	75296343	+	mmuCirc_004254	Ltbp1	CTO:ANNOTATED:CDS	6	694	NM_019919:NM_206958	0	0.0170667097749	0	0.0192294131873431	0.018226776348359	0.42576444778433	0.117146889840864	0.164910974954014	0.23866552558027	0.0573446200926087	0;1;0;1;1;13;4;5;6;2	0	0	2.6624584144312		
chr17	75282328	75313098	+	mmuCirc_004255	Ltbp1	CTO:ANNOTATED:CDS	8	940	NM_019919:NM_206958	0	0	0	0	0	0	0	0.0989465849724082	0	0	0;0;0;0;0;0;0;3;0;0	0	0	2.57224194660756		
chr17	75282328	75315125	+	mmuCirc_004256	Ltbp1	CTO:ANNOTATED:CDS	9	1063	NM_019919:NM_206958	0	0	0	0	0	0.0655022227360508	0	0	0.159110350386847	0	0;0;0;0;0;2;0;0;4;0	0	0	2.6293693649353		
chr17	75488817	75491960	+	mmuCirc_004257	Rasgrp3	CTO:ANNOTATED:CDS:5UTR	2	336	NM_001166493:NM_207246	0	0	0	0	0.018226776348359	0.0655022227360508	0.0585734449204318	0	0	0.086016930138913	0;0;0;0;1;2;2;0;0;3	0	0	1.84721432074205		
chr17	78237742	78248415	+	mmuCirc_004258	Crim1	CTO:ALT_DONOR:CDS	1	10674	NM_015800	0	0	0	0	0	0.0327511113680254	0.117146889840864	0.0659643899816055	0.119332762790135	0.0286723100463043	0;0;0;0;0;1;4;2;3;1	0	0	2.07283090524817		
chr17	78237742	78281366	+	mmuCirc_004259	Crim1	CTO:ANNOTATED:CDS	3	538	NM_015800	0	0.0170667097749	0.0370238421510704	0.0192294131873431	0.018226776348359	0.196506668208152	0.117146889840864	0.0659643899816055	0.556886226353964	0.20070617032413	0;1;2;1;1;6;4;2;14;7	0	0	2.46475801585949	rnoCirc_010113	hsaCirc_007988
chr17	78237742	78303108	+	mmuCirc_004260	Crim1	CTO:ANNOTATED:CDS	4	660	NM_015800	0	0	0	0.0192294131873431	0	0.0655022227360508	0	0.0329821949908028	0.278443113176982	0.086016930138913	0;0;0;1;0;2;0;1;7;3	0	0	2.20878515198677	rnoCirc_010114	hsaCirc_007989
chr17	78237742	78315746	+	mmuCirc_004261	Crim1	CTO:ANNOTATED:CDS	6	1041	NM_015800	0.0359829012851383	0	0	0	0	0.0327511113680254	0	0	0.0397775875967117	0.114689240185217	2;0;0;0;0;1;0;0;1;4	0	0	1.41512753614422	rnoCirc_010115	hsaCirc_007990
chr17	78279973	78281366	+	mmuCirc_004262	Crim1	CTO:ANNOTATED:CDS	2	364	NM_015800	0.0719658025702766	0.0512001293247	0.0370238421510704	0.0192294131873431	0.0364535526967181	0.294760002312228	0.205007057221511	0.36280414489883	0.596663813950676	0.20070617032413	4;3;2;1;2;9;7;11;15;7	0	0	2.42470756410955	rnoCirc_010116	hsaCirc_007991
chr17	78279973	78303108	+	mmuCirc_004263	Crim1	CTO:ANNOTATED:CDS	3	486	NM_015800	0.0359829012851383	0	0	0	0	0.131004445472102	0.0585734449204318	0.296839754917225	0.23866552558027	0.143361550231522	2;0;0;0;0;4;2;9;6;5	0	0	2.82285371520122	rnoCirc_010117	
chr17	78279973	78315746	+	mmuCirc_004264	Crim1	CTO:ANNOTATED:CDS	5	867	NM_015800	0	0	0.0185119210755352	0	0	0.0655022227360508	0.0292867224602159	0.197893169944816	0.0795551751934235	0.086016930138913	0;0;1;0;0;2;1;6;2;3	0	0	2.12382480597496	rnoCirc_010118	
chr17	78313124	78315746	+	mmuCirc_004265	Crim1	CTO:ANNOTATED:CDS	2	381	NM_015800	0.0359829012851383	0.0512001293247	0.0185119210755352	0.0384588263746862	0.018226776348359	0.42576444778433	0.146433612301079	0.494732924862041	0.91488451472437	0.258050790416739	2;3;1;2;1;13;5;15;23;9	0	0	2.96413078141523	rnoCirc_010120	
chr17	78313124	78335355	+	mmuCirc_004266	Crim1	CTO:ANNOTATED:CDS	3	510	NM_015800	0	0.0170667097749	0	0	0	0	0	0.0989465849724082	0	0.0286723100463043	0;1;0;0;0;0;0;3;0;1	0	0	0.988406378273113		
chr17	78667122	78677417	-	mmuCirc_004267	Strn	CTO:ANNOTATED:CDS	4	528	NM_011500	0	0	0	0	0.018226776348359	0	0.0292867224602159	0.0659643899816055	0.159110350386847	0.0573446200926087	0;0;0;0;1;0;1;2;4;2	0	0	1.89610810283794		hsaCirc_007995
chr17	78682828	78700953	-	mmuCirc_004268	Strn	CTO:ANNOTATED:CDS	5	561	NM_011500	0	0	0	0	0	0	0	0	0	0.086016930138913	0;0;0;0;0;0;0;0;0;3	0	0	2.40622276606355		
chr17	78692394	78700953	-	mmuCirc_004269	Strn	CTO:ANNOTATED:CDS	2	178	NM_011500	0.0359829012851383	0.0170667097749	0	0.0384588263746862	0.018226776348359	0.262008890944203	0.0878601673806477	0.329821949908027	0.397775875967117	0.143361550231522	2;1;0;2;1;8;3;10;10;5	0	0	2.58696940799472		
chr17	78820621	78831585	-	mmuCirc_004270	Heatr5b	CTO:ANNOTATED:CDS	8	1458	NM_001081179	0	0	0	0	0	0.131004445472102	0	0.230875364935619	0.0397775875967117	0	0;0;0;0;0;4;0;7;1;0	0	0	2.71500756616169		
chr17	78929278	78932341	-	mmuCirc_004271	Cebpz	CTO:ANNOTATED:CDS	3	508	NM_001024806	0	0	0	0.0192294131873431	0	0.0655022227360508	0.0878601673806477	0.0329821949908028	0.159110350386847	0.0573446200926087	0;0;0;1;0;2;3;1;4;2	0	0	2.01494036127171		
chr17	78956522	78957303	-	mmuCirc_004272	Prkd3	CTO:ANNOTATED:CDS	2	261	NM_001171005:NM_001171004:NM_029239	0	0	0	0	0	0.0327511113680254	0	0.0989465849724082	0	0.0286723100463043	0;0;0;0;0;1;0;3;0;1	0	0	1.75151489464531		
chr17	79650302	79659473	+	mmuCirc_004273	Rmdn2	CTO:ANNOTATED:CDS	3	339	NM_201361	0.0179914506425692	0.0341334195498	0.111071526453211	0.0576882395620293	0.145814210786872	0.589520004624457	0.292867224602159	0.791572679779266	1.39221556588491	0.286723100463044	1;2;6;3;8;18;10;24;35;10	0	1	2.84734828382483	rnoCirc_010128	
chr17	79650302	79672573	+	mmuCirc_004274	Rmdn2	CTO:ANNOTATED:CDS	8	727	NM_201361	0	0	0.0185119210755352	0.0576882395620293	0.0364535526967181	0.163755556840127	0.0585734449204318	0.36280414489883	0.357998288370406	0.172033860277826	0;0;1;3;2;5;2;11;9;6	0	0	2.50716465115165		hsaCirc_008019
chr17	80044494	80053641	-	mmuCirc_004275	Hnrnpll	CTO:ANNOTATED:CDS	6	685	NM_144802	0	0.0512001293247	0.148095368604282	0.0769176527493725	0.127587434438513	0.818777784200635	0.439300836903238	0.824554874770069	1.86954661704545	0.86016930138913	0;3;8;4;7;25;15;25;47;30	0	1	3.4539927151552		
chr17	80138013	80150170	+	mmuCirc_004276	Galm	CTO:ANNOTATED:CDS	3	444	NM_176963	0.0179914506425692	0	0.0185119210755352	0	0	0.0327511113680254	0.175720334761295	0.263857559926422	0.278443113176982	0.114689240185217	1;0;1;0;0;1;6;8;7;4	0	0	2.65939707311499		