chr12	80868427	80870210	+	mmuCirc_002133	4933426M11Rik	CTO:ANNOTATED:CDS	2	334	NM_001242419:NM_178682	0	0	0	0	0	0	0.0585734449204318	0.0989465849724082	0	0.0286723100463043	0;0;0;0;0;0;2;3;0;1	0	0	1.94312833640686	rnoCirc_010605	hsaCirc_004999
chr12	81946931	81956263	+	mmuCirc_002134	Pcnx	CTO:ANNOTATED:CDS	5	554	NM_018814	0	0	0	0.0384588263746862	0.018226776348359	0.163755556840127	0.0292867224602159	0.197893169944816	0.23866552558027	0.086016930138913	0;0;0;2;1;5;1;6;6;3	0	0	2.31273966553726	rnoCirc_010619	
chr12	82234463	82240860	+	mmuCirc_002135	Sipa1l1	CTO:ALT_DONOR:5UTR	1	6398	NM_001167983	0	0	0	0.0384588263746862	0	0.0327511113680254	0	0.131928779963211	0.0795551751934235	0.0286723100463043	0;0;0;2;0;1;0;4;2;1	0	0	1.59392536664328		
chr12	82357233	82372542	+	mmuCirc_002136	Sipa1l1	CTO:ANNOTATED:CDS	3	495	NM_001167983:NM_172579	0.0179914506425692	0.0341334195498	0.0185119210755352	0	0.0546803290450771	0.229257779576178	0.205007057221511	0.461750729871238	0.477331051160541	0.315395410509348	1;2;1;0;3;7;7;14;12;11	0	0	3.04347557387512	rnoCirc_010625	
chr12	82384651	82387712	+	mmuCirc_002137	Sipa1l1	CTO:ANNOTATED:CDS	2	262	NM_001167983:NM_172579	0	0	0	0	0	0.0655022227360508	0.0585734449204318	0.230875364935619	0.0795551751934235	0.0573446200926087	0;0;0;0;0;2;2;7;2;2	0	0	2.39713998060852		
chr12	83091748	83116299	+	mmuCirc_002138	Rgs6	CTO:ANNOTATED:CDS	3	424	NM_015812:NM_001282061	0	0	0	0	0	0.163755556840127	0.146433612301079	0.0989465849724082	0.0397775875967117	0.0573446200926087	0;0;0;0;0;5;5;3;1;2	0	0	2.4719476919692	rnoCirc_010626	
chr12	83315392	83331990	-	mmuCirc_002139	Dpf3	CTO:ANNOTATED:CDS	3	303	NM_001267625:NM_001267626:NM_058212	0	0	0	0	0	0	0	0.0329821949908028	0.159110350386847	0	0;0;0;0;0;0;0;1;4;0	0	0	2.28414220943394	rnoCirc_010631	hsaCirc_005014
chr12	83315392	83370664	-	mmuCirc_002140	Dpf3	CTO:ANNOTATED:CDS	5	572	NM_001267625:NM_001267626:NM_058212	0.0359829012851383	0	0	0	0	0.0327511113680254	0.0292867224602159	0.0989465849724082	0	0	2;0;0;0;0;1;1;3;0;0	0	0	1.26255207521762		
chr12	83568849	83575136	-	mmuCirc_002141	Zfyve1	CTO:ANNOTATED:CDS	2	720	NM_183154	0	0	0.0185119210755352	0	0	0.196506668208152	0.0585734449204318	0.0329821949908028	0.119332762790135	0.086016930138913	0;0;1;0;0;6;2;1;3;3	0	0	2.21545385746011	rnoCirc_010667	
chr12	83568849	83595322	-	mmuCirc_002142	Zfyve1	CTO:ANNOTATED:CDS:5UTR	3	1645	NM_183154	0	0	0	0	0	0	0	0	0.198887937983559	0.0286723100463043	0;0;0;0;0;0;0;0;5;1	0	0	2.36761089943578		
chr12	83574632	83575136	-	mmuCirc_002143	Zfyve1	CTO:ANNOTATED:CDS	1	505	NM_183154	0	0	0.0370238421510704	0	0.0364535526967181	0.131004445472102	0.0878601673806477	0.0659643899816055	0.198887937983559	0.229378480370435	0;0;2;0;2;4;3;2;5;8	0	0	2.30702090952011	rnoCirc_010666	
chr12	83642629	83651444	+	mmuCirc_002144	Rbm25	CTO:ANNOTATED:CDS:5UTR	5	555	NM_027349	0	0	0	0	0	0	0	0	0.119332762790135	0	0;0;0;0;0;0;0;0;3;0	0	0	2.80046262890159		
chr12	83642629	83660678	+	mmuCirc_002145	Rbm25	CTO:ANNOTATED:CDS:5UTR	8	879	NM_027349	0	0	0	0	0	0.0982533341040761	0	0	0.0397775875967117	0	0;0;0;0;0;3;0;0;1;0	0	0	2.07170681577516		
chr12	83712304	83714905	+	mmuCirc_002146	Psen1	CTO:ANNOTATED:CDS	2	393	NM_008943	0	0	0.0370238421510704	0	0.018226776348359	0	0.0292867224602159	0.0989465849724082	0.198887937983559	0.086016930138913	0;0;2;0;1;0;1;3;5;3	0	0	1.82140887932948		hsaCirc_005024
chr12	83786555	83786877	+	mmuCirc_002147	Papln	CTO:ANNOTATED:CDS	2	237	NM_001205343:NM_130887	0.0179914506425692	0.0170667097749	0	0.0384588263746862	0.0546803290450771	0.294760002312228	0.0878601673806477	0.0989465849724082	1.03421727751451	0.143361550231522	1;1;0;2;3;9;3;3;26;5	0	0	2.49311790328449		
chr12	83808101	83811360	-	mmuCirc_002148	Numb	CTO:ANNOTATED:CDS	2	216	NM_001136075:NM_001272055:NM_010949:NM_001272056:NR_073563:NR_073564	0	0	0	0	0	0	0	0	0.119332762790135	0	0;0;0;0;0;0;0;0;3;0	0	0	2.80046262890159		
chr12	83831922	83855524	-	mmuCirc_002149	Numb	CTO:ANNOTATED:CDS:5UTR	3	301	NM_001272056:NR_073563:NR_073564	0	0	0.0185119210755352	0	0	0.0655022227360508	0.0292867224602159	0.395786339889633	0.119332762790135	0.0573446200926087	0;0;1;0;0;2;1;12;3;2	0	0	2.31627798204573	rnoCirc_010663	
chr12	84124475	84131387	+	mmuCirc_002150	Dnal1	CTO:ANNOTATED:CDS	3	222	NM_028821	0.0359829012851383	0	0	0	0	0.131004445472102	0	0.0329821949908028	0.23866552558027	0.0573446200926087	2;0;0;0;0;4;0;1;6;2	0	0	2.12033932559513	rnoCirc_010661	
chr12	84124475	84136637	+	mmuCirc_002151	Dnal1	CTO:ANNOTATED:CDS	5	490	NM_028821	0.0179914506425692	0.0170667097749	0	0	0	0	0	0.0329821949908028	0.23866552558027	0.086016930138913	1;1;0;0;0;0;0;1;6;3	0	0	1.13778948046127		
chr12	84292284	84295335	+	mmuCirc_002152	Ptgr2	CTO:ANNOTATED:CDS:5UTR	2	204	NM_001252625:NM_001252626:NM_029880	0	0	0.0185119210755352	0.0192294131873431	0	0.0982533341040761	0.0878601673806477	0.164910974954014	0.159110350386847	0.143361550231522	0;0;1;1;0;3;3;5;4;5	0	0	2.49583813880316		
chr12	84292284	84298202	+	mmuCirc_002153	Ptgr2	CTO:ANNOTATED:CDS:5UTR	4	525	NM_001252625:NM_001252626:NM_029880	0.0179914506425692	0	0.0185119210755352	0.0384588263746862	0.018226776348359	1.01528445240879	0.292867224602159	0.824554874770069	0.795551751934235	0.344067720555652	1;0;1;2;1;31;10;25;20;12	0	0	4.04886728826569		
chr12	84295217	84308432	+	mmuCirc_002154	Ptgr2	CTO:ANNOTATED:CDS:5UTR	7	1031	NM_001252625:NM_001252626:NM_029880	0	0	0	0	0.0364535526967181	0.0655022227360508	0.0292867224602159	0.296839754917225	0.0397775875967117	0	0;0;0;0;2;2;1;9;1;0	0	0	1.49307654679778		
chr12	84298011	84308432	+	mmuCirc_002155	Ptgr2	CTO:ANNOTATED:CDS	5	783	NM_001252625:NM_001252626:NM_029880	0.107948703855415	0.1024002586494	0.129583447528746	0.0384588263746862	0.18226776348359	1.47380001156114	0.99574856364734	1.74805633451255	1.98887937983559	0.573446200926087	6;6;7;2;10;45;34;53;50;20	1	0	3.36340665876982		
chr12	84305926	84307897	+	mmuCirc_002156	Ptgr2	CTO:ANNOTATED:CDS	2	332	NM_001252625:NM_001252626:NM_029880	0	0	0	0	0	0.0327511113680254	0.0585734449204318	0.0659643899816055	0.159110350386847	0	0;0;0;0;0;1;2;2;4;0	0	0	2.15993981687889		
chr12	84305926	84308432	+	mmuCirc_002157	Ptgr2	CTO:ANNOTATED:CDS	3	420	NM_001252625:NM_001252626:NM_029880	0	0	0.0185119210755352	0.0576882395620293	0.0364535526967181	0.163755556840127	0.0878601673806477	0.329821949908027	0.437553463563829	0.0573446200926087	0;0;1;3;2;5;3;10;11;2	0	0	2.36529176758328		
chr12	84325571	84333024	+	mmuCirc_002158	Zfp410	CTO:ANNOTATED:CDS	5	834	NM_001252582:NM_001252583:NM_144833:NR_045546:NR_045615	0	0.0170667097749	0	0	0	0.0655022227360508	0	0.0659643899816055	0.119332762790135	0	0;1;0;0;0;2;0;2;3;0	0	0	1.52750991333866		
chr12	84419974	84430333	+	mmuCirc_002159	Ccdc176	CTO:ANNOTATED:CDS	7	1083	NM_028377	0	0	0	0	0.018226776348359	0.131004445472102	0.0585734449204318	0.0329821949908028	0.198887937983559	0.086016930138913	0;0;0;0;1;4;2;1;5;3	0	0	2.24396566377503		
chr12	84608570	84609473	-	mmuCirc_002160	Abcd4	CTO:ANNOTATED:CDS	4	399	NM_008992	0	0.0170667097749	0.0370238421510704	0	0	0	0.0292867224602159	0.0989465849724082	0.0397775875967117	0	0;1;2;0;0;0;1;3;1;0	0	0	1.01711878674142		
chr12	84930118	84935123	-	mmuCirc_002161	Arel1	CTO:ANNOTATED:CDS	6	941	NM_178065	0.0179914506425692	0	0	0.0192294131873431	0	0	0	0.0659643899816055	0.119332762790135	0	1;0;0;1;0;0;0;2;3;0	0	0	1.00219707773483		
chr12	84934152	84935123	-	mmuCirc_002162	Arel1	CTO:ANNOTATED:CDS	3	599	NM_178065	0	0	0	0	0	0	0	0	0.119332762790135	0	0;0;0;0;0;0;0;0;3;0	0	0	2.80046262890159		
chr12	84934152	84951381	-	mmuCirc_002163	Arel1	CTO:ANNOTATED:CDS:5UTR	7	1454	NM_178065	0	0	0	0.0384588263746862	0.018226776348359	0.0327511113680254	0	0.230875364935619	0.198887937983559	0.172033860277826	0;0;0;2;1;1;0;7;5;6	0	0	2.32037633661493		
chr12	85040573	85044524	+	mmuCirc_002164	Ylpm1	CTO:ANNOTATED:CDS	5	978	NM_178363	0	0	0.0555357632266056	0.0192294131873431	0	0.0982533341040761	0.0585734449204318	0.0329821949908028	0.119332762790135	0	0;0;3;1;0;3;2;1;3;0	0	0	1.46368134793164		
chr12	85049692	85050372	+	mmuCirc_002165	Ylpm1	CTO:ANNOTATED:CDS	3	345	NM_178363	0.0359829012851383	0.0170667097749	0.0185119210755352	0	0.0364535526967181	0.0655022227360508	0.175720334761295	0.131928779963211	0.159110350386847	0.172033860277826	2;1;1;0;2;2;6;4;4;6	0	0	1.98411855829889		
chr12	85121987	85123871	+	mmuCirc_002166	Dlst	CTO:ANNOTATED:CDS	3	328	NM_030225	0.0179914506425692	0.0341334195498	0	0.0384588263746862	0.0546803290450771	0.131004445472102	0.205007057221511	0.36280414489883	0.357998288370406	0.20070617032413	1;2;0;2;3;4;7;11;9;7	0	0	2.5121942780693		
chr12	85122011	85122139	+	mmuCirc_002167	Dlst	CTO:ALT_ACCEPTOR:CDS	1	129	NM_030225	0.0179914506425692	0	0	0.0384588263746862	0.0546803290450771	0	0	0	0	0	1;0;0;2;3;0;0;0;0;0	0	0	-1.45794131665115	rnoCirc_010647	
chr12	85240798	85250373	-	mmuCirc_002168	Mlh3	CTO:ANNOTATED:CDS	5	447	NM_175337	0.0179914506425692	0.0170667097749	0.0185119210755352	0	0.0364535526967181	0.0982533341040761	0.0292867224602159	0.0329821949908028	0.23866552558027	0.0573446200926087	1;1;1;0;2;3;1;1;6;2	0	0	1.33133282341472		
chr12	85312946	85314602	-	mmuCirc_002169	Nek9	CTO:ANNOTATED:CDS	3	404	NM_145138	0	0	0.0185119210755352	0	0	0.196506668208152	0.146433612301079	0.131928779963211	0.0795551751934235	0.086016930138913	0;0;1;0;0;6;5;4;2;3	0	0	2.63899034878784		
chr12	85320714	85322079	-	mmuCirc_002170	Nek9	CTO:ANNOTATED:CDS	2	244	NM_145138	0	0	0	0	0	0.0655022227360508	0.205007057221511	0.0659643899816055	0	0	0;0;0;0;0;2;7;2;0;0	0	0	2.56386647696373	rnoCirc_010645	hsaCirc_005048
chr12	85332501	85336485	-	mmuCirc_002171	Nek9	CTO:ANNOTATED:CDS	4	411	NM_145138	0	0	0	0	0	0	0	0.0989465849724082	0	0.0286723100463043	0;0;0;0;0;0;0;3;0;1	0	0	1.92767159744432		
chr12	85857380	85864609	+	mmuCirc_002172	Ttll5	CTO:ANNOTATED:CDS	3	238	NM_001081423	0	0	0	0	0	0.0655022227360508	0.0292867224602159	0.0329821949908028	0.119332762790135	0.086016930138913	0;0;0;0;0;2;1;1;3;3	0	0	2.00187079599913		
chr12	85857380	85878478	+	mmuCirc_002173	Ttll5	CTO:ANNOTATED:CDS	5	432	NM_001081423	0	0	0	0	0	0.0982533341040761	0.0292867224602159	0.0329821949908028	0.119332762790135	0.086016930138913	0;0;0;0;0;3;1;1;3;3	0	0	2.09544020201712		
chr12	85857380	85879475	+	mmuCirc_002174	Ttll5	CTO:ANNOTATED:CDS	6	540	NM_001081423	0.0179914506425692	0.0170667097749	0.0185119210755352	0.0192294131873431	0.0729071053934362	0.163755556840127	0.117146889840864	0.230875364935619	0.397775875967117	0.0286723100463043	1;1;1;1;4;5;4;7;10;1	0	0	1.86903895369723		
chr12	85863564	85878478	+	mmuCirc_002175	Ttll5	CTO:ANNOTATED:CDS	4	349	NM_001081423	0	0.0170667097749	0.0740476843021408	0.0384588263746862	0.0546803290450771	0.294760002312228	0.205007057221511	0.197893169944816	0.556886226353964	0.229378480370435	0;1;4;2;3;9;7;6;14;8	0	0	2.56648841750432		
chr12	85863564	85879475	+	mmuCirc_002176	Ttll5	CTO:ANNOTATED:CDS	5	457	NM_001081423	0.197905957068261	0.1194669684243	0.166607289679817	0.153835305498745	0.145814210786872	1.57205334566522	1.25932906578928	2.60559340427342	2.3866552558027	1.2902539520837	11;7;9;8;8;48;43;79;60;45	1	1	3.33090255944908	rnoCirc_010671	
chr12	85863564	85892210	+	mmuCirc_002177	Ttll5	CTO:ANNOTATED:CDS	8	696	NM_001081423	0	0	0.0370238421510704	0.0192294131873431	0	0.0982533341040761	0.0585734449204318	0.197893169944816	0.357998288370406	0.114689240185217	0;0;2;1;0;3;2;6;9;4	0	0	2.49835386620606		hsaCirc_005054
chr12	85863564	85899484	+	mmuCirc_002178	Ttll5	CTO:ANNOTATED:CDS	10	902	NM_001081423	0	0	0.0185119210755352	0	0	0.0655022227360508	0.0292867224602159	0.164910974954014	0.119332762790135	0.0286723100463043	0;0;1;0;0;2;1;5;3;1	0	0	1.94883574153498		
chr12	85876491	85879475	+	mmuCirc_002179	Ttll5	CTO:ANNOTATED:CDS	3	302	NM_001081423	0.0179914506425692	0	0	0	0	0.131004445472102	0.0585734449204318	0.131928779963211	0.357998288370406	0.172033860277826	1;0;0;0;0;4;2;4;9;6	0	0	2.87876120399401	rnoCirc_010672	
chr12	85876491	85892210	+	mmuCirc_002180	Ttll5	CTO:ANNOTATED:CDS	6	541	NM_001081423	0	0	0	0.0384588263746862	0	0.0327511113680254	0.117146889840864	0.0659643899816055	0.0795551751934235	0.0573446200926087	0;0;0;2;0;1;4;2;2;2	0	0	1.79999340836114		
chr12	85889159	85899484	+	mmuCirc_002181	Ttll5	CTO:ANNOTATED:CDS	5	445	NM_001081423	0	0	0	0	0	0.0327511113680254	0	0.0659643899816055	0.119332762790135	0	0;0;0;0;0;1;0;2;3;0	0	0	2.10113442578098		
chr12	85898993	85899484	+	mmuCirc_002182	Ttll5	CTO:ANNOTATED:CDS	2	206	NM_001081423	0	0	0.0185119210755352	0	0	0	0.0292867224602159	0.0989465849724082	0.0795551751934235	0.0573446200926087	0;0;1;0;0;0;1;3;2;2	0	0	1.798733290134		
chr12	86256481	86269061	+	mmuCirc_002183	Gpatch2l	CTO:ALT_ACCEPTOR:CDS	6	903	NM_027405	0	0.0170667097749	0.0185119210755352	0.0769176527493725	0	0.262008890944203	0.0878601673806477	0.131928779963211	0.23866552558027	0.258050790416739	0;1;1;4;0;8;3;4;6;9	0	0	2.51043721934042		
chr12	86256868	86269061	+	mmuCirc_002184	Gpatch2l	CTO:ANNOTATED:CDS	6	516	NM_027405	0.0359829012851383	0	0.092559605377676	0.134605892311402	0.200494539831949	1.21179112061694	0.878601673806477	1.2203412146597	1.90932420464216	1.11822009180587	2;0;5;7;11;37;30;37;48;39	0	1	3.88412129784381		hsaCirc_005059
chr12	86256868	86281543	+	mmuCirc_002185	Gpatch2l	CTO:ANNOTATED:CDS	7	611	NM_027405	0	0	0	0	0	0.0327511113680254	0	0.0329821949908028	0.198887937983559	0.0286723100463043	0;0;0;0;0;1;0;1;5;1	0	0	1.88498272551111		hsaCirc_005060
chr12	86260577	86269061	+	mmuCirc_002186	Gpatch2l	CTO:ANNOTATED:CDS	5	451	NM_027405	0.0539743519277075	0.0682668390996	0.0740476843021408	0.115376479124059	0.145814210786872	0.949782229672736	1.49362284547101	1.2533234096505	2.90376389455996	0.86016930138913	3;4;4;6;8;29;51;38;73;30	1	1	3.68252161046101	rnoCirc_010684	hsaCirc_005062
chr12	86265182	86269061	+	mmuCirc_002187	Gpatch2l	CTO:ANNOTATED:CDS	3	194	NM_027405	0	0	0	0	0	0.0982533341040761	0.0878601673806477	0.0989465849724082	0.318220700773694	0	0;0;0;0;0;3;3;3;8;0	0	0	2.91175855796936	rnoCirc_010685	
chr12	86686966	86688286	+	mmuCirc_002188	Vash1	CTO:ANNOTATED:CDS	2	132	NM_177354	0	0	0.0370238421510704	0	0.0364535526967181	0.131004445472102	0.0292867224602159	0.0329821949908028	0.318220700773694	0.086016930138913	0;0;2;0;2;4;1;1;8;3	0	0	1.8201423954853	rnoCirc_010687	hsaCirc_005064
chr12	87272572	87273708	+	mmuCirc_002189	Ahsa1	CTO:ALT_DONOR:CDS	4	401	NM_146036	0	0	0	0	0	0.0982533341040761	0	0.0659643899816055	0.0795551751934235	0	0;0;0;0;0;3;0;2;2;0	0	0	2.32768147612216		
chr12	87336032	87346801	-	mmuCirc_002190	Sptlc2	CTO:ANNOTATED:CDS	4	547	NM_011479	0	0	0	0	0	0.0655022227360508	0.0585734449204318	0.0329821949908028	0.159110350386847	0.0573446200926087	0;0;0;0;0;2;2;1;4;2	0	0	2.11791782061291		
chr12	87336032	87355674	-	mmuCirc_002191	Sptlc2	CTO:ANNOTATED:CDS	6	821	NM_011479	0	0	0	0	0	0.0982533341040761	0	0	0	0.0286723100463043	0;0;0;0;0;3;0;0;0;1	0	0	1.92345510174967		
chr12	87346708	87350385	-	mmuCirc_002192	Sptlc2	CTO:ANNOTATED:CDS	2	219	NM_011479	0.0539743519277075	0	0.0370238421510704	0.0769176527493725	0.0364535526967181	0.393013336416305	0.292867224602159	0.59367950983445	1.11377245270793	0.45875696074087	3;0;2;4;2;12;10;18;28;16	0	0	3.3017606456032		
chr12	88371695	88431179	+	mmuCirc_002193	Adck1	CTO:ANNOTATED:CDS	3	447	NM_001277296:NM_001277297:NM_028105	0	0	0.0370238421510704	0.0384588263746862	0	0.0655022227360508	0.0585734449204318	0.164910974954014	0	0.0573446200926087	0;0;2;2;0;2;2;5;0;2	0	0	1.23421550399139		
chr12	88431021	88446757	+	mmuCirc_002194	Adck1	CTO:ANNOTATED:CDS	3	435	NM_001277296:NM_001277297:NM_028105	0	0.0170667097749	0	0	0	0.0982533341040761	0	0.0329821949908028	0.0795551751934235	0.0286723100463043	0;1;0;0;0;3;0;1;2;1	0	0	1.33555801426196	rnoCirc_010692	
chr12	91289489	91299077	-	mmuCirc_002195	Cep128	CTO:ANNOTATED:CDS	4	447	NM_181815	0	0	0	0	0	0	0	0.0659643899816055	0.0397775875967117	0.114689240185217	0;0;0;0;0;0;0;2;1;4	0	0	2.14496884485268		hsaCirc_005076
chr12	91296203	91299077	-	mmuCirc_002196	Cep128	CTO:ANNOTATED:CDS	2	162	NM_181815	0	0	0	0	0	0.0982533341040761	0.0585734449204318	0	0.0397775875967117	0.0286723100463043	0;0;0;0;0;3;2;0;1;1	0	0	1.85013917354083		
chr12	91325515	91339150	-	mmuCirc_002197	Cep128	CTO:ANNOTATED:CDS	3	282	NM_181815	0	0	0	0	0	0.0655022227360508	0.0292867224602159	0.131928779963211	0.119332762790135	0.0286723100463043	0;0;0;0;0;2;1;4;3;1	0	0	2.08120962586425	rnoCirc_010699	
chr12	98227168	98234397	-	mmuCirc_002198	Galc	CTO:ANNOTATED:CDS	3	409	NM_008079	0	0	0	0	0	0	0.0292867224602159	0.230875364935619	0.159110350386847	0.0573446200926087	0;0;0;0;0;0;1;7;4;2	0	0	2.51604392508678		
chr12	98648349	98664305	+	mmuCirc_002199	Spata7	CTO:ANNOTATED:CDS:5UTR	6	883	NM_001289572:NM_001289573:NM_001289574:NM_178914	0.0179914506425692	0	0	0	0	0.0327511113680254	0.0292867224602159	0.0989465849724082	0	0	1;0;0;0;0;1;1;3;0;0	0	0	1.44898922712737		hsaCirc_005082