chr19	40321793	40365166	-	mmuCirc_004947	Sorbs1	CTO:ANNOTATED:CDS	14	1397	NM_001034964:NM_001034962:NM_001034963:NM_178362:NM_009166	0.0179914506425692	0.0170667097749	0	0	0	0	0	0.0989465849724082	0.0397775875967117	0	1;1;0;0;0;0;0;3;1;0	0	0	0.584011940705232		
chr19	40321793	40373617	-	mmuCirc_004948	Sorbs1	CTO:ANNOTATED:CDS	16	1569	NM_001034964:NM_001034962:NM_001034963:NM_178362:NM_009166	0.0179914506425692	0	0	0	0	0	0.0292867224602159	0.0989465849724082	0.23866552558027	0.0286723100463043	1;0;0;0;0;0;1;3;6;1	0	0	1.58477666457036		
chr19	40336986	40340750	-	mmuCirc_004949	Sorbs1	CTO:ANNOTATED:CDS	3	218	NM_001034964:NM_001034962:NM_001034963:NM_178362:NM_009166	0	0	0	0	0	0.0327511113680254	0	0.0989465849724082	0.0397775875967117	0.0286723100463043	0;0;0;0;0;1;0;3;1;1	0	0	1.708537340067		
chr19	40336986	40344439	-	mmuCirc_004950	Sorbs1	CTO:ANNOTATED:CDS	4	302	NM_001034964:NM_001034962:NM_001034963:NM_178362:NM_009166	0.0179914506425692	0	0.0185119210755352	0.0961470659367156	0.018226776348359	0.524017781888406	0.292867224602159	0.659643899816055	0.91488451472437	0.20070617032413	1;0;1;5;1;16;10;20;23;7	0	0	3.49741894898781		
chr19	40336986	40352565	-	mmuCirc_004951	Sorbs1	CTO:ANNOTATED:CDS	7	595	NM_001034964:NM_001034962:NM_001034963:NM_178362:NM_009166	0	0.0170667097749	0	0.0192294131873431	0	0.0327511113680254	0.205007057221511	0.131928779963211	0.0795551751934235	0.114689240185217	0;1;0;1;0;1;7;4;2;4	0	0	2.20428446282496		
chr19	40336986	40365166	-	mmuCirc_004952	Sorbs1	CTO:ANNOTATED:CDS	11	970	NM_001034964:NM_001034962:NM_001034963:NM_178362:NM_009166	0.125940154497984	0.0170667097749	0.0555357632266056	0.0192294131873431	0.018226776348359	0.589520004624457	0.146433612301079	0.494732924862041	1.03421727751451	0.372740030601957	7;1;3;1;1;18;5;15;26;13	0	0	3.02133034456057	rnoCirc_001252	
chr19	40336986	40373617	-	mmuCirc_004953	Sorbs1	CTO:ANNOTATED:CDS	13	1142	NM_001034964:NM_001034962:NM_001034963:NM_178362:NM_009166	0	0.0512001293247	0	0.0192294131873431	0.0729071053934362	0.262008890944203	0.146433612301079	0.59367950983445	0.477331051160541	0.372740030601957	0;3;0;1;4;8;5;18;12;13	0	0	3.14519799424922	rnoCirc_001253	hsaCirc_002382
chr19	40340045	40365166	-	mmuCirc_004954	Sorbs1	CTO:ANNOTATED:CDS	10	920	NM_001034964:NM_001034962:NM_001034963:NM_178362:NM_009166	0	0	0	0.0192294131873431	0.018226776348359	0.0982533341040761	0.0585734449204318	0.164910974954014	0	0	0;0;0;1;1;3;2;5;0;0	0	0	1.16801808422737		
chr19	40340685	40361104	-	mmuCirc_004955	Sorbs1	CTO:ANNOTATED:CDS	6	506	NM_001034964:NM_001034962:NM_001034963:NM_178362:NM_009166	0	0	0	0.0192294131873431	0	0	0.0292867224602159	0.0329821949908028	0.357998288370406	0	0;0;0;1;0;0;1;1;9;0	0	0	1.99169290049407		
chr19	40340685	40377016	-	mmuCirc_004956	Sorbs1	CTO:ANNOTATED:CDS	12	1362	NM_001034964:NM_001034962:NM_001034963:NM_178362:NM_009166	0.0359829012851383	0	0.092559605377676	0	0.0546803290450771	0.0655022227360508	0.0292867224602159	0.395786339889633	0.0795551751934235	0	2;0;5;0;3;2;1;12;2;0	0	0	0.842419186020019		
chr19	40344356	40365166	-	mmuCirc_004957	Sorbs1	CTO:ANNOTATED:CDS	8	752	NM_001034964:NM_001034962:NM_001034963:NM_178362:NM_009166	0.0359829012851383	0	0.0185119210755352	0	0	0.0982533341040761	0.0292867224602159	0	0.0397775875967117	0.0286723100463043	2;0;1;0;0;3;1;0;1;1	0	0	0.859484515898127		
chr19	40349899	40352565	-	mmuCirc_004958	Sorbs1	CTO:ANNOTATED:CDS	3	293	NM_001034964:NM_001034962:NM_001034963:NM_178362:NM_009166	0	0	0	0	0	0	0.0292867224602159	0.0329821949908028	0.159110350386847	0	0;0;0;0;0;0;1;1;4;0	0	0	1.95649448821484		
chr19	40349899	40361104	-	mmuCirc_004959	Sorbs1	CTO:ANNOTATED:CDS	4	356	NM_001034964:NM_001034962:NM_001034963:NM_178362:NM_009166	0.0179914506425692	0.0170667097749	0.0185119210755352	0.0384588263746862	0.018226776348359	0.196506668208152	0.0878601673806477	0.131928779963211	0.596663813950676	0.114689240185217	1;1;1;2;1;6;3;4;15;4	0	0	2.24952394665737		hsaCirc_002384
chr19	40349899	40365166	-	mmuCirc_004960	Sorbs1	CTO:ANNOTATED:CDS	7	668	NM_001034964:NM_001034962:NM_001034963:NM_178362:NM_009166	0	0.0170667097749	0.0185119210755352	0	0	0.131004445472102	0.117146889840864	0.329821949908027	0.198887937983559	0.143361550231522	0;1;1;0;0;4;4;10;5;5	0	0	2.89388119698998	rnoCirc_001257	hsaCirc_002385
chr19	40349899	40373617	-	mmuCirc_004961	Sorbs1	CTO:ANNOTATED:CDS	9	840	NM_001034964:NM_001034962:NM_001034963:NM_178362:NM_009166	0.107948703855415	0	0.0555357632266056	0.0384588263746862	0.0729071053934362	0.622271115992482	0.351440669522591	1.1543768246781	0.91488451472437	0.516101580833478	6;0;3;2;4;19;12;35;23;18	0	0	3.40584188643428	rnoCirc_001258	hsaCirc_002386
chr19	40361429	40373617	-	mmuCirc_004962	Sorbs1	CTO:ANNOTATED:CDS	5	484	NM_001034964:NM_001034962:NM_001034963:NM_178362:NM_009166	0.0359829012851383	0	0	0.0192294131873431	0.018226776348359	0.131004445472102	0.117146889840864	0.296839754917225	0.119332762790135	0.114689240185217	2;0;0;1;1;4;4;9;3;4	0	0	2.36807407052144	rnoCirc_001260	hsaCirc_002389
chr19	40363202	40365166	-	mmuCirc_004963	Sorbs1	CTO:ANNOTATED:CDS	2	237	NM_001034964:NM_001034962:NM_001034963:NM_178362:NM_009166	0.0539743519277075	0.0170667097749	0	0.0192294131873431	0.0364535526967181	0.196506668208152	0.146433612301079	0.164910974954014	0.278443113176982	0.086016930138913	3;1;0;1;2;6;5;5;7;3	0	0	2.15228618097197		
chr19	40363202	40373617	-	mmuCirc_004964	Sorbs1	CTO:ANNOTATED:CDS	4	409	NM_001034964:NM_001034962:NM_001034963:NM_178362:NM_009166	0.0359829012851383	0.0341334195498	0.0370238421510704	0.0769176527493725	0.018226776348359	0.491266670520381	0.439300836903238	0.626661704825252	0.596663813950676	0.229378480370435	2;2;2;4;1;15;15;19;15;8	0	0	3.03091483476404	rnoCirc_001261	hsaCirc_002391
chr19	40376760	40376867	+	mmuCirc_004965	Sorbs1	AS:CTO	1	108	NM_001034964:NM_001034962:NM_001034963:NM_178362:NM_009166	0.0539743519277075	0.0341334195498	0.0740476843021408	0.0384588263746862	0.0546803290450771	0	0	0	0	0.0286723100463043	3;2;4;2;3;0;0;0;0;1	0	0	-1.54439699993871	rnoCirc_001263	
chr19	40393388	40402310	-	mmuCirc_004966	Sorbs1	CTO:ANNOTATED:CDS:5UTR	4	341	NM_001034964:NM_001034962:NM_001034963:NM_178362:NM_009166	0	0	0.0185119210755352	0	0.018226776348359	0.0327511113680254	0.0585734449204318	0	0.119332762790135	0.086016930138913	0;0;1;0;1;1;2;0;3;3	0	0	1.34000801294159	rnoCirc_001265	
chr19	40393388	40451398	-	mmuCirc_004967	Sorbs1	CTO:ANNOTATED:CDS:5UTR	5	426	NM_001034962:NM_001034963:NM_178362:NM_009166	0	0	0	0	0	0.0982533341040761	0.117146889840864	0	0.0795551751934235	0.0286723100463043	0;0;0;0;0;3;4;0;2;1	0	0	2.23501412946759		
chr19	40451314	40501585	-	mmuCirc_004968	Sorbs1	CTO:ANNOTATED:5UTR	2	222	NM_178362:NM_009166	0	0	0	0.0384588263746862	0.0364535526967181	0.131004445472102	0.0878601673806477	0.0989465849724082	0.159110350386847	0	0;0;0;2;2;4;3;3;4;0	0	0	1.60762858015479		
chr19	41112987	41136063	-	mmuCirc_004969	Tll2	CTO:ANNOTATED:CDS	6	747	NM_011904	0	0	0	0	0	0	0	0.0989465849724082	0	0	0;0;0;0;0;0;0;3;0;0	0	0	2.57224194660756		
chr19	41232343	41256340	-	mmuCirc_004970	Tm9sf3	CTO:ANNOTATED:CDS	8	1083	NM_133352	0	0	0.0370238421510704	0	0	0.0655022227360508	0.0292867224602159	0.131928779963211	0.0397775875967117	0	0;0;2;0;0;2;1;4;1;0	0	0	1.59763092001199	rnoCirc_001267	hsaCirc_002400
chr19	41238678	41256340	-	mmuCirc_004971	Tm9sf3	CTO:ANNOTATED:CDS	6	857	NM_133352	0	0	0	0.0192294131873431	0	0.0327511113680254	0	0.131928779963211	0.0397775875967117	0	0;0;0;1;0;1;0;4;1;0	0	0	1.64406456385707		
chr19	41494833	41528640	+	mmuCirc_004972		NTO	1	33808		0	0	0	0	0	0	0	0	0.119332762790135	0	0;0;0;0;0;0;0;0;3;0	0	0	2.80046262890159		
chr19	41528021	41546007	+	mmuCirc_004973		NTO	1	17987		0.0179914506425692	0	0.0185119210755352	0	0	0.0982533341040761	0.175720334761295	0.263857559926422	0.278443113176982	0.086016930138913	1;0;1;0;0;3;6;8;7;3	0	0	2.8232505797955	rnoCirc_001268	hsaCirc_002404
chr19	41528021	41555701	+	mmuCirc_004974	Lcor	ITO:ALT_ACCEPTOR:CDS:5UTR	1	27681	NM_172154	0.0179914506425692	0	0	0	0	0.0327511113680254	0	0.0989465849724082	0.0795551751934235	0.0286723100463043	1;0;0;0;0;1;0;3;2;1	0	0	1.66109154941018		
chr19	41545875	41555701	+	mmuCirc_004975	Lcor	ITO:ALT_ACCEPTOR:CDS:5UTR	1	9827	NM_172154	0.0359829012851383	0.0170667097749	0.0555357632266056	0.0961470659367156	0.0729071053934362	0.458515559152355	0.702881339045181	0.626661704825252	0.954662102321082	0.258050790416739	2;1;3;5;4;14;24;19;24;9	0	1	3.02585740004454	rnoCirc_001269	hsaCirc_002405
chr19	41938023	41938836	+	mmuCirc_004976	Zdhhc16	CTO:ANNOTATED:CDS	3	313	NM_023740	0	0	0.0185119210755352	0	0	0.0982533341040761	0.146433612301079	0.164910974954014	0.23866552558027	0.114689240185217	0;0;1;0;0;3;5;5;6;4	0	0	2.86574326297667		
chr19	42100637	42100837	+	mmuCirc_004977	Pi4k2a	CTO:ANNOTATED:CDS	1	201	NM_145501	0	0	0	0	0	0	0.0585734449204318	0.0659643899816055	0.159110350386847	0.086016930138913	0;0;0;0;0;0;2;2;4;3	0	0	2.41169513613295		
chr19	42104858	42105483	+	mmuCirc_004978	Pi4k2a	CTO:ANNOTATED:CDS	2	286	NM_145501	0.0179914506425692	0.0170667097749	0.0370238421510704	0.0192294131873431	0.018226776348359	0.0982533341040761	0.0585734449204318	0.0989465849724082	0.23866552558027	0.229378480370435	1;1;2;1;1;3;2;3;6;8	0	0	1.84189805247687		
chr19	42562552	42564341	+	mmuCirc_004979	R3hcc1l	CTO:ANNOTATED:CDS:5UTR	1	1790	NM_177464	0.0359829012851383	0.1365336781992	0.0185119210755352	0.0192294131873431	0	0.163755556840127	0.175720334761295	0.36280414489883	0.477331051160541	0.114689240185217	2;8;1;1;0;5;6;11;12;4	0	0	2.35320825807804		
chr19	42562552	42576201	+	mmuCirc_004980	R3hcc1l	CTO:ANNOTATED:CDS:5UTR	2	1966	NM_177464	0.0179914506425692	0.1194669684243	0	0	0.018226776348359	0	0.0878601673806477	0.36280414489883	0.477331051160541	0.0286723100463043	1;7;0;0;1;0;3;11;12;1	0	0	1.58935015212596		
chr19	42562552	42583543	+	mmuCirc_004981	R3hcc1l	CTO:ANNOTATED:CDS:5UTR	5	2274	NM_177464	0	0.0170667097749	0	0	0	0	0.0585734449204318	0	0.23866552558027	0.0286723100463043	0;1;0;0;0;0;2;0;6;1	0	0	2.02001162825986		
chr19	42576026	42583543	+	mmuCirc_004982	R3hcc1l	CTO:ANNOTATED:CDS	4	484	NM_177464	0	0	0	0	0.018226776348359	0.196506668208152	0.117146889840864	0.0989465849724082	0.198887937983559	0	0;0;0;0;1;6;4;3;5;0	0	0	2.26075370174678		
chr19	43500354	43500468	+	mmuCirc_004983	Got1	AS:CTO	1	115	NM_010324	0.125940154497984	0.0512001293247	0.148095368604282	0.153835305498745	0.0911338817417952	0.0327511113680254	0.0585734449204318	0	0	0.0286723100463043	7;3;8;8;5;1;2;0;0;1	1	1	-1.74158487875399		
chr19	43866589	43875020	-	mmuCirc_004984	Dnmbp	CTO:ANNOTATED:CDS	6	908	NM_028029	0.0179914506425692	0.0512001293247	0.0555357632266056	0	0.018226776348359	0.393013336416305	0.146433612301079	0.59367950983445	0.795551751934235	0.516101580833478	1;3;3;0;1;12;5;18;20;18	0	0	3.36984916537708		
chr19	43901070	43903058	-	mmuCirc_004985	Dnmbp	CTO:ANNOTATED:CDS	1	1989	NM_028029	0	0	0	0	0	0.0327511113680254	0.0292867224602159	0.0659643899816055	0.159110350386847	0	0;0;0;0;0;1;1;2;4;0	0	0	1.99172912474007		
chr19	44084417	44088777	-	mmuCirc_004986	Chuk	CTO:ANNOTATED:CDS	4	441	NM_001162410:NM_007700	0	0.0170667097749	0	0.0192294131873431	0	0.0327511113680254	0.0585734449204318	0.230875364935619	0.437553463563829	0.086016930138913	0;1;0;1;0;1;2;7;11;3	0	0	2.41643471631175		
chr19	44235771	44298170	+	mmuCirc_004987	Scd3:Scd2	ITO:ANNOTATED	1	62400	NM_024450:NM_009128	0	0	0	0	0	0	0	0.131928779963211	0	0	0;0;0;0;0;0;0;4;0;0	0	0	2.92532328123365		
chr19	44261244	44341453	+	mmuCirc_004988	Scd2:Mir5114:Scd4	ITO:ALT_ACCEPTOR	1	80210	NM_009128:NR_039574:NM_183216	0	0	0	0	0.109360658090154	0	0	0	0	0	0;0;0;0;6;0;0;0;0;0	0	0	-2.69332701818222		
chr19	44534241	44543812	-	mmuCirc_004989	Sec31b	CTO:ANNOTATED:CDS:5UTR	6	815	NM_001033343	0	0	0	0	0	0	0	0	0.119332762790135	0	0;0;0;0;0;0;0;0;3;0	0	0	2.80046262890159		
chr19	44952069	44959080	+	mmuCirc_004990	Fam178a	CTO:ANNOTATED:CDS	2	179	NM_001081225	0	0.0170667097749	0.0185119210755352	0	0.0729071053934362	0.589520004624457	0.322153947062375	0.395786339889633	0.477331051160541	0.487429270787174	0;1;1;0;4;18;11;12;12;17	0	0	3.73079943263707		
chr19	44952069	44969134	+	mmuCirc_004991	Fam178a	CTO:ANNOTATED:CDS	6	699	NM_001081225	0	0	0	0	0	0.131004445472102	0	0.0989465849724082	0	0.0286723100463043	0;0;0;0;0;4;0;3;0;1	0	0	2.25728743731662		
chr19	44959005	44960875	+	mmuCirc_004992	Fam178a	CTO:ANNOTATED:CDS	2	218	NM_001081225	0	0.0341334195498	0	0.0576882395620293	0.018226776348359	0.163755556840127	0.0585734449204318	0.263857559926422	0.636441401547388	0.172033860277826	0;2;0;3;1;5;2;8;16;6	0	0	2.59438737947528		hsaCirc_002425
chr19	44959005	44969134	+	mmuCirc_004993	Fam178a	CTO:ANNOTATED:CDS	5	596	NM_001081225	0	0	0	0.0192294131873431	0.018226776348359	0	0	0.131928779963211	0.198887937983559	0	0;0;0;1;1;0;0;4;5;0	0	0	1.49030817782824		
chr19	45456533	45471104	+	mmuCirc_004994	Btrc	CTO:ANNOTATED:CDS:5UTR	2	168	NM_001037758:NM_001286465:NM_001286466:NM_009771	0.0359829012851383	0	0.0185119210755352	0.0576882395620293	0	0.229257779576178	0.117146889840864	0.0659643899816055	0.318220700773694	0.114689240185217	2;0;1;3;0;7;4;2;8;4	0	0	2.19288479561986	rnoCirc_001293	
chr19	45591729	45640521	-	mmuCirc_004995	Fbxw4	CTO:ANNOTATED:CDS	5	576	NM_013907	0	0	0	0.0192294131873431	0	0.0327511113680254	0.0292867224602159	0.131928779963211	0.159110350386847	0	0;0;0;1;0;1;1;4;4;0	0	0	1.95414121643952	rnoCirc_001295	hsaCirc_002433
chr19	45620600	45640521	-	mmuCirc_004996	Fbxw4	CTO:ALT_DONOR:CDS	4	10775	NM_013907	0	0	0.0370238421510704	0	0	0.0655022227360508	0.0292867224602159	0.0329821949908028	0.119332762790135	0.0286723100463043	0;0;2;0;0;2;1;1;3;1	0	0	1.47493344275811		
chr19	45630865	45636448	-	mmuCirc_004997	Fbxw4	CTO:ANNOTATED:CDS	3	414	NM_013907	0	0.0170667097749	0	0.0384588263746862	0.0364535526967181	0.163755556840127	0.0292867224602159	0.0989465849724082	0.437553463563829	0.086016930138913	0;1;0;2;2;5;1;3;11;3	0	0	2.01212777067379		
chr19	45630865	45640521	-	mmuCirc_004998	Fbxw4	CTO:ANNOTATED:CDS	4	510	NM_013907	0.179914506425692	0.2048005172988	0.203631131830887	0.269211784622804	0.291628421573745	1.70305779113732	1.49362284547101	2.04489608942977	4.0573139348646	1.72033860277826	10;12;11;14;16;52;51;62;102;60	1	1	3.07291417387054		hsaCirc_002435
chr19	45635735	45640521	-	mmuCirc_004999	Fbxw4	CTO:ANNOTATED:CDS	3	415	NM_013907	0.197905957068261	0.0512001293247	0.092559605377676	0.0961470659367156	0.0911338817417952	0.589520004624457	0.527161004283886	0.72560828979766	1.51154832867505	1.03220316166696	11;3;5;5;5;18;18;22;38;36	1	1	2.82354384919558		hsaCirc_002436
chr19	45757905	45768007	-	mmuCirc_005000	Mgea5	CTO:ANNOTATED:CDS	6	1259	NM_023799	0	0	0	0	0.018226776348359	0.0982533341040761	0	0.0329821949908028	0.0795551751934235	0.0286723100463043	0;0;0;0;1;3;0;1;2;1	0	0	1.65833264702037		
chr19	45765450	45765624	-	mmuCirc_005001	Mgea5	CTO:ANNOTATED:CDS	1	175	NM_023799	0	0	0	0	0.0546803290450771	0	0	0	0.0397775875967117	0	0;0;0;0;3;0;0;0;1;0	0	0	-0.160561803914474		
chr19	45770051	45777017	-	mmuCirc_005002	Mgea5	CTO:ANNOTATED:CDS	5	846	NM_023799	0.0179914506425692	0	0	0	0	0.131004445472102	0.0292867224602159	0.0329821949908028	0.0397775875967117	0.0286723100463043	1;0;0;0;0;4;1;1;1;1	0	0	1.51205138030544		hsaCirc_002445
chr19	45773662	45776219	-	mmuCirc_005003	Mgea5	CTO:ANNOTATED:CDS	2	271	NM_023799	0	0	0	0.0192294131873431	0.018226776348359	0.458515559152355	0.0292867224602159	0.131928779963211	0.318220700773694	0.0573446200926087	0;0;0;1;1;14;1;4;8;2	0	0	2.58633819220838	rnoCirc_001298	hsaCirc_002446
chr19	45846108	45892148	-	mmuCirc_005004	9130011E15Rik	CTO:ANNOTATED:CDS	4	365	NM_198296	0	0	0	0	0	0.0655022227360508	0.0585734449204318	0	0.119332762790135	0.0286723100463043	0;0;0;0;0;2;2;0;3;1	0	0	2.03839190416073		hsaCirc_002449
chr19	45885952	45892148	-	mmuCirc_005005	9130011E15Rik	CTO:ANNOTATED:CDS	3	286	NM_198296	0.0899572532128458	0.0341334195498	0.0740476843021408	0.192294131873431	0.0911338817417952	0.42576444778433	0.292867224602159	0.890519264751674	0.636441401547388	0.286723100463044	5;2;4;10;5;13;10;27;16;10	0	1	2.18375258891848	rnoCirc_001299	hsaCirc_002450
chr19	45885952	45921705	-	mmuCirc_005006	9130011E15Rik	CTO:ANNOTATED:CDS	4	375	NM_198296	0	0	0	0.0192294131873431	0	0.0655022227360508	0	0.230875364935619	0.23866552558027	0.114689240185217	0;0;0;1;0;2;0;7;6;4	0	0	2.80437591406154		
chr19	45921617	45936427	-	mmuCirc_005007	9130011E15Rik	CTO:ANNOTATED:CDS	4	286	NM_198296	0	0.0170667097749	0	0	0	0.0655022227360508	0.0878601673806477	0	0.0397775875967117	0	0;1;0;0;0;2;3;0;1;0	0	0	1.73884427135292	rnoCirc_001301	
chr19	45921617	45940503	-	mmuCirc_005008	9130011E15Rik	CTO:ANNOTATED:CDS	5	345	NM_198296	0.0359829012851383	0	0	0	0.0729071053934362	0.0982533341040761	0.0878601673806477	0.197893169944816	0.23866552558027	0.086016930138913	2;0;0;0;4;3;3;6;6;3	0	0	2.16778235079169	rnoCirc_001302	hsaCirc_002453
chr19	45932351	45940503	-	mmuCirc_005009	9130011E15Rik	CTO:ANNOTATED:CDS	4	256	NM_198296	0	0.0341334195498	0	0	0	0.163755556840127	0.0585734449204318	0.0659643899816055	0.119332762790135	0.0573446200926087	0;2;0;0;0;5;2;2;3;2	0	0	2.11854819922026		hsaCirc_002454
chr19	45946002	45978712	-	mmuCirc_005010	9130011E15Rik	CTO:ANNOTATED:CDS:5UTR	14	1161	NM_198296	0	0	0	0	0	0	0.0292867224602159	0.197893169944816	0	0	0;0;0;0;0;0;1;6;0;0	0	0	2.37337405763377		
chr19	45965164	45978712	-	mmuCirc_005011	9130011E15Rik	CTO:ANNOTATED:CDS:5UTR	7	680	NM_198296	0	0	0.0185119210755352	0.0192294131873431	0	0.0327511113680254	0.0292867224602159	0.0329821949908028	0.159110350386847	0.0286723100463043	0;0;1;1;0;1;1;1;4;1	0	0	1.32690907131847	rnoCirc_001306	hsaCirc_002457
chr19	45966242	45978712	-	mmuCirc_005012	9130011E15Rik	CTO:ANNOTATED:CDS:5UTR	5	518	NM_198296	0	0	0	0	0	0.0327511113680254	0	0.0329821949908028	0.159110350386847	0.0286723100463043	0;0;0;0;0;1;0;1;4;1	0	0	1.81264678904906		
chr19	45972823	45978712	-	mmuCirc_005013	9130011E15Rik	CTO:ANNOTATED:CDS:5UTR	4	425	NM_198296	0.0359829012851383	0	0.0185119210755352	0	0	0	0.0292867224602159	0.0659643899816055	0.159110350386847	0.0573446200926087	2;0;1;0;0;0;1;2;4;2	0	0	1.2177449217064		