chr11	97376997	97377686	+	mmuCirc_001664	Socs7	CTO:ALT_DONOR:CDS	1	690	NM_138657	0	0	0.0185119210755352	0	0	0.0327511113680254	0.0878601673806477	0.230875364935619	0.119332762790135	0.0573446200926087	0;0;1;0;0;1;3;7;3;2	0	0	2.25712983002121		
chr11	97377936	97378711	+	mmuCirc_001665	Socs7	CTO:ANNOTATED:CDS	2	300	NM_138657	0.21589740771083	0.0341334195498	0.092559605377676	0.0769176527493725	0.145814210786872	0.753275561464584	0.761454783965613	1.2533234096505	1.59110350386847	0.716807751157609	12;2;5;4;8;23;26;38;40;25	0	1	3.0542196653737		
chr11	97726705	97732755	-	mmuCirc_001666	Pip4k2b	CTO:ANNOTATED:CDS	3	348	NM_054051	0	0.0170667097749	0	0.0192294131873431	0.018226776348359	0.163755556840127	0.117146889840864	0.395786339889633	0.159110350386847	0.114689240185217	0;1;0;1;1;5;4;12;4;4	0	0	2.69456651499337		
chr11	97953883	97956566	-	mmuCirc_001667	Plxdc1	CTO:ANNOTATED:CDS	5	556	NM_001163608:NM_028199	0	0	0	0	0.018226776348359	0.0982533341040761	0.146433612301079	0.0329821949908028	0.119332762790135	0.0286723100463043	0;0;0;0;1;3;5;1;3;1	0	0	2.03503436444777	rnoCirc_002015	hsaCirc_006579
chr11	98109494	98128376	-	mmuCirc_001668	Fbxl20	CTO:ANNOTATED:CDS	5	356	NM_028149	0.0179914506425692	0	0.0185119210755352	0	0	0.163755556840127	0.0585734449204318	0.263857559926422	0.119332762790135	0.0573446200926087	1;0;1;0;0;5;2;8;3;2	0	0	2.37632734615731		hsaCirc_006584
chr11	98210361	98224631	+	mmuCirc_001669	Cdk12	CTO:ANNOTATED:CDS	5	1554	NM_026952:NM_001109626:NM_001109628	0	0	0	0	0.0546803290450771	0.0655022227360508	0	0.0989465849724082	0	0.0286723100463043	0;0;0;0;3;2;0;3;0;1	0	0	1.35019227861865		
chr11	98230113	98236782	+	mmuCirc_001670	Cdk12	CTO:ANNOTATED:CDS	3	237	NM_026952:NM_001109626:NM_001109628	0	0	0	0	0.018226776348359	0	0	0.0659643899816055	0.0397775875967117	0.086016930138913	0;0;0;0;1;0;0;2;1;3	0	0	1.71832768616401	rnoCirc_002024	
chr11	98263470	98267858	+	mmuCirc_001671		NTO	1	4389		0.251880308995968	0.2218672270737	0.277678816133028	0.519194156058264	0.291628421573745	4.09388892100317	3.01653241340224	4.55154290873078	6.60307954105415	2.6091802142137	14;13;15;27;16;125;103;138;166;91	1	1	3.64115785223673	rnoCirc_002027	
chr11	98263470	98278112	+	mmuCirc_001672		NTO	1	14643		0	0	0	0	0	0.0327511113680254	0.0292867224602159	0.0329821949908028	0.159110350386847	0.0286723100463043	0;0;0;0;0;1;1;1;4;1	0	0	1.71035724039458		
chr11	98263474	98267862	+	mmuCirc_001673		NTO	1	4389		0	0	0.0185119210755352	0	0	0.262008890944203	0.117146889840864	0.296839754917225	0.23866552558027	0.0286723100463043	0;0;1;0;0;8;4;9;6;1	0	0	2.92236244888778	rnoCirc_002029	
chr11	98372070	98373570	+	mmuCirc_001674	Stard3	CTO:ALT_DONOR:CDS:5UTR	1	1501	NM_021547	0	0	0	0.0192294131873431	0	0.0327511113680254	0	0.0659643899816055	0.119332762790135	0.086016930138913	0;0;0;1;0;1;0;2;3;3	0	0	1.93442257209118		
chr11	98427060	98427455	+	mmuCirc_001675	Erbb2	CTO:ANNOTATED:CDS	2	291	NM_001003817	0	0	0	0	0	0.0982533341040761	0.117146889840864	0	0	0	0;0;0;0;0;3;4;0;0;0	0	0	2.67072947791755		
chr11	98693383	98694293	+	mmuCirc_001676	Psmd3	CTO:ANNOTATED:CDS	4	495	NM_009439	0.0359829012851383	0	0	0.0192294131873431	0	0.0655022227360508	0	0.164910974954014	0.0795551751934235	0.114689240185217	2;0;0;1;0;2;0;5;2;4	0	0	1.97871446920502	rnoCirc_002030	
chr11	98753290	98764405	+	mmuCirc_001677	Thra	CTO:ALT_DONOR:CDS:5UTR	8	1406	NM_178060	0	0	0	0	0	0.0655022227360508	0.0292867224602159	0.0989465849724082	0.198887937983559	0	0;0;0;0;0;2;1;3;5;0	0	0	2.35538086702575	rnoCirc_002031	
chr11	98756108	98764405	+	mmuCirc_001678	Thra	CTO:ALT_DONOR:CDS	7	1057	NM_178060	0	0	0	0	0	0.0327511113680254	0	0.131928779963211	0	0	0;0;0;0;0;1;0;4;0;0	0	0	2.16226238514047		
chr11	98772167	98774719	+	mmuCirc_001679	Nr1d1	AS:CTO	1	2553	NM_145434	0	0	0	0	0	0	0.0585734449204318	0.0329821949908028	0.159110350386847	0	0;0;0;0;0;0;2;1;4;0	0	0	2.1807754110666		
chr11	98821431	98823399	+	mmuCirc_001680	Casc3	CTO:ANNOTATED:CDS	4	1162	NM_138660	0	0	0	0	0	0.163755556840127	0.0292867224602159	0.0659643899816055	0.159110350386847	0.086016930138913	0;0;0;0;0;5;1;2;4;3	0	0	2.43473074982731		
chr11	98884974	98899855	+	mmuCirc_001681	Wipf2	CTO:ALT_DONOR	7	1561	NM_197940	0	0	0.0185119210755352	0.0192294131873431	0.018226776348359	0.131004445472102	0	0.0659643899816055	0	0	0;0;1;1;1;4;0;2;0;0	0	0	0.542108471944275		
chr11	98996729	98997919	-	mmuCirc_001682	Top2a	CTO:ANNOTATED:CDS	2	238	NM_011623	0	0	0	0	0	0.0327511113680254	0.0292867224602159	0	0.119332762790135	0.143361550231522	0;0;0;0;0;1;1;0;3;5	0	0	2.13271493014189	rnoCirc_002036	
chr11	100378089	100379625	-	mmuCirc_001683	Jup	CTO:ANNOTATED:CDS	2	443	NM_010593	0	0	0	0.0192294131873431	0	0.0655022227360508	0.0292867224602159	0.0659643899816055	0.278443113176982	0.0573446200926087	0;0;0;1;0;2;1;2;7;2	0	0	2.07592987553301		
chr11	100383007	100383654	-	mmuCirc_001684	Jup	CTO:ANNOTATED:CDS	2	499	NM_010593	0	0.0170667097749	0	0.0192294131873431	0	0.0327511113680254	0.0292867224602159	0	0.357998288370406	0.143361550231522	0;1;0;1;0;1;1;0;9;5	0	0	2.02716126829416		
chr11	100592855	100596240	-	mmuCirc_001685	Dnajc7	CTO:ANNOTATED:CDS	2	194	NM_019795	0	0.0341334195498	0.0185119210755352	0.0384588263746862	0.018226776348359	0.229257779576178	0.0878601673806477	0.329821949908027	0.397775875967117	0.114689240185217	0;2;1;2;1;7;3;10;10;4	0	0	2.49431935376793		
chr11	100887722	100887854	+	mmuCirc_001686	Stat3	AS:CTO	1	133	NM_011486:NM_213659:NM_213660	0.0179914506425692	0	0.0555357632266056	0.0384588263746862	0.0364535526967181	0	0	0	0	0.0286723100463043	1;0;3;2;2;0;0;0;0;1	0	0	-1.15105466447053		
chr11	101026678	101048525	+	mmuCirc_001687	Atp6v0a1	CTO:ANNOTATED:CDS	13	1695	NM_001243049:NM_001243050:NM_001243051:NM_016920	0	0	0	0	0	0	0	0	0.159110350386847	0	0;0;0;0;0;0;0;0;4;0	0	0	3.16277680474228		
chr11	101029176	101044623	+	mmuCirc_001688	Atp6v0a1	CTO:ANNOTATED:CDS	10	1374	NM_001243049:NM_001243050:NM_001243051:NM_016920	0	0	0	0	0.018226776348359	0	0.0292867224602159	0.0329821949908028	0	0.086016930138913	0;0;0;0;1;0;1;1;0;3	0	0	1.39278196088938		
chr11	101122673	101156920	+	mmuCirc_001689	Tubg1:Tubg2	ITO:ANNOTATED	1	34248	NM_134024:NM_134028	0.539743519277075	0.3242674857231	0.388750342586239	0.384588263746862	0.346308750618822	0.524017781888406	0.146433612301079	0.263857559926422	0.517108638757253	0.401412340648261	30;19;21;20;19;16;5;8;13;14	1	1	-0.20096322838639	rnoCirc_002049	hsaCirc_006613
chr11	101124233	101159135	+	mmuCirc_001690	Tubg1:Tubg2	ITO:ANNOTATED	1	34903	NM_134024:NM_134028	0.251880308995968	0.1877338075239	0.277678816133028	0.288441197810147	0.328081974270463	0.196506668208152	0.117146889840864	0.0989465849724082	0.198887937983559	0.315395410509348	14;11;15;15;18;6;4;3;5;11	1	1	-0.559876842403385	rnoCirc_002050	
chr11	101126032	101161188	+	mmuCirc_001691	Tubg1:Tubg2	ITO:ANNOTATED	1	35157	NM_134024:NM_134028	0.521752068634506	0.2218672270737	0.370238421510704	0.461505916496235	0.419215856012258	0.131004445472102	0.0292867224602159	0.0659643899816055	0.119332762790135	0.0573446200926087	29;13;20;24;23;4;1;2;3;2	1	1	-2.12302142482554	rnoCirc_002052	hsaCirc_006616
chr11	101216995	101218720	-	mmuCirc_001692	Ezh1	CTO:ANNOTATED:CDS:5UTR	3	317	NM_007970	0	0	0	0.0192294131873431	0	0.0327511113680254	0	0.0989465849724082	0.159110350386847	0.0573446200926087	0;0;0;1;0;1;0;3;4;2	0	0	2.02839635752294		
chr11	101294970	101299076	-	mmuCirc_001693	Becn1	CTO:ANNOTATED:CDS	5	550	NM_019584	0	0	0	0.0192294131873431	0	0.131004445472102	0.0878601673806477	0.164910974954014	0.198887937983559	0.0573446200926087	0;0;0;1;0;4;3;5;5;2	0	0	2.59757081598803		
chr11	102047106	102050530	+	mmuCirc_001694	Cd300lg	CTO:ANNOTATED:CDS	3	248	NM_001160711:NM_001160712:NM_001160713:NM_027987	0	0.0170667097749	0	0.0192294131873431	0	0.0655022227360508	0	0.0989465849724082	0	0	0;1;0;1;0;2;0;3;0;0	0	0	0.701536014156197		
chr11	102351357	102351526	-	mmuCirc_001695	Slc4a1	CTO:ANNOTATED:CDS	1	170	NM_011403	0	0	0	0	0	0	0.0878601673806477	0	0	0	0;0;0;0;0;0;3;0;0;0	0	0	2.43109027266771		
chr11	102799946	102802916	-	mmuCirc_001696	Gjc1	CTO:ALT_DONOR	2	1326	NM_008122:NM_001159382:NM_001159383	0.0539743519277075	0.0170667097749	0	0.0384588263746862	0	0.0655022227360508	0.0585734449204318	0.164910974954014	0.159110350386847	0.0573446200926087	3;1;0;2;0;2;2;5;4;2	0	0	1.61365407213954	rnoCirc_002073	
chr11	102800612	102802916	-	mmuCirc_001697	Gjc1	CTO:ALT_DONOR:CDS:5UTR	2	660	NM_008122:NM_001159382:NM_001159383	0.0359829012851383	0	0.0185119210755352	0.0384588263746862	0	0.163755556840127	0.117146889840864	0.0989465849724082	0.357998288370406	0.0286723100463043	2;0;1;2;0;5;4;3;9;1	0	0	2.01906095068536		
chr11	103043168	103052324	+	mmuCirc_001698	Nmt1	CTO:ANNOTATED:CDS	3	373	NM_008707	0	0	0	0	0	0	0	0.131928779963211	0.0397775875967117	0.0286723100463043	0;0;0;0;0;0;0;4;1;1	0	0	1.9293430686156		
chr11	103046379	103052324	+	mmuCirc_001699	Nmt1	CTO:ANNOTATED:CDS	2	264	NM_008707	0	0	0	0	0	0.0327511113680254	0	0	0.159110350386847	0	0;0;0;0;0;1;0;0;4;0	0	0	2.28098914689479		
chr11	103046379	103055289	+	mmuCirc_001700	Nmt1	CTO:ANNOTATED:CDS	3	356	NM_008707	0.0359829012851383	0	0.240654973981958	0.173064718686088	0.109360658090154	0.491266670520381	0.64430789412475	1.02244804471489	1.55132591627176	0.401412340648261	2;0;13;9;6;15;22;31;39;14	0	1	2.99464395908459	rnoCirc_002077	
chr11	103052206	103056499	+	mmuCirc_001701	Nmt1	CTO:ANNOTATED:CDS	3	328	NM_008707	0	0	0	0	0	0	0.0878601673806477	0	0.159110350386847	0.0286723100463043	0;0;0;0;0;0;3;0;4;1	0	0	2.29232277523036		
chr11	103185621	103186706	+	mmuCirc_001702	Fmnl1	CTO:ANNOTATED:CDS	3	280	NM_001077698:NM_019679	0	0	0	0	0	0	0	0	0.119332762790135	0	0;0;0;0;0;0;0;0;3;0	0	0	2.80046262890159		
chr11	103683792	103687633	-	mmuCirc_001703	Gosr2	CTO:ANNOTATED:CDS	3	383	NM_019650	0	0	0	0	0	0.0327511113680254	0.0292867224602159	0.0989465849724082	0.0795551751934235	0.0286723100463043	0;0;0;0;0;1;1;3;2;1	0	0	1.77424800869335		
chr11	103846374	103863334	-	mmuCirc_001704	Nsf	CTO:ANNOTATED:CDS	5	534	NM_008740	0	0	0	0	0	0.0982533341040761	0	0.0659643899816055	0.0397775875967117	0	0;0;0;0;0;3;0;2;1;0	0	0	2.08238426364812		
chr11	103858895	103863334	-	mmuCirc_001705	Nsf	CTO:ANNOTATED:CDS	3	387	NM_008740	0	0	0	0	0	0.0655022227360508	0.0585734449204318	0.0329821949908028	0.119332762790135	0.0286723100463043	0;0;0;0;0;2;2;1;3;1	0	0	1.9118150461537	rnoCirc_002083	
chr11	103872159	103873310	-	mmuCirc_001706	Nsf	CTO:ANNOTATED:CDS	3	429	NM_008740	0	0	0	0	0	0	0	0.0659643899816055	0.119332762790135	0	0;0;0;0;0;0;0;2;3;0	0	0	2.45210089414782		
chr11	104302361	104306758	+	mmuCirc_001707	Mapt	CTO:ANNOTATED:CDS	2	183	NM_001038609:NM_001285454:NM_001285455:NM_001285456:NM_010838	0	0	0	0	0	0	0	0.0329821949908028	0.0397775875967117	0.143361550231522	0;0;0;0;0;0;0;1;1;5	0	0	2.00503628243323	rnoCirc_002087	
chr11	104338126	104342511	-	mmuCirc_001708	Kansl1	CTO:ANNOTATED:CDS	2	271	NM_001081045	0	0.0170667097749	0	0	0	0.262008890944203	0	0	0.119332762790135	0.0573446200926087	0;1;0;0;0;8;0;0;3;2	0	0	1.91982706397474		
chr11	104342363	104343673	-	mmuCirc_001709	Kansl1	CTO:ANNOTATED:CDS	2	332	NM_001081045	0	0	0	0	0	0	0	0.131928779963211	0.119332762790135	0	0;0;0;0;0;0;0;4;3;0	0	0	2.86289295506762		hsaCirc_006648
chr11	104350487	104378826	-	mmuCirc_001710	Kansl1	CTO:ANNOTATED:CDS	5	716	NM_001081045	0.0359829012851383	0	0.0370238421510704	0.0384588263746862	0.0546803290450771	0.262008890944203	0.117146889840864	0.329821949908027	0.795551751934235	0.372740030601957	2;0;2;2;3;8;4;10;20;13	0	0	2.78487485423247	rnoCirc_002090	
chr11	104356684	104378826	-	mmuCirc_001711	Kansl1	CTO:ANNOTATED:CDS	4	550	NM_001081045	0	0.0170667097749	0	0	0.0546803290450771	0.327511113680254	0	0.131928779963211	0.198887937983559	0.114689240185217	0;1;0;0;3;10;0;4;5;4	0	0	2.0914282796831		hsaCirc_006651
chr11	104368680	104378826	-	mmuCirc_001712	Kansl1	CTO:ANNOTATED:CDS	2	241	NM_001081045	0.0539743519277075	0.0170667097749	0.111071526453211	0.134605892311402	0.0546803290450771	0.720524450096558	0.732168061505397	1.02244804471489	2.46621043099613	1.00353085162065	3;1;6;7;3;22;25;31;62;35	0	1	3.68836447101512		hsaCirc_006652
chr11	104423922	104425293	-	mmuCirc_001713	Kansl1	CTO:ANNOTATED:CDS:5UTR	1	1372	NM_001081045	0	0	0.0185119210755352	0.0192294131873431	0.0364535526967181	0.0982533341040761	0.0585734449204318	0.0989465849724082	0.0397775875967117	0.086016930138913	0;0;1;1;2;3;2;3;1;3	0	0	1.53632298772221	rnoCirc_002093	hsaCirc_006655
chr11	104423922	104426468	-	mmuCirc_001714	Kansl1	CTO:ALT_ACCEPTOR:CDS:5UTR	1	2547	NM_001081045	0.0359829012851383	0.0682668390996	0.0370238421510704	0.0384588263746862	0.0546803290450771	0.360262225048279	0.0878601673806477	0.36280414489883	0.23866552558027	0.229378480370435	2;4;2;2;3;11;3;11;6;8	0	0	1.93705126153462		
chr11	104456950	104459039	+	mmuCirc_001715		NTO	1	2090		0	0	0	0	0	0	0.0292867224602159	0	0.119332762790135	0	0;0;0;0;0;0;1;0;3;0	0	0	2.05083083733911		
chr11	104522723	104526977	-	mmuCirc_001716	Cdc27	CTO:ANNOTATED:CDS	3	349	NM_001285988:NM_001285989:NM_001285990:NM_145436	0	0	0	0	0.018226776348359	0.0327511113680254	0.0585734449204318	0	0.159110350386847	0.0573446200926087	0;0;0;0;1;1;2;0;4;2	0	0	1.88818437739007		
chr11	104526051	104526977	-	mmuCirc_001717	Cdc27	CTO:ANNOTATED:CDS	2	249	NM_001285988:NM_001285989:NM_001285990:NM_145436	0	0	0.0185119210755352	0	0	0	0.205007057221511	0.164910974954014	0.0397775875967117	0.20070617032413	0;0;1;0;0;0;7;5;1;7	0	0	2.69975298526372		
chr11	104526051	104529438	-	mmuCirc_001718	Cdc27	CTO:ANNOTATED:CDS	5	714	NM_001285988:NM_001285989:NM_001285990:NM_145436	0.0539743519277075	0	0	0.0576882395620293	0	0.0982533341040761	0.0292867224602159	0.0989465849724082	0.119332762790135	0.0286723100463043	3;0;0;3;0;3;1;3;3;1	0	0	1.33521849046005	rnoCirc_002096	
chr11	104531730	104536670	-	mmuCirc_001719	Cdc27	CTO:ANNOTATED:CDS:5UTR	3	350	NM_001285988:NM_001285989:NM_001285990:NM_145436	0	0	0	0	0	0	0	0.0329821949908028	0.23866552558027	0	0;0;0;0;0;0;0;1;6;0	0	0	2.54926174818074	rnoCirc_002097	
chr11	104632174	104633650	+	mmuCirc_001720	Itgb3	CTO:ANNOTATED:CDS	2	449	NM_016780	0	0	0	0	0	0.0982533341040761	0	0	0	0	0;0;0;0;0;3;0;0;0;0	0	0	2.56380895521826		
chr11	104658723	104660136	+	mmuCirc_001721	Itgb3	CTO:ANNOTATED:CDS	2	324	NM_016780	0	0	0	0	0	0.0982533341040761	0	0.0329821949908028	0	0	0;0;0;0;0;3;0;1;0;0	0	0	1.98465828467193		
chr11	104658723	104662448	+	mmuCirc_001722	Itgb3	CTO:ANNOTATED:CDS	3	444	NM_016780	0	0	0	0.0576882395620293	0.0364535526967181	0.196506668208152	0.146433612301079	0.0329821949908028	0.119332762790135	0.286723100463044	0;0;0;3;2;6;5;1;3;10	0	0	2.23665780838033		
chr11	104658723	104667213	+	mmuCirc_001723	Itgb3	CTO:ALT_DONOR:CDS:3UTR	5	745	NM_016780	0	0	0	0	0	0.0327511113680254	0.0585734449204318	0	0.119332762790135	0.0573446200926087	0;0;0;0;0;1;2;0;3;2	0	0	2.03125171925431		
chr11	105207380	105210640	+	mmuCirc_001724	Tlk2	CTO:ANNOTATED:CDS:5UTR	4	282	NM_001294331:NM_001294330:NM_001294334:NM_001112705:NM_001294329	0.0539743519277075	0	0	0	0.018226776348359	0.0655022227360508	0.0292867224602159	0.0989465849724082	0.0397775875967117	0	3;0;0;0;1;2;1;3;1;0	0	0	0.945479779638396	rnoCirc_002100	hsaCirc_014493
chr11	105240361	105241661	+	mmuCirc_001725	Tlk2	CTO:ANNOTATED:CDS	2	189	NM_001294331:NM_001294330:NM_001294334:NM_001112705:NM_001294329	0.0359829012851383	0	0.0185119210755352	0.0961470659367156	0	0.229257779576178	0.175720334761295	0.296839754917225	0.318220700773694	0.114689240185217	2;0;1;5;0;7;6;9;8;4	0	0	2.55585068904446	rnoCirc_002106	
chr11	105240361	105247595	+	mmuCirc_001726	Tlk2	CTO:ANNOTATED:CDS	4	437	NM_001294331:NM_001294330:NM_001294334:NM_001112705:NM_001294329	0.0899572532128458	0	0.0555357632266056	0.0961470659367156	0	0.393013336416305	0.0585734449204318	0.36280414489883	0.755774164337523	0.372740030601957	5;0;3;5;0;12;2;11;19;13	0	0	2.6519697717842	rnoCirc_002107	
chr11	105240361	105249637	+	mmuCirc_001727	Tlk2	CTO:ANNOTATED:CDS	5	590	NM_001294331:NM_001294330:NM_001294334:NM_001112705:NM_001294329	0	0	0	0	0	0	0.205007057221511	0.0659643899816055	0	0	0;0;0;0;0;0;7;2;0;0	0	0	2.79781875288144		
chr11	106096991	106123906	+	mmuCirc_001728	Map3k3	CTO:ANNOTATED:CDS	5	498	NM_011947	0	0.0170667097749	0.0185119210755352	0.0192294131873431	0.018226776348359	0.327511113680254	0.0292867224602159	0.395786339889633	0.636441401547388	0.315395410509348	0;1;1;1;1;10;1;12;16;11	0	0	3.03207872686139	rnoCirc_002118	
chr11	106110744	106123906	+	mmuCirc_001729	Map3k3	CTO:ANNOTATED:CDS	4	376	NM_011947	0	0	0	0	0	0.131004445472102	0.0585734449204318	0	0.0795551751934235	0.0286723100463043	0;0;0;0;0;4;2;0;2;1	0	0	2.1222896233571	rnoCirc_002119	
chr11	106114184	106117603	+	mmuCirc_001730	Map3k3	CTO:ANNOTATED:CDS	2	214	NM_011947	0	0	0	0	0	0.0982533341040761	0	0.0329821949908028	0.0397775875967117	0	0;0;0;0;0;3;0;1;1;0	0	0	1.8496404152253		