chr14	31025498	31036059	+	mmuCirc_002870	Pbrm1	CTO:ANNOTATED:CDS:5UTR	5	660	NM_001081251	0	0	0	0	0	0.0327511113680254	0	0.0659643899816055	0.159110350386847	0	0;0;0;0;0;1;0;2;4;0	0	0	2.22190581772788		
chr14	31030844	31036059	+	mmuCirc_002871	Pbrm1	CTO:ANNOTATED:CDS	3	409	NM_001081251	0	0	0.0185119210755352	0.134605892311402	0.0729071053934362	0.687773338728533	0.439300836903238	1.02244804471489	1.43199315348162	0.516101580833478	0;0;1;7;4;21;15;31;36;18	0	1	4.03702451817079		
chr14	31030844	31040531	+	mmuCirc_002872	Pbrm1	CTO:ANNOTATED:CDS	5	577	NM_001081251	0	0	0	0	0	0.131004445472102	0	0.0659643899816055	0.0397775875967117	0	0;0;0;0;0;4;0;2;1;0	0	0	2.19995431759578		
chr14	31061469	31064851	+	mmuCirc_002873	Pbrm1	CTO:ANNOTATED:CDS	2	383	NM_001081251	0	0	0	0	0	0	0	0.0989465849724082	0	0.0286723100463043	0;0;0;0;0;0;0;3;0;1	0	0	1.92767159744432		
chr14	31061469	31074982	+	mmuCirc_002874	Pbrm1	CTO:ANNOTATED:CDS	4	1238	NM_001081251	0.0359829012851383	0.0341334195498	0.0740476843021408	0	0.0364535526967181	0.229257779576178	0.117146889840864	0.659643899816055	0.556886226353964	0.258050790416739	2;2;4;0;2;7;4;20;14;9	0	0	2.69989052730658		
chr14	31061469	31089622	+	mmuCirc_002875	Pbrm1	CTO:ANNOTATED:CDS	9	2150	NM_001081251	0	0	0.0185119210755352	0	0.0729071053934362	0.0655022227360508	0	0.164910974954014	0.0397775875967117	0.0286723100463043	0;0;1;0;4;2;0;5;1;1	0	0	1.25158319334738		
chr14	31082550	31089622	+	mmuCirc_002876	Pbrm1	CTO:ANNOTATED:CDS	5	912	NM_001081251	0.0179914506425692	0	0	0.0576882395620293	0	0	0	0	0.159110350386847	0.0573446200926087	1;0;0;3;0;0;0;0;4;2	0	0	0.743568909766455		
chr14	31106349	31107107	+	mmuCirc_002877	Pbrm1	INTRONIC	1	759	NM_001081251	0	0	0	0.0384588263746862	0	0.131004445472102	0.0878601673806477	0.0329821949908028	0.0397775875967117	0.0286723100463043	0;0;0;2;0;4;3;1;1;1	0	0	1.61368041254492		
chr14	31139744	31140075	-	mmuCirc_002878	Stab1	CTO:ANNOTATED:CDS	2	255	NM_138672	0	0	0	0	0.0364535526967181	0	0	0	0.119332762790135	0	0;0;0;0;2;0;0;0;3;0	0	0	0.651699127169924		
chr14	31139926	31140075	-	mmuCirc_002879	Stab1	CTO:ANNOTATED:CDS	1	150	NM_138672	0	0	0	0	0	0	0.0878601673806477	0.197893169944816	0.0795551751934235	0.114689240185217	0;0;0;0;0;0;3;6;2;4	0	0	2.73592458868618		
chr14	31143118	31143443	-	mmuCirc_002880	Stab1	CTO:ANNOTATED:CDS	2	237	NM_138672	0	0	0	0.0384588263746862	0	0	0.0292867224602159	0.0329821949908028	0.119332762790135	0.0286723100463043	0;0;0;2;0;0;1;1;3;1	0	0	1.31071241783546		
chr14	31184942	31185425	-	mmuCirc_002881	Nisch	CTO:ANNOTATED:CDS	2	223	NM_022656	0	0	0	0.0192294131873431	0.018226776348359	0.393013336416305	0.0878601673806477	0.197893169944816	0.278443113176982	0.229378480370435	0;0;0;1;1;12;3;6;7;8	0	0	3.17557712700451		
chr14	31210060	31210206	+	mmuCirc_002882	Tnnc1	CTO:ANNOTATED:CDS	1	147	NM_009393	0	0	0	0.0192294131873431	0	0.163755556840127	0.146433612301079	0.0659643899816055	0.278443113176982	0.0573446200926087	0;0;0;1;0;5;5;2;7;2	0	0	2.64781585978602		
chr14	31210060	31210678	+	mmuCirc_002883	Tnnc1	CTO:ANNOTATED:CDS	2	262	NM_009393	0	0	0	0.0192294131873431	0	0	0	0.0989465849724082	0.0397775875967117	0.0286723100463043	0;0;0;1;0;0;0;3;1;1	0	0	1.48767070539297		
chr14	31210165	31210638	-	mmuCirc_002884	Tnnc1	AS:CTO	1	474	NM_009393	0.575726420562213	0.2730673563984	0.166607289679817	0.326900024184833	0.473896185057335	0	0.0585734449204318	0	0.0795551751934235	0.086016930138913	32;16;9;17;26;0;2;0;2;3	1	1	-2.80769898339018	rnoCirc_004479	
chr14	31363479	31369851	+	mmuCirc_002885	Capn7	CTO:ANNOTATED:CDS	7	797	NM_009796	0	0	0	0	0	0.0655022227360508	0.0585734449204318	0.197893169944816	0.198887937983559	0.172033860277826	0;0;0;0;0;2;2;6;5;6	0	0	2.8461924340625		hsaCirc_010061
chr14	31482791	31487741	-	mmuCirc_002886	Mettl6	CTO:ANNOTATED:CDS	2	313	NM_025907	0	0	0	0	0	0.0655022227360508	0	0.0329821949908028	0.159110350386847	0.0286723100463043	0;0;0;0;0;2;0;1;4;1	0	0	1.98683689806932		hsaCirc_010063
chr14	31482791	31492456	-	mmuCirc_002887	Mettl6	CTO:ANNOTATED:CDS	3	448	NM_025907	0.0179914506425692	0.0170667097749	0.0370238421510704	0.0576882395620293	0.0364535526967181	0.229257779576178	0.351440669522591	0.197893169944816	0.278443113176982	0.114689240185217	1;1;2;3;2;7;12;6;7;4	0	0	2.23379952644978	rnoCirc_004485	
chr14	31719341	31748843	-	mmuCirc_002888	Ankrd28	CTO:ANNOTATED:CDS	13	1410	NM_001024604	0	0	0	0	0	0	0	0.0329821949908028	0.198887937983559	0	0;0;0;0;0;0;0;1;5;0	0	0	2.42881408235804		
chr14	31727635	31748843	-	mmuCirc_002889	Ankrd28	CTO:ANNOTATED:CDS	10	1196	NM_001024604	0	0	0	0.0192294131873431	0	0.163755556840127	0	0.0659643899816055	0.0397775875967117	0.0286723100463043	0;0;0;1;0;5;0;2;1;1	0	0	1.79855632553137		
chr14	31743223	31748843	-	mmuCirc_002890	Ankrd28	CTO:ANNOTATED:CDS	4	645	NM_001024604	0	0	0	0	0	0.0327511113680254	0	0.131928779963211	0.0795551751934235	0	0;0;0;0;0;1;0;4;2;0	0	0	2.21334036134504		
chr14	31755733	31779005	-	mmuCirc_002891	Ankrd28	CTO:ANNOTATED:CDS	3	234	NM_001024604	0	0	0.0370238421510704	0	0	0.0982533341040761	0.0878601673806477	0.131928779963211	0	0	0;0;2;0;0;3;3;4;0;0	0	0	2.13621908689898		
chr14	32238531	32242346	+	mmuCirc_002892	Parg	CTO:ANNOTATED:CDS	2	251	NM_011960	0.0179914506425692	0	0	0.0192294131873431	0.018226776348359	0.229257779576178	0.146433612301079	0.428768534880436	0.278443113176982	0.172033860277826	1;0;0;1;1;7;5;13;7;6	0	0	3.10296398758418	rnoCirc_004493	
chr14	32258078	32262831	+	mmuCirc_002893	Parg	CTO:ANNOTATED:CDS	2	224	NM_011960	0	0	0	0	0	0.131004445472102	0.0292867224602159	0.0659643899816055	0.0795551751934235	0.0573446200926087	0;0;0;0;0;4;1;2;2;2	0	0	2.1176509161445	rnoCirc_004496	
chr14	32526149	32526878	+	mmuCirc_002894	Ercc6	CTO:ANNOTATED:CDS	1	730	NM_001081221	0	0	0	0.0384588263746862	0.018226776348359	0.0327511113680254	0.117146889840864	0.0329821949908028	0	0.0286723100463043	0;0;0;2;1;1;4;1;0;1	0	0	0.876691188606017		
chr14	32526149	32541354	+	mmuCirc_002895	Ercc6	CTO:ANNOTATED:CDS	2	859	NM_001081221	0	0	0	0	0	0.0327511113680254	0.146433612301079	0	0	0.0286723100463043	0;0;0;0;0;1;5;0;0;1	0	0	1.91305921877944		
chr14	32526149	32552710	+	mmuCirc_002896	Ercc6	CTO:ANNOTATED:CDS	4	1154	NM_001081221	0.0179914506425692	0	0	0	0	0.0655022227360508	0.0585734449204318	0.0989465849724082	0.159110350386847	0.0573446200926087	1;0;0;0;0;2;2;3;4;2	0	0	2.16612972709942	rnoCirc_004519	
chr14	32661645	32661771	-	mmuCirc_002897	3425401B19Rik	CTO:ALT_DONOR:ALT_ACCEPTOR:CDS	1	127	NM_001195097	0	0.0341334195498	0.0555357632266056	0.0192294131873431	0.018226776348359	0	0	0	0	0	0;2;3;1;1;0;0;0;0;0	0	0	-1.31504967214279		
chr14	33402624	33411024	-	mmuCirc_002898	Mapk8	CTO:ANNOTATED:CDS:5UTR	4	497	NM_016700	0.0179914506425692	0	0.0370238421510704	0.0769176527493725	0.018226776348359	0.0982533341040761	0.117146889840864	0.164910974954014	0.437553463563829	0.0573446200926087	1;0;2;4;1;3;4;5;11;2	0	0	1.87376084326234	rnoCirc_004523	hsaCirc_002087
chr14	33408048	33411024	-	mmuCirc_002899	Mapk8	CTO:ANNOTATED:CDS:5UTR	2	299	NM_016700	0	0	0	0.0192294131873431	0	0.0655022227360508	0.117146889840864	0	0	0	0;0;0;1;0;2;4;0;0;0	0	0	1.30055872356779	rnoCirc_004524	hsaCirc_002086
chr14	34319882	34336576	+	mmuCirc_002900	Glud1	CTO:ANNOTATED:CDS	8	833	NM_008133	0	0	0.0185119210755352	0.0192294131873431	0	0.0327511113680254	0	0.0329821949908028	0.119332762790135	0.0573446200926087	0;0;1;1;0;1;0;1;3;2	0	0	1.40980795785759		
chr14	34396165	34396639	+	mmuCirc_002901	Mmrn2	CTO:ANNOTATED:CDS	3	317	NM_153127	0	0	0	0	0	0.0327511113680254	0.0878601673806477	0.131928779963211	0.23866552558027	0.086016930138913	0;0;0;0;0;1;3;4;6;3	0	0	2.57097073824962		
chr14	34422560	34425138	-	mmuCirc_002902	Bmpr1a	CTO:ANNOTATED:CDS	2	491	NM_009758	0	0	0	0	0	0.131004445472102	0.117146889840864	0	0.159110350386847	0.086016930138913	0;0;0;0;0;4;4;0;4;3	0	0	2.81579217212097		
chr14	34434379	34434734	-	mmuCirc_002903	Bmpr1a	CTO:ANNOTATED:CDS	2	197	NM_009758	0.0179914506425692	0.0512001293247	0.0185119210755352	0.0192294131873431	0	0.131004445472102	0.175720334761295	0.428768534880436	0.318220700773694	0.172033860277826	1;3;1;1;0;4;6;13;8;6	0	0	2.67270536985024		
chr14	34441099	34447978	-	mmuCirc_002904	Bmpr1a	CTO:ANNOTATED:CDS:5UTR	3	473	NM_009758	0	0	0	0	0	0.0982533341040761	0.175720334761295	0.0659643899816055	0.198887937983559	0	0;0;0;0;0;3;6;2;5;0	0	0	2.85259760389264	rnoCirc_004500	
chr14	34441099	34460615	-	mmuCirc_002905	Bmpr1a	CTO:ALT_ACCEPTOR:CDS:5UTR	4	590	NM_009758	0	0	0	0	0	0	0.0292867224602159	0	0.119332762790135	0	0;0;0;0;0;0;1;0;3;0	0	0	2.05083083733911		
chr14	34528660	34529133	-	mmuCirc_002906	Ldb3	CTO:ALT_DONOR:ALT_ACCEPTOR:3UTR	1	474	NM_001039074:NM_001039071:NM_001039072:NM_001039073:NM_011918	0	0	0	0	0	0	0	0	0.119332762790135	0	0;0;0;0;0;0;0;0;3;0	0	0	2.80046262890159		
chr14	34536565	34544417	-	mmuCirc_002907	Ldb3	CTO:ANNOTATED:CDS	4	863	NM_001039074:NM_001039071:NM_001039072:NM_001039073:NM_011918	0.0179914506425692	0	0.0185119210755352	0.0192294131873431	0.018226776348359	0.0982533341040761	0.117146889840864	0.0989465849724082	0.119332762790135	0.086016930138913	1;0;1;1;1;3;4;3;3;3	0	0	1.86857742173605	rnoCirc_004505	
chr14	34578595	34579327	-	mmuCirc_002908	Ldb3	CTO:ANNOTATED:CDS	2	228	NM_001039074:NM_001039071:NM_001039072:NM_001039073:NM_011918:NM_001039075:NM_001039076	0	0	0.0185119210755352	0.0192294131873431	0	0	0.117146889840864	0.0659643899816055	0.119332762790135	0.0286723100463043	0;0;1;1;0;0;4;2;3;1	0	0	1.76192804795325		hsaCirc_002292
chr14	34691682	34695105	+	mmuCirc_002909	Wapal	CTO:ANNOTATED:CDS	2	1172	NM_001004436:NM_001301330	0.0359829012851383	0.0170667097749	0.0370238421510704	0.0384588263746862	0.0729071053934362	0.556768893256432	0.146433612301079	0.560697314843647	0.278443113176982	0.286723100463044	2;1;2;2;4;17;5;17;7;10	0	0	2.59097488839708	rnoCirc_004514	
chr14	34730549	34731609	+	mmuCirc_002910	Wapal	CTO:ANNOTATED:CDS	2	213	NM_001004436:NM_001301330	0.0179914506425692	0.0170667097749	0.0370238421510704	0.0192294131873431	0.0364535526967181	0.294760002312228	0.175720334761295	0.230875364935619	0.477331051160541	0.229378480370435	1;1;2;1;2;9;6;7;12;8	0	0	2.67916728229459	rnoCirc_004517	
chr14	34739231	34744904	+	mmuCirc_002911	Wapal	CTO:ANNOTATED:CDS	3	393	NM_001004436:NM_001301330	0	0	0	0	0	0.0327511113680254	0.0292867224602159	0	0.119332762790135	0.0573446200926087	0;0;0;0;0;1;1;0;3;2	0	0	1.86304102711548		
chr14	36896255	36909212	-	mmuCirc_002912	Ccser2	CTO:ANNOTATED:CDS	4	457	NM_028407:NM_027045	0.0539743519277075	0	0	0.0192294131873431	0.0364535526967181	0.0982533341040761	0.0585734449204318	0.197893169944816	0.437553463563829	0.143361550231522	3;0;0;1;2;3;2;6;11;5	0	0	2.23464790721199	rnoCirc_004527	hsaCirc_002282
chr14	36917804	36918596	-	mmuCirc_002913	Ccser2	CTO:ALT_DONOR:CDS	1	793	NM_028407:NM_027045	0	0	0	0	0	0	0	0	0.119332762790135	0	0;0;0;0;0;0;0;0;3;0	0	0	2.80046262890159		
chr14	36918434	36926929	-	mmuCirc_002914	Ccser2	CTO:ANNOTATED:CDS:5UTR	2	254	NM_028407:NM_027045	0.0179914506425692	0	0	0.0384588263746862	0	0.0982533341040761	0.0878601673806477	0.0329821949908028	0.0397775875967117	0.0573446200926087	1;0;0;2;0;3;3;1;1;2	0	0	1.49164335945752		hsaCirc_002278
chr14	36938584	36941264	-	mmuCirc_002915	Ccser2	CTO:ANNOTATED:CDS:5UTR	2	1650	NM_027045	0.0179914506425692	0.0170667097749	0.0185119210755352	0.0192294131873431	0	0.0327511113680254	0	0.131928779963211	0.0795551751934235	0.086016930138913	1;1;1;1;0;1;0;4;2;3	0	0	1.06264082891988	rnoCirc_004528	hsaCirc_002277
chr14	40840225	40874239	-	mmuCirc_002916	Sh2d4b	CTO:ANNOTATED:CDS	5	798	NM_177816	0	0	0	0	0.018226776348359	0.0982533341040761	0.0585734449204318	0.0659643899816055	0.278443113176982	0.143361550231522	0;0;0;0;1;3;2;2;7;5	0	0	2.52727740003201	rnoCirc_004531	
chr14	45334653	45343727	+	mmuCirc_002917	Psmc6	CTO:ANNOTATED:CDS	8	721	NM_025959	0.0359829012851383	0.0512001293247	0	0.0769176527493725	0.0729071053934362	0.360262225048279	0.0878601673806477	0.296839754917225	0.556886226353964	0.286723100463044	2;3;0;4;4;11;3;9;14;10	0	1	2.3290719548648		
chr14	45341282	45343727	+	mmuCirc_002918	Psmc6	CTO:ANNOTATED:CDS	3	264	NM_025959	0	0	0.0185119210755352	0.0192294131873431	0	0.0655022227360508	0.0292867224602159	0.0659643899816055	0.23866552558027	0.0573446200926087	0;0;1;1;0;2;1;2;6;2	0	0	1.84559522237815		
chr14	45616530	45629753	-	mmuCirc_002919	Ddhd1	CTO:ANNOTATED:CDS:5UTR	6	681	NM_001039106:NM_001042719:NM_001284399:NM_176845	0.0179914506425692	0.0170667097749	0.0555357632266056	0.0192294131873431	0.0364535526967181	0.360262225048279	0.205007057221511	0.692626094806858	0.517108638757253	0.20070617032413	1;1;3;1;2;11;7;21;13;7	0	0	2.98102654053037		
chr14	46762528	46768897	+	mmuCirc_002920	Cdkn3	CTO:ANNOTATED:CDS	5	439	NM_028222	0	0	0	0	0	0.0327511113680254	0	0.0989465849724082	0.0397775875967117	0.0286723100463043	0;0;0;0;0;1;0;3;1;1	0	0	1.708537340067		
chr14	47016277	47016795	+	mmuCirc_002921	Samd4	CTO:ANNOTATED:CDS:5UTR	1	519	NM_001037221:NM_028966:NM_001163433	0.0899572532128458	0.0341334195498	0.0370238421510704	0	0.109360658090154	0.393013336416305	0.117146889840864	0.461750729871238	0.357998288370406	0.372740030601957	5;2;2;0;6;12;4;14;9;13	0	0	2.43430185943028	rnoCirc_004035	hsaCirc_004911
chr14	47016277	47053113	+	mmuCirc_002922	Samd4	CTO:ANNOTATED:CDS:5UTR	2	783	NM_001037221:NM_028966:NM_001163433	0	0	0	0	0	0.0982533341040761	0	0	0.198887937983559	0	0;0;0;0;0;3;0;0;5;0	0	0	3.00796475290437	rnoCirc_004037	hsaCirc_004912
chr14	47052850	47077592	+	mmuCirc_002923	Samd4	CTO:ANNOTATED:CDS	5	860	NM_001037221:NM_028966:NM_001163433	0	0	0	0.0384588263746862	0.018226776348359	0.0655022227360508	0.0878601673806477	0.428768534880436	0.23866552558027	0.143361550231522	0;0;0;2;1;2;3;13;6;5	0	0	2.65119196971416	rnoCirc_004040	hsaCirc_004914
chr14	47052850	47096174	+	mmuCirc_002924	Samd4	CTO:ANNOTATED:CDS	9	1392	NM_001037221:NM_028966:NM_001163433	0.0179914506425692	0	0	0	0	0.0327511113680254	0	0.0329821949908028	0.198887937983559	0.0286723100463043	1;0;0;0;0;1;0;1;5;1	0	0	1.65356402549877	rnoCirc_004041	
chr14	47064220	47077592	+	mmuCirc_002925	Samd4	CTO:ANNOTATED:CDS	4	596	NM_001037221:NM_028966:NM_001163433	0	0	0	0.0192294131873431	0	0.131004445472102	0.0292867224602159	0.0659643899816055	0.278443113176982	0	0;0;0;1;0;4;1;2;7;0	0	0	2.31222640621538	rnoCirc_004044	
chr14	47064220	47096174	+	mmuCirc_002926	Samd4	CTO:ANNOTATED:CDS	8	1128	NM_001037221:NM_028966:NM_001163433	0.0179914506425692	0	0.0555357632266056	0	0.0364535526967181	0.327511113680254	0.0292867224602159	0.263857559926422	0.6762189891441	0.143361550231522	1;0;3;0;2;10;1;8;17;5	0	0	2.61176965855031	rnoCirc_004045	
chr14	47066388	47096174	+	mmuCirc_002927	Samd4	CTO:ANNOTATED:CDS	7	1018	NM_001037221:NM_028966:NM_001163433	0	0	0	0	0	0	0	0.0659643899816055	0.119332762790135	0	0;0;0;0;0;0;0;2;3;0	0	0	2.45210089414782		
chr14	47500794	47505132	+	mmuCirc_002928	Fbxo34	CTO:ANNOTATED:5UTR	2	224	NM_001146085:NM_001146086:NM_030236:NR_027414	0	0	0	0.0192294131873431	0	0	0	0	0.119332762790135	0	0;0;0;1;0;0;0;0;3;0	0	0	1.82852687385981		
chr14	47504986	47509229	+	mmuCirc_002929	Fbxo34	CTO:ANNOTATED	3	502	NM_001146085:NM_001146086:NM_030236:NR_027414	0	0	0	0	0	0.0327511113680254	0	0.0329821949908028	0.119332762790135	0.0286723100463043	0;0;0;0;0;1;0;1;3;1	0	0	1.72206824508889		
chr14	47683383	47686343	+	mmuCirc_002930	Ktn1	CTO:ANNOTATED:CDS	3	328	NM_001293635:NM_001293636:NM_008477	0.0179914506425692	0.0341334195498	0.0555357632266056	0	0	0.229257779576178	0.175720334761295	0.395786339889633	0.278443113176982	0.114689240185217	1;2;3;0;0;7;6;12;7;4	0	0	2.73593028014687		
chr14	47693404	47693943	+	mmuCirc_002931	Ktn1	CTO:ANNOTATED:CDS	2	160	NM_001293635:NM_001293636:NM_008477	0.0179914506425692	0	0	0	0	0.0982533341040761	0.0878601673806477	0.296839754917225	0.596663813950676	0.172033860277826	1;0;0;0;0;3;3;9;15;6	0	0	3.25292139715123		
chr14	47708802	47712508	+	mmuCirc_002932	Ktn1	CTO:ANNOTATED:CDS	3	186	NM_001293635:NM_001293636:NM_008477	0.0359829012851383	0.0170667097749	0	0	0.018226776348359	0.327511113680254	0.351440669522591	0.59367950983445	0.318220700773694	0.258050790416739	2;1;0;0;1;10;12;18;8;9	0	0	3.56818726675284		
chr14	47708802	47714722	+	mmuCirc_002933	Ktn1	CTO:ANNOTATED:CDS	4	277	NM_001293635:NM_001293636:NM_008477	0	0	0	0	0	0.0655022227360508	0.0292867224602159	0.230875364935619	0.0397775875967117	0.143361550231522	0;0;0;0;0;2;1;7;1;5	0	0	2.33113222183417		
chr14	47708802	47716960	+	mmuCirc_002934	Ktn1	CTO:ANNOTATED:CDS	5	364	NM_001293635:NM_001293636:NM_008477	0	0	0	0	0	0.229257779576178	0	0.0659643899816055	0	0.0286723100463043	0;0;0;0;0;7;0;2;0;1	0	0	2.34213567859836		
chr14	47714632	47720285	+	mmuCirc_002935	Ktn1	CTO:ANNOTATED:CDS	3	268	NM_001293635:NM_001293636:NM_008477	0.0719658025702766	0	0.0185119210755352	0.0192294131873431	0.0364535526967181	0.294760002312228	0.117146889840864	0.461750729871238	0.23866552558027	0.086016930138913	4;0;1;1;2;9;4;14;6;3	0	0	2.36557623989259		
chr14	47720196	47733322	+	mmuCirc_002936	Ktn1	CTO:ANNOTATED:CDS	9	774	NM_001293635:NM_001293636:NM_008477	0	0	0	0	0	0	0	0.164910974954014	0	0	0;0;0;0;0;0;0;5;0;0	0	0	3.20875894992606		