chr2	179935029	179939954	-	mmuCirc_005952	Taf4a	CTO:ANNOTATED:CDS	4	524	NM_001081092	0.0179914506425692	0	0	0.0192294131873431	0	0.0327511113680254	0	0.0989465849724082	0	0.0573446200926087	1;0;0;1;0;1;0;3;0;2	0	0	1.00628345632503		
chr2	180181350	180181498	-	mmuCirc_005953	Lama5	CTO:ANNOTATED:CDS	1	149	NM_001081171	0	0	0	0	0.018226776348359	0	0.0585734449204318	0	0.159110350386847	0	0;0;0;0;1;0;2;0;4;0	0	0	1.40074502525886		
chr2	180193692	180193903	-	mmuCirc_005954	Lama5	CTO:ALT_ACCEPTOR:CDS	1	212	NM_001081171	0	0	0.0370238421510704	0.0192294131873431	0	0	0	0.0329821949908028	0.0397775875967117	0.086016930138913	0;0;2;1;0;0;0;1;1;3	0	0	0.969278017685575		
chr2	180198475	180198609	-	mmuCirc_005955	Lama5	CTO:ANNOTATED:CDS	1	135	NM_001081171	0	0	0	0	0	0.0655022227360508	0	0.0329821949908028	0	0.086016930138913	0;0;0;0;0;2;0;1;0;3	0	0	1.96923076843915		
chr2	180221226	180221378	-	mmuCirc_005956	Lama5	CTO:ANNOTATED:CDS	1	153	NM_001081171	0	0	0	0	0	0	0	0	0	0.114689240185217	0;0;0;0;0;0;0;0;0;4	0	0	2.75156269883195		
chr2	180672283	180673591	-	mmuCirc_005957	Dido1	CTO:ANNOTATED:CDS	3	358	NM_175551:NR_111965:NM_001291433:NM_177852	0.0179914506425692	0	0	0	0	0.0982533341040761	0	0	0.0795551751934235	0.086016930138913	1;0;0;0;0;3;0;0;2;3	0	0	2.11995107832887		
chr2	181346832	181347094	+	mmuCirc_005958	Rtel1	CTO:ANNOTATED:CDS	2	157	NM_001001882:NM_001166665:NM_001166666:NM_001166667:NM_001166668:NR_030710	0	0	0	0	0	0.0982533341040761	0.0292867224602159	0	0.0397775875967117	0.0286723100463043	0;0;0;0;0;3;1;0;1;1	0	0	1.68192848140201		
chr2	181411696	181424388	-	mmuCirc_005959	Zbtb46	CTO:ANNOTATED:CDS:5UTR	2	1255	NM_027656:NM_028125	0.0179914506425692	0.0170667097749	0	0	0.0364535526967181	0.196506668208152	0.0878601673806477	0.0989465849724082	0.198887937983559	0.286723100463044	1;1;0;0;2;6;3;3;5;10	0	0	2.50355880194831	rnoCirc_008494	hsaCirc_009584
chr2	181501905	181508267	+	mmuCirc_005960	Tpd52l2	CTO:ANNOTATED:CDS	3	311	NM_001291197:NM_001291200:NM_001291201:NM_001291202:NM_001291203:NM_001291204:NM_025482:NR_111899	0.0179914506425692	0	0	0	0	0.0327511113680254	0.117146889840864	0.230875364935619	0.198887937983559	0.0286723100463043	1;0;0;0;0;1;4;7;5;1	0	0	2.32705947871562		
chr2	181546371	181547553	+	mmuCirc_005961	Dnajc5	CTO:ANNOTATED:CDS:5UTR	2	332	NM_001271584:NM_001271585:NM_016775:NR_073369	0.0179914506425692	0.0512001293247	0.092559605377676	0.134605892311402	0.0911338817417952	0.720524450096558	0.64430789412475	1.05543023970569	1.31266039069149	0.630790821018696	1;3;5;7;5;22;22;32;33;22	0	1	3.28407819357597		
chr2	181608120	181622317	+	mmuCirc_005962	Prpf6	CTO:ANNOTATED:CDS	5	700	NM_133701	0	0	0	0	0.018226776348359	0	0	0.164910974954014	0.0795551751934235	0.0573446200926087	0;0;0;0;1;0;0;5;2;2	0	0	2.18032422170634		
chr2	181631435	181632087	+	mmuCirc_005963	Prpf6	CTO:ANNOTATED:CDS	2	252	NM_133701	0.0179914506425692	0.0341334195498	0.0555357632266056	0.0384588263746862	0.0729071053934362	0.589520004624457	0.527161004283886	0.791572679779266	0.795551751934235	0.573446200926087	1;2;3;2;4;18;18;24;20;20	0	0	3.44886588875106	rnoCirc_008496	
chr3	9470892	9474602	-	mmuCirc_005964	Zfp704	CTO:ANNOTATED:CDS	2	331	NM_133218	0	0	0	0.0192294131873431	0	0	0.0292867224602159	0.0659643899816055	0.159110350386847	0.114689240185217	0;0;0;1;0;0;1;2;4;4	0	0	2.08683548842579		
chr3	9565064	9565299	-	mmuCirc_005965	Zfp704	CTO:ANNOTATED:CDS	1	236	NM_133218	0	0	0	0.0192294131873431	0	0.0655022227360508	0.0878601673806477	0.0989465849724082	0	0.0286723100463043	0;0;0;1;0;2;3;3;0;1	0	0	1.48209192752858		
chr3	9749456	9752486	-	mmuCirc_005966	Pag1	CTO:ALT_DONOR:5UTR	1	3031	NM_001195031:NM_053182	0	0	0	0.0384588263746862	0	0.0982533341040761	0	0	0	0.0286723100463043	0;0;0;2;0;3;0;0;0;1	0	0	0.766496445918758		
chr3	14545496	14559391	+	mmuCirc_005967	Lrrcc1	CTO:ANNOTATED:CDS	9	1566	NM_001163579:NM_001163580:NM_028915	0.0179914506425692	0	0.0185119210755352	0	0.0364535526967181	0	0.0292867224602159	0.164910974954014	0.0795551751934235	0.114689240185217	1;0;1;0;2;0;1;5;2;4	0	0	1.24179454866778		
chr3	14554304	14559391	+	mmuCirc_005968	Lrrcc1	CTO:ANNOTATED:CDS	4	727	NM_001163579:NM_001163580:NM_028915	0	0	0	0	0	0	0	0	0	0.086016930138913	0;0;0;0;0;0;0;0;0;3	0	0	2.40622276606355		
chr3	14587310	14588313	+	mmuCirc_005969	E2f5	CTO:ALT_DONOR:CDS	2	284	NM_007892	0.0359829012851383	0.0512001293247	0.0370238421510704	0.134605892311402	0.0364535526967181	0.556768893256432	0.615021171664534	0.95648365473328	1.47177074107833	0.487429270787174	2;3;2;7;2;17;21;29;37;17	0	0	3.41163519085209		
chr3	19233100	19243201	-	mmuCirc_005970	Pde7a	CTO:ANNOTATED:CDS	6	637	NM_008802:NM_001122759	0	0	0	0	0	0	0	0	0.119332762790135	0	0;0;0;0;0;0;0;0;3;0	0	0	2.80046262890159		
chr3	19233460	19256861	-	mmuCirc_005971	Pde7a	CTO:ALT_DONOR:CDS	6	845	NM_008802:NM_001122759	0.0179914506425692	0	0	0	0.018226776348359	0.0655022227360508	0.0585734449204318	0.0659643899816055	0.0795551751934235	0.086016930138913	1;0;0;0;1;2;2;2;2;3	0	0	1.807040727065		
chr3	19670924	19672997	+	mmuCirc_005972	Trim55	CTO:ANNOTATED:CDS	4	624	NM_001081281	0	0	0	0	0	0.0982533341040761	0.0292867224602159	0	0	0	0;0;0;0;0;3;1;0;0;0	0	0	1.93250400049745	rnoCirc_006500	
chr3	20072369	20086193	+	mmuCirc_005973	Hltf	CTO:ANNOTATED:CDS	7	561	NM_009210:NR_105046:NR_105047	0	0	0	0	0.018226776348359	0.0982533341040761	0	0	0	0	0;0;0;0;1;3;0;0;0;0	0	0	0.814612705960313		
chr3	22140435	22149008	+	mmuCirc_005974	Tbl1xr1	CTO:ALT_ACCEPTOR:5UTR	1	8574	NM_030732	0	0	0	0.0384588263746862	0	0.0982533341040761	0.0585734449204318	0.197893169944816	0.397775875967117	0.0286723100463043	0;0;0;2;0;3;2;6;10;1	0	0	2.42074750087078		
chr3	22179203	22192267	+	mmuCirc_005975	Tbl1xr1	CTO:ANNOTATED:CDS:5UTR	7	909	NM_030732	0	0	0	0	0	0	0	0.131928779963211	0	0	0;0;0;0;0;0;0;4;0;0	0	0	2.92532328123365		
chr3	22188366	22193168	+	mmuCirc_005976	Tbl1xr1	CTO:ANNOTATED:CDS	7	867	NM_030732	0	0	0	0	0	0.0327511113680254	0	0	0.119332762790135	0	0;0;0;0;0;1;0;0;3;0	0	0	2.09983205897444	rnoCirc_006511	
chr3	27141626	27145059	-	mmuCirc_005977	Ect2	CTO:ANNOTATED:CDS	2	182	NM_001177625:NM_007900:NM_001177626	0	0	0.0185119210755352	0.0192294131873431	0	0	0.117146889840864	0.0989465849724082	0.0397775875967117	0.114689240185217	0;0;1;1;0;0;4;3;1;4	0	0	1.94095461925196	rnoCirc_006518	
chr3	27222668	27222896	+	mmuCirc_005978	Nceh1	CTO:ANNOTATED:CDS	1	229	NM_178772	0	0	0	0	0	0.0327511113680254	0.0292867224602159	0	0.119332762790135	0.0286723100463043	0;0;0;0;0;1;1;0;3;1	0	0	1.69599110300165		
chr3	27222668	27226142	+	mmuCirc_005979	Nceh1	CTO:ANNOTATED:CDS	2	299	NM_178772	0.0179914506425692	0	0.0185119210755352	0.0192294131873431	0.0364535526967181	0.0982533341040761	0.117146889840864	0.164910974954014	0.119332762790135	0.0573446200926087	1;0;1;1;2;3;4;5;3;2	0	0	1.7924002918815		hsaCirc_010983
chr3	27241433	27242141	+	mmuCirc_005980	Nceh1	CTO:ALT_DONOR:ALT_ACCEPTOR:CDS:3UTR	1	709	NM_178772	0	0	0	0	0	0.0982533341040761	0	0	0	0	0;0;0;0;0;3;0;0;0;0	0	0	2.56380895521826		
chr3	27426034	27440170	-	mmuCirc_005981	Fndc3b	CTO:ANNOTATED:CDS	3	508	NM_173182	0	0.0341334195498	0	0	0	0.0327511113680254	0.0585734449204318	0.0329821949908028	0.437553463563829	0	0;2;0;0;0;1;2;1;11;0	0	0	1.96452495380434		hsaCirc_010981
chr3	27488237	27501545	-	mmuCirc_005982	Fndc3b	CTO:ANNOTATED:CDS	4	405	NM_173182	0.0359829012851383	0	0.0370238421510704	0.0192294131873431	0.018226776348359	0.163755556840127	0.263580502141943	0.230875364935619	0.357998288370406	0.172033860277826	2;0;2;1;1;5;9;7;9;6	0	0	2.65496542401065	rnoCirc_006524	hsaCirc_010979
chr3	27556120	27643089	-	mmuCirc_005983	Fndc3b	CTO:ANNOTATED:CDS:5UTR	3	292	NM_173182	0	0	0	0	0.018226776348359	0.0982533341040761	0.0585734449204318	0.131928779963211	0.23866552558027	0.143361550231522	0;0;0;0;1;3;2;4;6;5	0	0	2.65032058931283	rnoCirc_006529	
chr3	27620605	27643089	-	mmuCirc_005984	Fndc3b	CTO:ANNOTATED:CDS:5UTR	2	215	NM_173182	0.0539743519277075	0.0170667097749	0.0555357632266056	0.0961470659367156	0.109360658090154	0.393013336416305	0.49787428182367	1.1543768246781	1.23310521549806	0.487429270787174	3;1;3;5;6;12;17;35;31;17	0	1	3.12947594908985	rnoCirc_006530	hsaCirc_010966
chr3	27620605	27649340	-	mmuCirc_005985	Fndc3b	CTO:ALT_ACCEPTOR:CDS:5UTR	2	6466	NM_173182	0	0	0	0.0192294131873431	0	0.163755556840127	0.0585734449204318	0.197893169944816	0.119332762790135	0	0;0;0;1;0;5;2;6;3;0	0	0	2.61195843271067		
chr3	28024163	28031302	+	mmuCirc_005986	Pld1	CTO:ANNOTATED:CDS:5UTR	5	637	NM_001164056:NM_008875	0	0	0	0	0	0	0	0.0989465849724082	0.0397775875967117	0.0286723100463043	0;0;0;0;0;0;0;3;1;1	0	0	1.8116492904069	rnoCirc_006534	hsaCirc_010965
chr3	28031237	28049292	+	mmuCirc_005987	Pld1	CTO:ANNOTATED:CDS	6	605	NM_001164056:NM_008875	0	0	0.0185119210755352	0	0	0.163755556840127	0	0.164910974954014	0	0.0573446200926087	0;0;1;0;0;5;0;5;0;2	0	0	2.47149025916125		
chr3	28039776	28056544	+	mmuCirc_005988	Pld1	CTO:ANNOTATED:CDS	6	621	NM_001164056:NM_008875	0	0	0	0.0192294131873431	0.0364535526967181	0	0.0292867224602159	0	0.119332762790135	0.0286723100463043	0;0;0;1;2;0;1;0;3;1	0	0	0.971920931118597		
chr3	28071166	28099748	+	mmuCirc_005989	Pld1	CTO:ANNOTATED:CDS	8	1088	NM_001164056:NM_008875	0	0.0170667097749	0	0	0	0	0.0585734449204318	0.131928779963211	0	0.0286723100463043	0;1;0;0;0;0;2;4;0;1	0	0	1.76411409459245		hsaCirc_010954
chr3	28085786	28099748	+	mmuCirc_005990	Pld1	CTO:ANNOTATED:CDS	5	562	NM_001164056:NM_008875	0	0.0341334195498	0	0	0	0.0655022227360508	0	0.0329821949908028	0.0795551751934235	0.086016930138913	0;2;0;0;0;2;0;1;2;3	0	0	1.35733381892978		
chr3	28532888	28542098	+	mmuCirc_005991	Tnik	CTO:ANNOTATED:CDS	3	333	NM_001163009:NM_001163007:NM_001163008:NM_026910	0.0179914506425692	0	0.0555357632266056	0.0192294131873431	0.018226776348359	0.196506668208152	0.292867224602159	0.36280414489883	0.6762189891441	0.229378480370435	1;0;3;1;1;6;10;11;17;8	0	0	3.13494661852059		hsaCirc_010944
chr3	28557039	28564250	+	mmuCirc_005992	Tnik	CTO:ANNOTATED:CDS	2	255	NM_001163009:NM_001163007:NM_001163008:NM_026910	0	0	0	0	0	0	0.146433612301079	0.0989465849724082	0	0	0;0;0;0;0;0;5;3;0;0	0	0	2.81455843280875		
chr3	28630431	28649254	+	mmuCirc_005993	Tnik	CTO:ANNOTATED:CDS	4	592	NM_001163009:NM_001163007:NM_001163008:NM_026910	0	0	0	0	0	0.0982533341040761	0	0	0	0	0;0;0;0;0;3;0;0;0;0	0	0	2.56380895521826		
chr3	30237978	30238321	-	mmuCirc_005994	Mecom	CTO:ANNOTATED:CDS	1	344	NM_021442	0	0.0512001293247	0.0185119210755352	0.0961470659367156	0.0546803290450771	0.0982533341040761	0.205007057221511	0.131928779963211	0.159110350386847	0.086016930138913	0;3;1;5;3;3;7;4;4;3	0	1	1.46684722256182	rnoCirc_006546	
chr3	30237978	30262774	-	mmuCirc_005995	Mecom	CTO:ALT_ACCEPTOR:CDS	1	24797	NM_021442	0	0	0	0	0	0.0327511113680254	0.0878601673806477	0	0.198887937983559	0	0;0;0;0;0;1;3;0;5;0	0	0	2.42747077076849		
chr3	30809822	30810537	+	mmuCirc_005996	Sec62	CTO:ANNOTATED:CDS	2	298	NM_027016	0	0	0	0	0	0	0	0	0.119332762790135	0	0;0;0;0;0;0;0;0;3;0	0	0	2.80046262890159		
chr3	30914095	30916717	-	mmuCirc_005997	Phc3	CTO:ANNOTATED:CDS	3	480	NM_001165954:NM_001165955:NM_001165956:NM_153421	0	0.0170667097749	0	0.0192294131873431	0	0	0	0.0659643899816055	0.119332762790135	0.0573446200926087	0;1;0;1;0;0;0;2;3;2	0	0	1.24836072948025		
chr3	30942409	30951031	-	mmuCirc_005998	Phc3	CTO:ANNOTATED:CDS	3	499	NM_001165954:NM_001165955:NM_001165956:NM_153421	0	0	0	0	0	0	0.0292867224602159	0.0659643899816055	0.0397775875967117	0.086016930138913	0;0;0;0;0;0;1;2;1;3	0	0	1.84769141189157	rnoCirc_006541	hsaCirc_010931
chr3	30942409	30965935	-	mmuCirc_005999	Phc3	CTO:ANNOTATED:CDS:5UTR	6	896	NM_001165954:NM_001165955:NM_001165956:NM_153421	0	0	0	0.0384588263746862	0	0	0.0292867224602159	0	0.119332762790135	0	0;0;0;2;0;0;1;0;3;0	0	0	1.27712040446758		hsaCirc_010932
chr3	30958009	30965935	-	mmuCirc_006000	Phc3	CTO:ANNOTATED:CDS:5UTR	3	397	NM_001165954:NM_001165955:NM_001165956:NM_153421	0.0179914506425692	0	0	0	0	0	0.0585734449204318	0.230875364935619	0.0397775875967117	0	1;0;0;0;0;0;2;7;1;0	0	0	1.5692176489266		hsaCirc_010935
chr3	32436130	32440712	+	mmuCirc_006001	Pik3ca	CTO:ALT_ACCEPTOR:CDS:5UTR	5	1221	NM_008839	0	0	0	0	0	0	0	0.0329821949908028	0	0.086016930138913	0;0;0;0;0;0;0;1;0;3	0	0	1.90586519009457		
chr3	32542806	32546695	+	mmuCirc_006002	Mfn1	CTO:ANNOTATED:CDS	3	342	NM_024200	0	0	0	0	0	0.196506668208152	0.0878601673806477	0.0659643899816055	0.159110350386847	0.114689240185217	0;0;0;0;0;6;3;2;4;4	0	0	2.77710169797053	rnoCirc_006548	
chr3	32554155	32564305	+	mmuCirc_006003	Mfn1	CTO:ANNOTATED:CDS	7	909	NM_024200	0.0179914506425692	0.0170667097749	0.0555357632266056	0.0192294131873431	0.018226776348359	0.131004445472102	0.0878601673806477	0.296839754917225	0	0.086016930138913	1;1;3;1;1;4;3;9;0;3	0	0	1.2200071185678		
chr3	32561465	32564305	+	mmuCirc_006004	Mfn1	CTO:ANNOTATED:CDS	5	687	NM_024200	0.0179914506425692	0	0.0185119210755352	0	0	0.0982533341040761	0.117146889840864	0	0.119332762790135	0.114689240185217	1;0;1;0;0;3;4;0;3;4	0	0	1.8045008786361		
chr3	32561465	32574368	+	mmuCirc_006005	Mfn1	CTO:ANNOTATED:CDS	8	1172	NM_024200	0	0	0.0555357632266056	0	0	0.0982533341040761	0	0.197893169944816	0.159110350386847	0.0573446200926087	0;0;3;0;0;3;0;6;4;2	0	0	2.30156897709471		
chr3	32574234	32574368	+	mmuCirc_006006	Mfn1	CTO:ANNOTATED:CDS	1	135	NM_024200	0.0539743519277075	0.0170667097749	0	0.0192294131873431	0.018226776348359	0.622271115992482	0.585734449204318	0.59367950983445	0.795551751934235	0.315395410509348	3;1;0;1;1;19;20;18;20;11	0	0	3.91979292661689		
chr3	32574236	32574368	+	mmuCirc_006007	Mfn1	CTO:ALT_ACCEPTOR:CDS	1	133	NM_024200	0	0	0.0185119210755352	0	0	0.131004445472102	0.0292867224602159	0.0659643899816055	0	0	0;0;1;0;0;4;1;2;0;0	0	0	1.79205074396438		
chr3	32837836	32865966	+	mmuCirc_006008	Usp13	CTO:ANNOTATED:CDS	5	637	NM_001013024	0.0539743519277075	0	0.0370238421510704	0.0192294131873431	0.0911338817417952	0.229257779576178	0.0292867224602159	0.197893169944816	0.397775875967117	0.20070617032413	3;0;2;1;5;7;1;6;10;7	0	0	1.878054822277	rnoCirc_006555	hsaCirc_011006
chr3	32854556	32865966	+	mmuCirc_006009	Usp13	CTO:ANNOTATED:CDS	3	450	NM_001013024	0	0.0170667097749	0	0	0	0	0	0	0	0.114689240185217	0;1;0;0;0;0;0;0;0;4	0	0	0.930719319381321	rnoCirc_006557	hsaCirc_011009
chr3	32861771	32865966	+	mmuCirc_006010	Usp13	CTO:ANNOTATED:CDS	2	328	NM_001013024	0.0539743519277075	0.0512001293247	0.0555357632266056	0.192294131873431	0.127587434438513	0.524017781888406	0.205007057221511	0.857537069760872	1.23310521549806	0.45875696074087	3;3;3;10;7;16;7;26;31;16	1	1	2.46717965148833	rnoCirc_006558	
chr3	32876878	32881508	+	mmuCirc_006011	Usp13	CTO:ANNOTATED:CDS	2	283	NM_001013024	0	0	0.0185119210755352	0	0	0.0655022227360508	0.0878601673806477	0.0659643899816055	0.119332762790135	0.0286723100463043	0;0;1;0;0;2;3;2;3;1	0	0	1.9538100288068		hsaCirc_011012
chr3	32876878	32886588	+	mmuCirc_006012	Usp13	CTO:ANNOTATED:CDS	4	449	NM_001013024	0	0.0170667097749	0	0	0	0.131004445472102	0.0585734449204318	0.164910974954014	0.0397775875967117	0	0;1;0;0;0;4;2;5;1;0	0	0	2.19720012439549	rnoCirc_006560	hsaCirc_011013
chr3	32876878	32894889	+	mmuCirc_006013	Usp13	CTO:ANNOTATED:CDS	5	575	NM_001013024	0	0	0	0.0576882395620293	0.0364535526967181	0.229257779576178	0.0292867224602159	0.230875364935619	0.278443113176982	0.086016930138913	0;0;0;3;2;7;1;7;7;3	0	0	2.28810216160632		
chr3	32876878	32905464	+	mmuCirc_006014	Usp13	CTO:ANNOTATED:CDS	7	904	NM_001013024	0	0	0	0	0	0.0327511113680254	0	0.0659643899816055	0.119332762790135	0	0;0;0;0;0;1;0;2;3;0	0	0	2.10113442578098		
chr3	32894764	32905464	+	mmuCirc_006015	Usp13	CTO:ANNOTATED:CDS	3	455	NM_001013024	0.0359829012851383	0	0	0.0192294131873431	0	0.0982533341040761	0.0585734449204318	0.197893169944816	0.23866552558027	0.086016930138913	2;0;0;1;0;3;2;6;6;3	0	0	2.32514329530402	rnoCirc_006564	
chr3	32894764	32919070	+	mmuCirc_006016	Usp13	CTO:ANNOTATED:CDS	9	1150	NM_001013024	0	0	0	0.0576882395620293	0.0546803290450771	0.0982533341040761	0.0292867224602159	0.0989465849724082	0.119332762790135	0.086016930138913	0;0;0;3;3;3;1;3;3;3	0	1	1.55710216765533	rnoCirc_006565	hsaCirc_011015
chr3	32914099	32919070	+	mmuCirc_006017	Usp13	CTO:ANNOTATED:CDS	5	606	NM_001013024	0	0	0	0	0	0.131004445472102	0.0292867224602159	0	0.0397775875967117	0.086016930138913	0;0;0;0;0;4;1;0;1;3	0	0	2.05088640130836		
chr3	34064974	34068252	+	mmuCirc_006018	Fxr1	CTO:ANNOTATED:CDS	2	173	NM_001113188:NM_001113189:NM_008053	0	0	0	0	0	0.0327511113680254	0	0.131928779963211	0	0.0573446200926087	0;0;0;0;0;1;0;4;0;2	0	0	2.09194190500579		