chr17	80138013	80152241	+	mmuCirc_004277	Galm	CTO:ALT_DONOR:CDS	3	2515	NM_176963	0	0	0	0	0	0.0327511113680254	0	0.131928779963211	0.119332762790135	0	0;0;0;0;0;1;0;4;3;0	0	0	2.37499579972751		
chr17	80144980	80150170	+	mmuCirc_004278	Galm	CTO:ANNOTATED:CDS	2	289	NM_176963	0	0	0	0	0	0.0327511113680254	0	0.0989465849724082	0	0	0;0;0;0;0;1;0;3;0;0	0	0	1.98572171782742		
chr17	80260222	80273110	-	mmuCirc_004279	Dhx57	CTO:ANNOTATED:CDS	7	1020	NM_001163759:NM_198942	0	0	0	0	0	0	0.0878601673806477	0	0	0.0286723100463043	0;0;0;0;0;0;3;0;0;1	0	0	1.8570957604744		
chr17	80408246	80422785	-	mmuCirc_004280	Sos1	CTO:ANNOTATED:CDS	7	1018	NM_009231	0	0	0	0	0	0.0327511113680254	0	0.0989465849724082	0.119332762790135	0	0;0;0;0;0;1;0;3;3;0	0	0	2.25730202151881	rnoCirc_010137	
chr17	80445430	80460047	-	mmuCirc_004281	Sos1	CTO:ANNOTATED:CDS	7	987	NM_009231	0	0.0170667097749	0	0.0384588263746862	0	0.0982533341040761	0.0585734449204318	0.131928779963211	0.278443113176982	0.229378480370435	0;1;0;2;0;3;2;4;7;8	0	0	2.51305565070287	rnoCirc_010139	hsaCirc_008032
chr17	80602193	80624114	-	mmuCirc_004282	Map4k3	CTO:ANNOTATED:CDS	13	1017	NM_001290345	0	0	0	0	0	0.0327511113680254	0.0292867224602159	0	0.159110350386847	0	0;0;0;0;0;1;1;0;4;0	0	0	1.95439244652207		
chr17	80630415	80644845	-	mmuCirc_004283	Map4k3	CTO:ANNOTATED:CDS	6	526	NM_001290345	0	0	0.0185119210755352	0	0	0	0.117146889840864	0.0329821949908028	0.119332762790135	0.0573446200926087	0;0;1;0;0;0;4;1;3;2	0	0	1.99740402451042	rnoCirc_010140	
chr17	80644132	80644845	-	mmuCirc_004284	Map4k3	CTO:ANNOTATED:CDS	4	388	NM_001290345	0	0.0170667097749	0.0370238421510704	0.0384588263746862	0.0546803290450771	0.360262225048279	0.146433612301079	0.428768534880436	0.795551751934235	0.229378480370435	0;1;2;2;3;11;5;13;20;8	0	0	2.98676567997721		hsaCirc_008051
chr17	80644132	80655921	-	mmuCirc_004285	Map4k3	CTO:ANNOTATED:CDS	9	673	NM_001290345	0	0	0	0.0384588263746862	0.018226776348359	0.0982533341040761	0	0.0659643899816055	0.0795551751934235	0	0;0;0;2;1;3;0;2;2;0	0	0	1.12526000483144		
chr17	80653862	80655921	-	mmuCirc_004286	Map4k3	CTO:ANNOTATED:CDS	3	169	NM_001290345	0.0539743519277075	0.0512001293247	0.0555357632266056	0.0384588263746862	0.0729071053934362	0.458515559152355	0.380727391982807	0.692626094806858	0.795551751934235	0.229378480370435	3;3;3;2;4;14;13;21;20;8	1	0	2.73016229491373		
chr17	81388810	81445593	-	mmuCirc_004287	Slc8a1	CTO:ANNOTATED:CDS	10	1099	NM_001112798:NM_001286684:NM_011406:NR_104580	0	0	0.0740476843021408	0.0192294131873431	0.018226776348359	0.0655022227360508	0.322153947062375	0.263857559926422	0.0795551751934235	0.114689240185217	0;0;4;1;1;2;11;8;2;4	0	0	2.18935563266072	rnoCirc_010143	hsaCirc_008055
chr17	81408067	81444972	-	mmuCirc_004288	Slc8a1	CTO:ANNOTATED:CDS	8	734	NM_001112798:NM_001286684:NM_011406:NR_104580	0	0	0.0370238421510704	0.0192294131873431	0.018226776348359	0.0982533341040761	0.117146889840864	0.230875364935619	0.159110350386847	0.086016930138913	0;0;2;1;1;3;4;7;4;3	0	0	2.22825457699412	rnoCirc_010146	hsaCirc_008057
chr17	81408067	81445593	-	mmuCirc_004289	Slc8a1	CTO:ANNOTATED:CDS	9	841	NM_001112798:NM_001286684:NM_011406:NR_104580	0.0899572532128458	0.0341334195498	0.0370238421510704	0.153835305498745	0.145814210786872	0.917031118304711	0.527161004283886	1.31928779963211	2.10821214262572	0.946186231528043	5;2;2;8;8;28;18;40;53;33	0	1	3.42777354176598	rnoCirc_010147	hsaCirc_008058
chr17	81428182	81444972	-	mmuCirc_004290	Slc8a1	CTO:ANNOTATED:CDS	7	458	NM_001112798:NM_001286684:NM_011406:NR_104580	0	0	0.0185119210755352	0.0192294131873431	0.018226776348359	0.0655022227360508	0.146433612301079	0.131928779963211	0.159110350386847	0.0286723100463043	0;0;1;1;1;2;5;4;4;1	0	0	1.93444275794342	rnoCirc_010150	hsaCirc_008059
chr17	81428182	81445593	-	mmuCirc_004291	Slc8a1	CTO:ANNOTATED:CDS	8	565	NM_001112798:NM_001286684:NM_011406:NR_104580	0.21589740771083	0.1194669684243	0.203631131830887	0.269211784622804	0.255174868877027	2.65284002081006	1.20075562086885	2.67155779425502	5.21086397516924	2.26511249365804	12;7;11;14;14;81;41;81;131;79	1	1	3.49037301942068	rnoCirc_010151	hsaCirc_008060
chr17	81432644	81445593	-	mmuCirc_004292	Slc8a1	CTO:ANNOTATED:CDS	7	465	NM_001112798:NM_001286684:NM_011406:NR_104580	0	0	0	0	0	0.0655022227360508	0.0585734449204318	0	0.119332762790135	0.0286723100463043	0;0;0;0;0;2;2;0;3;1	0	0	2.03839190416073	rnoCirc_010152	
chr17	81445129	81445345	-	mmuCirc_004293	Slc8a1	INTRONIC	1	217	NM_001112798:NM_001286684:NM_011406:NR_104580	0	0	0	0	0	0	0	0.131928779963211	0	0	0;0;0;0;0;0;0;4;0;0	0	0	2.92532328123365		
chr17	81562104	81562809	+	mmuCirc_004294	Slc8a1	AS:CTO	1	706	NM_001112798:NM_001286684:NM_011406:NR_104580	0	0.0682668390996	0	0.0192294131873431	0.018226776348359	0	0.0585734449204318	0	0	0	0;4;0;1;1;0;2;0;0;0	0	0	-0.691449672895406		
chr17	81647809	81649638	-	mmuCirc_004295	Slc8a1	CTO:ANNOTATED:CDS:5UTR	1	1830	NM_001112798:NM_001286684:NM_011406:NR_104580	0.575726420562213	1.365336781992	0.703453000870338	1.51912364180011	1.03892625185647	5.99345338034864	4.04156769950979	7.48695826291222	20.6843455502901	7.51214523213174	32;80;38;79;57;183;138;227;520;262	1	1	2.96854807145726	rnoCirc_010156	hsaCirc_008061
chr17	83221790	83222230	+	mmuCirc_004296	Pkdcc	CTO:ANNOTATED:CDS	2	185	NM_134117	0.0179914506425692	0	0	0.0576882395620293	0.018226776348359	0.524017781888406	0.117146889840864	0.329821949908027	0.596663813950676	0.20070617032413	1;0;0;3;1;16;4;10;15;7	0	0	3.2528587190759		
chr17	83425258	83441445	+	mmuCirc_004297	Eml4	CTO:ANNOTATED:CDS	6	636	NM_001114361:NM_001114362:NM_001286567:NM_199466	0	0	0	0	0	0.0327511113680254	0	0.164910974954014	0	0.0286723100463043	0;0;0;0;0;1;0;5;0;1	0	0	1.96368722908481		
chr17	83800050	83804597	+	mmuCirc_004298	Mta3	CTO:ANNOTATED:CDS	2	234	NM_001171052:NM_054082	0.0179914506425692	0.0341334195498	0.0185119210755352	0	0.018226776348359	0.0327511113680254	0.0585734449204318	0.0989465849724082	0.0795551751934235	0.143361550231522	1;2;1;0;1;1;2;3;2;5	0	0	1.40977903249489		hsaCirc_008072
chr17	84334026	84336882	-	mmuCirc_004299	Thada	CTO:ANNOTATED:CDS	2	222	NM_183021	0	0	0	0	0	0.0982533341040761	0.0585734449204318	0.0329821949908028	0.119332762790135	0.0573446200926087	0;0;0;0;0;3;2;1;3;2	0	0	2.13902439146276	rnoCirc_010169	hsaCirc_008074
chr17	84386511	84398327	-	mmuCirc_004300	Thada	CTO:ANNOTATED:CDS	4	462	NM_183021	0	0	0	0	0	0.0327511113680254	0.0585734449204318	0.0329821949908028	0.357998288370406	0.0573446200926087	0;0;0;0;0;1;2;1;9;2	0	0	2.1940719317726		
chr17	84386511	84416387	-	mmuCirc_004301	Thada	CTO:ANNOTATED:CDS	5	572	NM_183021	0	0	0.0185119210755352	0	0.018226776348359	0.0982533341040761	0.0292867224602159	0.0659643899816055	0.0397775875967117	0.086016930138913	0;0;1;0;1;3;1;2;1;3	0	0	1.61493719382963		hsaCirc_008076
chr17	85065632	85076825	-	mmuCirc_004302	Prepl	CTO:ANNOTATED:CDS	7	1268	NM_001163622:NM_001163623:NM_145984:NM_001163624	0	0	0.0185119210755352	0	0.018226776348359	0.0327511113680254	0	0.0329821949908028	0.0397775875967117	0.086016930138913	0;0;1;0;1;1;0;1;1;3	0	0	1.22766197798302		
chr17	85988325	86003953	-	mmuCirc_004303	Srbd1	CTO:ANNOTATED:CDS	4	622	NM_030133	0	0	0	0	0	0.163755556840127	0.0292867224602159	0.197893169944816	0.159110350386847	0.143361550231522	0;0;0;0;0;5;1;6;4;5	0	0	2.82784749000238		
chr17	86095867	86120746	-	mmuCirc_004304	Srbd1	CTO:ALT_DONOR:CDS	7	3447	NM_030133	0.0179914506425692	0	0.0370238421510704	0	0.018226776348359	0	0.0585734449204318	0.0659643899816055	0.159110350386847	0	1;0;2;0;1;0;2;2;4;0	0	0	0.773746837339712		
chr17	86098512	86103000	-	mmuCirc_004305	Srbd1	CTO:ANNOTATED:CDS	3	357	NM_030133	0	0	0.0185119210755352	0	0.0364535526967181	0.0327511113680254	0.175720334761295	0.296839754917225	0.397775875967117	0.143361550231522	0;0;1;0;2;1;6;9;10;5	0	0	2.72957781508901	rnoCirc_010179	
chr17	86098512	86109334	-	mmuCirc_004306	Srbd1	CTO:ANNOTATED:CDS	4	465	NM_030133	0	0	0	0.0192294131873431	0	0.327511113680254	0.175720334761295	0.164910974954014	0.517108638757253	0.229378480370435	0;0;0;1;0;10;6;5;13;8	0	0	3.60678784974484		hsaCirc_008100
chr17	86098512	86115296	-	mmuCirc_004307	Srbd1	CTO:ANNOTATED:CDS	5	569	NM_030133	0	0	0	0	0	0	0	0	0.0397775875967117	0.086016930138913	0;0;0;0;0;0;0;0;1;3	0	0	1.9929137211978		hsaCirc_008101
chr17	86098512	86120746	-	mmuCirc_004308	Srbd1	CTO:ANNOTATED:CDS	7	802	NM_030133	0.0899572532128458	0.0170667097749	0.0185119210755352	0.0576882395620293	0.0729071053934362	0.85152889556866	0.351440669522591	0.395786339889633	0.875106927127658	0.258050790416739	5;1;1;3;4;26;12;12;22;9	0	1	2.97035728336215	rnoCirc_010180	
chr17	86102843	86115296	-	mmuCirc_004309	Srbd1	CTO:ANNOTATED:CDS	3	370	NM_030133	0	0	0	0	0	0.0327511113680254	0	0.0989465849724082	0	0	0;0;0;0;0;1;0;3;0;0	0	0	1.98572171782742		
chr17	86109227	86120746	-	mmuCirc_004310	Srbd1	CTO:ANNOTATED:CDS	4	445	NM_030133	0	0.0170667097749	0	0.0576882395620293	0.0364535526967181	0.0327511113680254	0.0292867224602159	0.197893169944816	0.23866552558027	0.0286723100463043	0;1;0;3;2;1;1;6;6;1	0	0	1.35543641601416		
chr17	86474317	86476891	+	mmuCirc_004311	Prkce	CTO:ANNOTATED:CDS	3	281	NM_011104	0.0359829012851383	0.0341334195498	0.0370238421510704	0.0576882395620293	0.018226776348359	0.196506668208152	0.322153947062375	0.230875364935619	0.357998288370406	0.0286723100463043	2;2;2;3;1;6;11;7;9;1	0	0	1.87597407946729		
chr17	86474317	86482249	+	mmuCirc_004312	Prkce	CTO:ANNOTATED:CDS	4	411	NM_011104	0	0	0	0	0	0.131004445472102	0.234293779681727	0.131928779963211	0.397775875967117	0.086016930138913	0;0;0;0;0;4;8;4;10;3	0	0	3.26022934290011		
chr17	86474317	86496111	+	mmuCirc_004313	Prkce	CTO:ANNOTATED:CDS	8	1025	NM_011104	0	0.0170667097749	0	0.0384588263746862	0.018226776348359	0	0.0292867224602159	0	0.23866552558027	0	0;1;0;2;1;0;1;0;6;0	0	0	0.540695486300837		hsaCirc_008108
chr17	86488160	86496111	+	mmuCirc_004314	Prkce	CTO:ANNOTATED:CDS	4	614	NM_011104	0.21589740771083	0.0853335488745	0.166607289679817	0.30767061099749	0.291628421573745	1.96506668208152	1.58148301285166	2.67155779425502	3.65953805889748	1.31892626213	12;5;9;16;16;60;54;81;92;46	1	1	3.28841519831637		hsaCirc_008109
chr17	86619892	86630207	+	mmuCirc_004315	Prkce	CTO:ANNOTATED:CDS	3	475	NM_011104	0	0	0	0.0192294131873431	0.0364535526967181	0.0655022227360508	0	0.0659643899816055	0.159110350386847	0	0;0;0;1;2;2;0;2;4;0	0	0	1.22336943991528		
chr17	86809358	86809789	+	mmuCirc_004316	Epas1	CTO:ANNOTATED:CDS	2	325	NM_010137	0	0.0170667097749	0.0370238421510704	0.0192294131873431	0	0.0655022227360508	0.146433612301079	0.197893169944816	0.198887937983559	0.086016930138913	0;1;2;1;0;2;5;6;5;3	0	0	2.21662083334988		hsaCirc_008112
chr17	87329323	87346701	+	mmuCirc_004317	Ttc7	CTO:ANNOTATED:CDS	7	737	NM_028639	0.0359829012851383	0	0	0	0	0	0.0292867224602159	0.0329821949908028	0.119332762790135	0.0573446200926087	2;0;0;0;0;0;1;1;3;2	0	0	1.19469679555232	rnoCirc_010188	
chr17	87679800	87682677	+	mmuCirc_004318	Msh2	CTO:ANNOTATED:CDS	2	426	NM_008628	0	0	0	0	0	0.0982533341040761	0.0292867224602159	0.0989465849724082	0.0795551751934235	0.114689240185217	0;0;0;0;0;3;1;3;2;4	0	0	2.30086179203771		
chr17	87717455	87718805	+	mmuCirc_004319	Msh2	CTO:ANNOTATED:CDS	2	451	NM_008628	0	0	0	0.0384588263746862	0	0.0327511113680254	0	0.0989465849724082	0.0397775875967117	0.0286723100463043	0;0;0;2;0;1;0;3;1;1	0	0	1.32168212363123		
chr17	87997331	87999627	-	mmuCirc_004320	Fbxo11	CTO:ANNOTATED:CDS	3	304	NM_001081034	0	0	0	0	0.018226776348359	0.131004445472102	0.0585734449204318	0.0329821949908028	0.0397775875967117	0.0573446200926087	0;0;0;0;1;4;2;1;1;2	0	0	1.77847812465792		
chr17	88000772	88002969	-	mmuCirc_004321	Fbxo11	CTO:ANNOTATED:CDS	2	304	NM_001081034	0	0	0	0	0	0	0.117146889840864	0	0.0795551751934235	0	0;0;0;0;0;0;4;0;2;0	0	0	2.5465731571855		hsaCirc_008114
chr17	88008594	88011376	-	mmuCirc_004322	Fbxo11	CTO:ANNOTATED:CDS	6	681	NM_001081034	0	0	0	0	0.018226776348359	0.0655022227360508	0.205007057221511	0.131928779963211	0.119332762790135	0.0573446200926087	0;0;0;0;1;2;7;4;3;2	0	0	2.46607271661423		hsaCirc_008115
chr17	88008594	88015712	-	mmuCirc_004323	Fbxo11	CTO:ANNOTATED:CDS	10	1163	NM_001081034	0.0179914506425692	0	0	0	0	0	0.117146889840864	0.131928779963211	0.119332762790135	0	1;0;0;0;0;0;4;4;3;0	0	0	1.89444027767567		
chr17	88015399	88015712	-	mmuCirc_004324	Fbxo11	CTO:ANNOTATED:CDS	2	207	NM_001081034	0	0.0341334195498	0.0370238421510704	0.0384588263746862	0.0364535526967181	0.196506668208152	0.0878601673806477	0.131928779963211	0.636441401547388	0.143361550231522	0;2;2;2;2;6;3;4;16;5	0	0	2.17335479574581		
chr17	88462713	88463263	+	mmuCirc_004325	Foxn2	CTO:ANNOTATED:CDS:5UTR	1	551	NM_180974	0.0539743519277075	0	0.0370238421510704	0.0192294131873431	0.018226776348359	0.622271115992482	0	0	1.23310521549806	0.258050790416739	3;0;2;1;1;19;0;0;31;9	0	0	2.36666027254001	rnoCirc_010192	hsaCirc_008121
chr17	88462713	88479340	+	mmuCirc_004326	Foxn2	CTO:ANNOTATED:CDS:5UTR	3	711	NM_180974	0	0	0	0	0	0.0327511113680254	0.0585734449204318	0	0	0.086016930138913	0;0;0;0;0;1;2;0;0;3	0	0	1.92648868981425	rnoCirc_010194	
chr17	90700744	90704367	-	mmuCirc_004327	Nrxn1	CTO:ANNOTATED:CDS	3	488	NM_020252:NM_177284	0.0179914506425692	0	0	0.0384588263746862	0	0	0	0.0989465849724082	0.0397775875967117	0.0573446200926087	1;0;0;2;0;0;0;3;1;2	0	0	0.907512975470896	rnoCirc_010200	hsaCirc_008139
chr18	3295040	3327591	-	mmuCirc_004328	Crem	CTO:ANNOTATED:CDS:5UTR	7	844	NM_001110850:NM_001110856:NM_001110857:NM_001110858:NM_001110859:NM_001271503:NM_001271504:NM_001271505:NM_001271506:NM_013498:NR_073193:NM_001110851:NM_001110852	0	0	0	0	0	0.0327511113680254	0	0	0.119332762790135	0	0;0;0;0;0;1;0;0;3;0	0	0	2.09983205897444	rnoCirc_005014	
chr18	3417535	3419642	+	mmuCirc_004329	Cul2	CTO:ANNOTATED:CDS	4	397	NM_029402	0	0	0	0	0	0	0	0	0.159110350386847	0	0;0;0;0;0;0;0;0;4;0	0	0	3.16277680474228		
chr18	4379569	4380887	+	mmuCirc_004330	Mtpap	CTO:ANNOTATED:CDS	2	407	NM_026157	0.107948703855415	0.0170667097749	0.0185119210755352	0.0192294131873431	0	0.229257779576178	0.205007057221511	0.197893169944816	0.636441401547388	0.286723100463044	6;1;1;1;0;7;7;6;16;10	0	0	2.81352295164472		
chr18	4379569	4387179	+	mmuCirc_004331	Mtpap	CTO:ANNOTATED:CDS	5	1071	NM_026157	0.0359829012851383	0	0	0	0	0.0982533341040761	0	0.263857559926422	0.159110350386847	0.0573446200926087	2;0;0;0;0;3;0;8;4;2	0	0	2.50499892724076		hsaCirc_002007
chr18	4649075	4649405	+	mmuCirc_004332	9430020K01Rik	CTO:ANNOTATED:CDS:5UTR	1	331	NM_001081963	0.0179914506425692	0	0	0.0384588263746862	0.109360658090154	0.229257779576178	0.205007057221511	0.164910974954014	0.23866552558027	0.143361550231522	1;0;0;2;6;7;7;5;6;5	0	0	2.37936273590362	rnoCirc_005008	
chr18	5046589	5049494	+	mmuCirc_004333	Svil	CTO:ANNOTATED:CDS:5UTR	3	820	NM_153153	0.0179914506425692	0.0170667097749	0	0.0192294131873431	0	0.196506668208152	0.0585734449204318	0.0989465849724082	0	0.114689240185217	1;1;0;1;0;6;2;3;0;4	0	0	1.58929027976553		
chr18	5046799	5049278	+	mmuCirc_004334	Svil	CTO:ALT_DONOR:ALT_ACCEPTOR:CDS	2	511	NM_153153	0	0	0	0.0769176527493725	0	0	0	0	0	0	0;0;0;4;0;0;0;0;0;0	0	0	-2.27675946455147		
chr18	5058125	5074004	+	mmuCirc_004335	Svil	CTO:ANNOTATED:CDS	8	1498	NM_153153	0.0359829012851383	0	0	0	0	0.131004445472102	0	0.0329821949908028	0	0.086016930138913	2;0;0;0;0;4;0;1;0;3	0	0	1.74775441382391		hsaCirc_001998
chr18	5062162	5082930	+	mmuCirc_004336	Svil	CTO:ANNOTATED:CDS	5	1313	NM_153153	0	0.0170667097749	0	0	0	0.229257779576178	0.117146889840864	0.164910974954014	0	0.114689240185217	0;1;0;0;0;7;4;5;0;4	0	0	2.87185355435637		
chr18	5063194	5088814	+	mmuCirc_004337	Svil	CTO:ANNOTATED:CDS	7	1424	NM_153153	0	0	0.0185119210755352	0.0192294131873431	0	0.0982533341040761	0.117146889840864	0.0329821949908028	0.0397775875967117	0	0;0;1;1;0;3;4;1;1;0	0	0	1.60233260022805		
chr18	5210877	5214919	-	mmuCirc_004338	Zfp438	CTO:ALT_DONOR:CDS	2	2123	NM_178722	0.0179914506425692	0	0	0.0384588263746862	0.018226776348359	0.393013336416305	0	0.197893169944816	0.0397775875967117	0.143361550231522	1;0;0;2;1;12;0;6;1;5	0	0	2.25389688905884		
chr18	5620401	5641518	+	mmuCirc_004339	Zeb1	INTRONIC	1	21118	NM_011546	0	0	0.0370238421510704	0	0	0	0.0585734449204318	0.0989465849724082	0.0795551751934235	0.0286723100463043	0;0;2;0;0;0;2;3;2;1	0	0	1.65832901863801		
chr18	5633204	5641518	+	mmuCirc_004340	Zeb1	INTRONIC	1	8315	NM_011546	0.125940154497984	0.1194669684243	0.129583447528746	0.269211784622804	0.164040987135231	1.11353778651286	1.2886157882495	2.11086047941138	3.54020529610735	0.974858541574348	7;7;7;14;9;34;44;64;89;34	1	1	3.21521401634358		hsaCirc_002015
chr18	5633204	5705243	+	mmuCirc_004341	Zeb1	CTO:ALT_ACCEPTOR:CDS	1	72040	NM_011546	0.233888858353399	0.1877338075239	0.370238421510704	0.596111808807637	0.473896185057335	3.76637780732292	2.31365107435706	4.25470315381355	7.71685199376208	3.21129872518609	13;11;20;31;26;115;79;129;194;112	1	1	3.44040876108556		hsaCirc_002017
chr18	5641382	5705243	+	mmuCirc_004342	Zeb1	CTO:ALT_ACCEPTOR:CDS	1	63862	NM_011546	0	0.0170667097749	0.0185119210755352	0.0769176527493725	0	0.294760002312228	0	0.428768534880436	0.119332762790135	0.086016930138913	0;1;1;4;0;9;0;13;3;3	0	0	1.91171534393304		hsaCirc_002018
chr18	5705043	5705243	+	mmuCirc_004343	Zeb1	CTO:ANNOTATED:CDS	1	201	NM_011546	0.0539743519277075	0	0	0	0.0364535526967181	0.229257779576178	0.263580502141943	0.395786339889633	0.596663813950676	0.20070617032413	3;0;0;0;2;7;9;12;15;7	0	0	3.3738802677558	rnoCirc_004996	hsaCirc_002019