chr12	51648006	51661713	-	mmuCirc_001999	Strn3	CTO:ALT_DONOR:CDS	6	691	NM_001172098:NM_052973	0.0179914506425692	0	0.0370238421510704	0.0384588263746862	0.018226776348359	0.0982533341040761	0.0292867224602159	0.0659643899816055	0.119332762790135	0.086016930138913	1;0;2;2;1;3;1;2;3;3	0	0	1.25123761956826		
chr12	51655402	51661713	-	mmuCirc_002000	Strn3	CTO:ANNOTATED:CDS	3	260	NM_001172098:NM_052973	0.395811914136521	0.3242674857231	0.388750342586239	0.519194156058264	0.38276230331554	3.11135557996241	2.31365107435706	3.19927291410787	5.01197603718568	2.06440632333391	22;19;21;27;21;95;79;97;126;72	1	1	2.84901973404438	rnoCirc_010448	
chr12	51661151	51661713	-	mmuCirc_002001	Strn3	CTO:ANNOTATED:CDS	2	178	NM_001172098:NM_052973	0.0359829012851383	0	0.0555357632266056	0.0769176527493725	0.0364535526967181	0.524017781888406	0.205007057221511	0.329821949908027	0.556886226353964	0.344067720555652	2;0;3;4;2;16;7;10;14;12	0	0	2.84928180793639	rnoCirc_010449	hsaCirc_004761
chr12	51716942	51723048	+	mmuCirc_002002	Ap4s1	CTO:ANNOTATED:CDS:5UTR	3	365	NM_021710	0	0.0341334195498	0	0	0.018226776348359	0.229257779576178	0.146433612301079	0.230875364935619	0.23866552558027	0.20070617032413	0;2;0;0;1;7;5;7;6;7	0	0	3.02626166510079		
chr12	51716942	51730965	+	mmuCirc_002003	Ap4s1	CTO:ALT_DONOR:CDS:5UTR	4	443	NM_021710	0	0	0	0	0	0.0327511113680254	0.0292867224602159	0.0329821949908028	0.159110350386847	0	0;0;0;0;0;1;1;1;4;0	0	0	1.81717123842295		
chr12	51759219	51761170	-	mmuCirc_002004	Hectd1	CTO:ANNOTATED:CDS	2	380	NM_144788	0.0179914506425692	0	0.0370238421510704	0	0.0364535526967181	0.0655022227360508	0.0585734449204318	0.428768534880436	0.159110350386847	0.0573446200926087	1;0;2;0;2;2;2;13;4;2	0	0	1.94753533732853		
chr12	51762424	51764154	-	mmuCirc_002005	Hectd1	CTO:ANNOTATED:CDS	2	257	NM_144788	0	0	0	0	0	0.0982533341040761	0.0292867224602159	0.0989465849724082	0.0397775875967117	0.114689240185217	0;0;0;0;0;3;1;3;1;4	0	0	2.15368346455329		
chr12	51772274	51772705	-	mmuCirc_002006	Hectd1	CTO:ANNOTATED:CDS	2	344	NM_144788	0.107948703855415	0.170667097749	0.203631131830887	0.173064718686088	0.200494539831949	1.31004445472102	1.05432200856777	2.11086047941138	2.98331906975338	1.20423702194478	6;10;11;9;11;40;36;64;75;42	1	1	3.11136965069879	rnoCirc_010452	hsaCirc_004766
chr12	51774651	51776630	-	mmuCirc_002007	Hectd1	CTO:ANNOTATED:CDS	2	275	NM_144788	0	0	0.0370238421510704	0.0384588263746862	0	0.131004445472102	0.0878601673806477	0.0329821949908028	0.636441401547388	0.20070617032413	0;0;2;2;0;4;3;1;16;7	0	0	2.43895605507494		
chr12	51800715	51800972	-	mmuCirc_002008	Hectd1	CTO:ANNOTATED:CDS	2	176	NM_144788	0	0	0	0	0	0	0	0	0.159110350386847	0	0;0;0;0;0;0;0;0;4;0	0	0	3.16277680474228		
chr12	51827352	51827513	-	mmuCirc_002009	Hectd1	CTO:ANNOTATED:CDS:5UTR	1	162	NM_144788	0	0	0	0	0	0.0327511113680254	0.0878601673806477	0.0329821949908028	0.0397775875967117	0.0286723100463043	0;0;0;0;0;1;3;1;1;1	0	0	1.61970106009074	rnoCirc_010457	
chr12	51921338	51925173	-	mmuCirc_002010	Heatr5a	CTO:ANNOTATED:CDS	2	282	NM_177171	0.0179914506425692	0	0.0185119210755352	0	0	0.0982533341040761	0.117146889840864	0.263857559926422	0.437553463563829	0.114689240185217	1;0;1;0;0;3;4;8;11;4	0	0	2.91300108929178		
chr12	51938071	51961644	-	mmuCirc_002011	Heatr5a	CTO:ANNOTATED:CDS:5UTR	12	2044	NM_177171	0	0	0	0	0	0.0982533341040761	0	0	0	0	0;0;0;0;0;3;0;0;0;0	0	0	2.56380895521826		
chr12	51945421	51948005	-	mmuCirc_002012	Heatr5a	CTO:ANNOTATED:CDS	2	363	NM_177171	0	0	0	0	0	0	0	0	0.159110350386847	0	0;0;0;0;0;0;0;0;4;0	0	0	3.16277680474228		hsaCirc_004779
chr12	52516079	52542636	+	mmuCirc_002013	Arhgap5	CTO:ALT_ACCEPTOR:CDS:5UTR	2	4037	NM_009706	0.0179914506425692	0.0170667097749	0.0185119210755352	0.0192294131873431	0	0	0	0	0.0397775875967117	0.086016930138913	1;1;1;1;0;0;0;0;1;3	0	0	0.0505575473792725	rnoCirc_010459	hsaCirc_004783
chr12	52542489	52562427	+	mmuCirc_002014	Arhgap5	CTO:ANNOTATED:CDS	4	464	NM_009706	0	0	0	0	0	0	0.0292867224602159	0.0989465849724082	0	0	0;0;0;0;0;0;1;3;0;0	0	0	1.9367204961921	rnoCirc_010460	hsaCirc_004784
chr12	52557489	52562427	+	mmuCirc_002015	Arhgap5	CTO:ANNOTATED:CDS	3	316	NM_009706	0	0	0.0185119210755352	0.0576882395620293	0	0.0327511113680254	0.117146889840864	0.329821949908027	0.23866552558027	0.086016930138913	0;0;1;3;0;1;4;10;6;3	0	0	2.30032754754845		
chr12	52880639	52888063	+	mmuCirc_002016	Akap6	CTO:ANNOTATED:CDS	2	2007	NM_198111	0	0	0	0	0	0.0655022227360508	0	0.0659643899816055	0.119332762790135	0.0573446200926087	0;0;0;0;0;2;0;2;3;2	0	0	2.2378661645401		
chr12	52911801	52938506	+	mmuCirc_002017	Akap6	CTO:ANNOTATED:CDS	3	384	NM_198111	0.0179914506425692	0	0	0	0	0	0	0	0.0397775875967117	0.114689240185217	1;0;0;0;0;0;0;0;1;4	0	0	1.13516419170487		hsaCirc_004788
chr12	52937135	52938506	+	mmuCirc_002018	Akap6	CTO:ANNOTATED:CDS	2	261	NM_198111	0.0539743519277075	0.0170667097749	0.111071526453211	0.0961470659367156	0.018226776348359	0.393013336416305	0.263580502141943	0.263857559926422	0.91488451472437	0.401412340648261	3;1;6;5;1;12;9;8;23;14	0	0	2.60057582099956	rnoCirc_010462	hsaCirc_004789
chr12	53010474	53025841	+	mmuCirc_002019	Akap6	CTO:ANNOTATED:CDS	2	270	NM_198111	0.0719658025702766	0.0341334195498	0.0185119210755352	0.0384588263746862	0.0364535526967181	0.491266670520381	0.292867224602159	0.527715119852844	0.636441401547388	0.20070617032413	4;2;1;2;2;15;10;16;16;7	0	0	2.85841570777316	rnoCirc_010463	hsaCirc_004790
chr12	53010474	53072511	+	mmuCirc_002020	Akap6	CTO:ANNOTATED:CDS	4	639	NM_198111	0.0179914506425692	0	0	0	0	0.0982533341040761	0.0292867224602159	0.263857559926422	0.477331051160541	0.114689240185217	1;0;0;0;0;3;1;8;12;4	0	0	2.83082515283737	rnoCirc_010464	
chr12	53069107	53072511	+	mmuCirc_002021	Akap6	CTO:ANNOTATED:CDS	2	369	NM_198111	0	0	0	0.0192294131873431	0	0.0655022227360508	0.146433612301079	0.164910974954014	0.159110350386847	0.086016930138913	0;0;0;1;0;2;5;5;4;3	0	0	2.59173192196567	rnoCirc_010465	hsaCirc_004791
chr12	53100582	53104730	+	mmuCirc_002022	Akap6	CTO:ALT_ACCEPTOR:CDS	1	4149	NM_198111	0.0179914506425692	0	0.0185119210755352	0	0	0.131004445472102	0.117146889840864	0.0329821949908028	0	0.086016930138913	1;0;1;0;0;4;4;1;0;3	0	0	1.90872990186976		
chr12	53139381	53142768	+	mmuCirc_002023	Akap6	CTO:ANNOTATED:CDS:3UTR	1	3388	NM_198111	0	0	0.0185119210755352	0.0769176527493725	0	0	0.0585734449204318	0.0989465849724082	0.357998288370406	0.143361550231522	0;0;1;4;0;0;2;3;9;5	0	0	2.14863088987826		hsaCirc_004794
chr12	53354345	53355047	+	mmuCirc_002024	Npas3	CTO:ALT_DONOR:CDS	1	703	NM_013780	0	0	0	0	0	0	0	0.0659643899816055	0	0.114689240185217	0;0;0;0;0;0;0;2;0;4	0	0	2.427650929113		
chr12	54760399	54765679	-	mmuCirc_002025	Snx6	CTO:ANNOTATED:CDS	3	278	NM_026998	0	0	0	0.0192294131873431	0	0	0.0292867224602159	0.131928779963211	0.159110350386847	0.0286723100463043	0;0;0;1;0;0;1;4;4;1	0	0	1.92511615624797		
chr12	54763620	54765679	-	mmuCirc_002026	Snx6	CTO:ANNOTATED:CDS	2	202	NM_026998	0	0	0	0	0	0.0655022227360508	0.0585734449204318	0.0329821949908028	0.198887937983559	0.0286723100463043	0;0;0;0;0;2;2;1;5;1	0	0	2.04214663049148		
chr12	54765584	54770840	-	mmuCirc_002027	Snx6	CTO:ANNOTATED:CDS	3	342	NM_026998	0	0	0	0.0192294131873431	0	0.0327511113680254	0.0878601673806477	0.0989465849724082	0	0	0;0;0;1;0;1;3;3;0;0	0	0	1.3576494883202		
chr12	54911310	54917067	-	mmuCirc_002028	Baz1a	CTO:ANNOTATED:CDS	3	916	NM_013815	0	0	0	0	0	0	0.0292867224602159	0	0.119332762790135	0.0286723100463043	0;0;0;0;0;0;1;0;3;1	0	0	1.79492097431977		
chr12	55057242	55061193	-	mmuCirc_002029	2700097O09Rik	CTO:ANNOTATED:CDS	3	454	NM_028314:NR_030764	0	0	0	0	0	0.0982533341040761	0.0292867224602159	0.0659643899816055	0.0795551751934235	0.0286723100463043	0;0;0;0;0;3;1;2;2;1	0	0	1.91346894448484		
chr12	55057242	55063109	-	mmuCirc_002030	2700097O09Rik	CTO:ANNOTATED:CDS	4	576	NM_028314:NR_030764	0.0179914506425692	0.0341334195498	0	0.0576882395620293	0	0.131004445472102	0.0878601673806477	0.230875364935619	0.23866552558027	0.229378480370435	1;2;0;3;0;4;3;7;6;8	0	0	2.40197974066521	rnoCirc_010472	
chr12	55407469	55412365	+	mmuCirc_002031	Mir1198:Psma6	CTO:ncRNA	4	512	NR_035430:NM_011968	0	0	0	0.0192294131873431	0	0.131004445472102	0.0585734449204318	0.131928779963211	0.159110350386847	0	0;0;0;1;0;4;2;4;4;0	0	0	2.50168131558183		
chr12	55407469	55414498	+	mmuCirc_002032	Mir1198:Psma6	CTO:ncRNA	5	607	NR_035430:NM_011968	0.0179914506425692	0	0	0.0384588263746862	0.0364535526967181	0.0982533341040761	0.0878601673806477	0.230875364935619	0.357998288370406	0.114689240185217	1;0;0;2;2;3;3;7;9;4	0	0	2.33310171761546		
chr12	55410127	55414498	+	mmuCirc_002033	Mir1198:Psma6	CTO:ncRNA	3	430	NR_035430:NM_011968	0	0	0.0370238421510704	0	0	0.262008890944203	0.0292867224602159	0.164910974954014	0.0795551751934235	0.0286723100463043	0;0;2;0;0;8;1;5;2;1	0	0	2.08293181032911		
chr12	55659048	55665676	-	mmuCirc_002034	Ralgapa1	CTO:ANNOTATED:CDS	2	280	NM_001003719:NM_001112714:NM_001286263:NM_019994	0	0	0.0370238421510704	0	0	0.0327511113680254	0	0	0.0795551751934235	0.086016930138913	0;0;2;0;0;1;0;0;2;3	0	0	1.15233883011058		
chr12	55673453	55677265	-	mmuCirc_002035	Ralgapa1	CTO:ANNOTATED:CDS	2	934	NM_001003719:NM_001112714:NM_001286263:NM_019994	0	0	0	0.0192294131873431	0.018226776348359	0.0982533341040761	0.0878601673806477	0.0659643899816055	0.0397775875967117	0.086016930138913	0;0;0;1;1;3;3;2;1;3	0	0	1.83558930626724	rnoCirc_010477	
chr12	55676404	55677265	-	mmuCirc_002036	Ralgapa1	CTO:ANNOTATED:CDS	1	862	NM_001003719:NM_001112714:NM_001286263:NM_019994	0	0	0	0	0	0.0327511113680254	0	0.0329821949908028	0.119332762790135	0.0286723100463043	0;0;0;0;0;1;0;1;3;1	0	0	1.72206824508889	rnoCirc_010478	
chr12	55708994	55709707	-	mmuCirc_002037	Ralgapa1	CTO:ANNOTATED:CDS	2	293	NM_001003719:NM_001112714:NM_001286263:NM_019994	0	0	0	0.0192294131873431	0	0	0.0585734449204318	0	0.397775875967117	0.0573446200926087	0;0;0;1;0;0;2;0;10;2	0	0	2.4460214289338		
chr12	55719584	55722941	-	mmuCirc_002038	Ralgapa1	CTO:ANNOTATED:CDS	2	293	NM_001003719:NM_001112714:NM_001286263:NM_019994	0	0	0	0	0	0	0	0.0989465849724082	0	0.0286723100463043	0;0;0;0;0;0;0;3;0;1	0	0	1.92767159744432	rnoCirc_010481	
chr12	55738211	55739569	-	mmuCirc_002039	Ralgapa1	CTO:ANNOTATED:CDS	2	400	NM_001003719:NM_001112714:NM_001286263:NM_019994	0	0	0.0370238421510704	0.0192294131873431	0	0.163755556840127	0.0292867224602159	0.0329821949908028	0.0795551751934235	0.114689240185217	0;0;2;1;0;5;1;1;2;4	0	0	1.69799612843679		
chr12	55738211	55741563	-	mmuCirc_002040	Ralgapa1	CTO:ANNOTATED:CDS	3	530	NM_001003719:NM_001112714:NM_001286263:NM_019994	0	0	0	0	0	0.0327511113680254	0	0.0329821949908028	0.198887937983559	0	0;0;0;0;0;1;0;1;5;0	0	0	2.08560988458779		
chr12	55757926	55762737	-	mmuCirc_002041	Ralgapa1	CTO:ANNOTATED:CDS	2	333	NM_001003719:NM_001112714:NM_001286263:NM_019994	0.0539743519277075	0	0.0185119210755352	0.0192294131873431	0	0.131004445472102	0.0585734449204318	0.263857559926422	0.357998288370406	0.0286723100463043	3;0;1;1;0;4;2;8;9;1	0	0	2.08735984772104	rnoCirc_010483	
chr12	55757926	55770858	-	mmuCirc_002042	Ralgapa1	CTO:ANNOTATED:CDS	3	573	NM_001003719:NM_001112714:NM_001286263:NM_019994	0	0	0	0.0192294131873431	0	0.0982533341040761	0	0.0989465849724082	0.159110350386847	0	0;0;0;1;0;3;0;3;4;0	0	0	2.44229731717544	rnoCirc_010484	
chr12	55776019	55795776	-	mmuCirc_002043	Ralgapa1	CTO:ANNOTATED:CDS	8	905	NM_001003719:NM_001112714:NM_001286263:NM_019994	0	0	0	0.0384588263746862	0	0.0327511113680254	0	0.0659643899816055	0.159110350386847	0.0286723100463043	0;0;0;2;0;1;0;2;4;1	0	0	1.60034945893041	rnoCirc_010487	
chr12	55782782	55795776	-	mmuCirc_002044	Ralgapa1	CTO:ANNOTATED:CDS	6	557	NM_001003719:NM_001112714:NM_001286263:NM_019994	0	0	0	0	0	0.0327511113680254	0.0292867224602159	0.0329821949908028	0.119332762790135	0.086016930138913	0;0;0;0;0;1;1;1;3;3	0	0	1.86251870878293	rnoCirc_010491	
chr12	55786170	55795776	-	mmuCirc_002045	Ralgapa1	CTO:ANNOTATED:CDS	5	441	NM_001003719:NM_001112714:NM_001286263:NM_019994	0.0179914506425692	0.0512001293247	0	0.0769176527493725	0.018226776348359	0.262008890944203	0.175720334761295	0.494732924862041	0.715996576740811	0.143361550231522	1;3;0;4;1;8;6;15;18;5	0	0	2.81137373864566	rnoCirc_010492	
chr12	55860091	55861454	+	mmuCirc_002046	Brms1l	CTO:ANNOTATED:CDS	3	246	NM_001037756	0	0	0	0	0	0.0327511113680254	0.0585734449204318	0.0659643899816055	0.119332762790135	0.0286723100463043	0;0;0;0;0;1;2;2;3;1	0	0	1.91210926799119		
chr12	57303345	57307464	+	mmuCirc_002047	Mipol1	CTO:ANNOTATED:CDS:5UTR	3	440	NM_001164370	0	0	0.0370238421510704	0.0576882395620293	0.0729071053934362	0.196506668208152	0.0585734449204318	0.329821949908027	0.23866552558027	0.114689240185217	0;0;2;3;4;6;2;10;6;4	0	1	2.05969169107439		
chr12	57303345	57332459	+	mmuCirc_002048	Mipol1	CTO:ANNOTATED:CDS:5UTR	6	775	NM_001164370	0	0.0170667097749	0.0370238421510704	0	0.018226776348359	0.163755556840127	0	0.0989465849724082	0	0.0573446200926087	0;1;2;0;1;5;0;3;0;2	0	0	1.0967465031786		
chr12	57303345	57364234	+	mmuCirc_002049	Mipol1	CTO:ANNOTATED:CDS:5UTR	7	883	NM_001164370	0	0.0170667097749	0.0185119210755352	0	0.0546803290450771	0.0327511113680254	0.0878601673806477	0.0329821949908028	0	0	0;1;1;0;3;1;3;1;0;0	0	0	0.374910485317878		
chr12	57325524	57332459	+	mmuCirc_002050	Mipol1	CTO:ANNOTATED:CDS	3	335	NM_001164370	0.0539743519277075	0.0512001293247	0	0.115376479124059	0.018226776348359	0.0327511113680254	0.380727391982807	0.428768534880436	0.875106927127658	0.258050790416739	3;3;0;6;1;1;13;13;22;9	0	0	2.41610424850056	rnoCirc_010494	hsaCirc_004812
chr12	57325524	57364234	+	mmuCirc_002051	Mipol1	CTO:ANNOTATED:CDS	4	443	NM_001164370	0	0.0170667097749	0.0185119210755352	0.0192294131873431	0	0.196506668208152	0.0585734449204318	0.0989465849724082	0.198887937983559	0.258050790416739	0;1;1;1;0;6;2;3;5;9	0	0	2.48493109869818	rnoCirc_010495	hsaCirc_004813
chr12	59016866	59018125	+	mmuCirc_002052	Gemin2	CTO:ANNOTATED:CDS	3	264	NM_025656	0	0	0.0555357632266056	0.0384588263746862	0	0.0655022227360508	0.117146889840864	0.263857559926422	0.357998288370406	0	0;0;3;2;0;2;4;8;9;0	0	0	2.36910856271487		
chr12	59050268	59051708	-	mmuCirc_002053	Trappc6b	CTO:ANNOTATED:CDS	2	186	NM_030057	0	0.1194669684243	0.148095368604282	0	0	0.687773338728533	0.468587559363454	1.05543023970569	1.07399486511122	0.258050790416739	0;7;8;0;0;21;16;32;27;9	0	0	3.84044198447206	rnoCirc_010501	hsaCirc_004831
chr12	59154356	59163019	+	mmuCirc_002054	Ctage5	CTO:ANNOTATED:CDS	5	515	NM_001165254:NM_146034:NM_001165253	0.0539743519277075	0.0341334195498	0	0	0	0.0655022227360508	0.175720334761295	0.197893169944816	0.0397775875967117	0.0286723100463043	3;2;0;0;0;2;6;6;1;1	0	0	1.67427879856449		
chr12	59172525	59185787	+	mmuCirc_002055	Ctage5	CTO:ANNOTATED:CDS	6	615	NM_001165254:NM_146034:NM_001165253	0.0539743519277075	0.0170667097749	0	0	0	0.163755556840127	0	0.0989465849724082	0.198887937983559	0.114689240185217	3;1;0;0;0;5;0;3;5;4	0	0	1.83969839135316		
chr12	64920805	64921329	+	mmuCirc_002056	Gm527	CTO:ANNOTATED:CDS:5UTR	1	525	NM_001025605	0	0	0	0	0	0.0982533341040761	0.0292867224602159	0	0.0795551751934235	0	0;0;0;0;0;3;1;0;2;0	0	0	2.06016810491635		
chr12	64976695	64986490	+	mmuCirc_002057	Fam179b	CTO:ANNOTATED:CDS	6	1189	NM_177805	0.0179914506425692	0.0341334195498	0	0	0	0.0982533341040761	0.0878601673806477	0.0659643899816055	0.23866552558027	0.114689240185217	1;2;0;0;0;3;3;2;6;4	0	0	2.23620452877515		hsaCirc_004838
chr12	64986393	64991090	+	mmuCirc_002058	Fam179b	CTO:ALT_DONOR:CDS	1	4698	NM_177805	0	0	0	0.0192294131873431	0	0.0655022227360508	0	0.131928779963211	0.278443113176982	0.0573446200926087	0;0;0;1;0;2;0;4;7;2	0	0	2.475008613432		
chr12	64996892	64997617	+	mmuCirc_002059	Fam179b	CTO:ALT_DONOR:CDS	1	726	NM_177805	0	0.0170667097749	0	0	0	0.0327511113680254	0.0292867224602159	0.0989465849724082	0.159110350386847	0.0286723100463043	0;1;0;0;0;1;1;3;4;1	0	0	1.76567929487711		
chr12	65016481	65020400	+	mmuCirc_002060	Fam179b	CTO:ANNOTATED:CDS	3	497	NM_177805	0	0	0.0185119210755352	0	0	0.0327511113680254	0	0	0.23866552558027	0.0286723100463043	0;0;1;0;0;1;0;0;6;1	0	0	1.35750338230637		
chr12	65042461	65044124	+	mmuCirc_002061	Prpf39	CTO:ANNOTATED:CDS:5UTR	3	592	NM_177806	0	0	0	0	0	0.0982533341040761	0	0	0.0795551751934235	0.0286723100463043	0;0;0;0;0;3;0;0;2;1	0	0	2.05413550575117		hsaCirc_004846
chr12	65042461	65048280	+	mmuCirc_002062	Prpf39	CTO:ANNOTATED:CDS:5UTR	4	760	NM_177806	0	0	0	0	0	0.0982533341040761	0	0.0989465849724082	0.0397775875967117	0.0286723100463043	0;0;0;0;0;3;0;3;1;1	0	0	1.99968920660974	rnoCirc_010509	
chr12	65065737	65070052	-	mmuCirc_002063	Fkbp3	CTO:ANNOTATED:CDS	4	414	NM_013902	0	0	0	0.0192294131873431	0	0.0327511113680254	0.117146889840864	0.131928779963211	0.0795551751934235	0.0286723100463043	0;0;0;1;0;1;4;4;2;1	0	0	1.94576731557825		
chr12	65069002	65070052	-	mmuCirc_002064	Fkbp3	CTO:ANNOTATED:CDS	2	210	NM_013902	0	0	0	0.0192294131873431	0	0	0.0292867224602159	0.0989465849724082	0.0795551751934235	0.0573446200926087	0;0;0;1;0;0;1;3;2;2	0	0	1.79207562395825		
chr12	69250753	69256258	+	mmuCirc_002065	Klhdc1	CTO:ANNOTATED:CDS	5	471	NM_178253	0	0	0	0	0.0364535526967181	0.0655022227360508	0.0585734449204318	0.131928779963211	0	0.0573446200926087	0;0;0;0;2;2;2;4;0;2	0	0	1.86239089771714		hsaCirc_004854