chr14	120917356	120923585	+	mmuCirc_003205	Ipo5	CTO:ANNOTATED:CDS	5	579	NM_023579	0	0	0	0.0576882395620293	0	0	0.0292867224602159	0.329821949908027	0.0795551751934235	0.143361550231522	0;0;0;3;0;0;1;10;2;5	0	0	2.20438615162257		
chr14	120919923	120923585	+	mmuCirc_003206	Ipo5	CTO:ANNOTATED:CDS	4	498	NM_023579	0	0	0	0	0	0	0	0	0	0.114689240185217	0;0;0;0;0;0;0;0;0;4	0	0	2.75156269883195		
chr14	121101518	121102182	+	mmuCirc_003207	Farp1	CTO:ALT_ACCEPTOR:CDS:5UTR	1	665	NM_134082	0	0	0	0	0	0.0982533341040761	0.0292867224602159	0.0329821949908028	0.0795551751934235	0.0573446200926087	0;0;0;0;0;3;1;1;2;2	0	0	1.90746257472222		
chr14	121101668	121102182	+	mmuCirc_003208	Farp1	CTO:ALT_ACCEPTOR:CDS:5UTR	1	515	NM_134082	0	0	0	0	0.018226776348359	0.0655022227360508	0	0	0.0795551751934235	0.114689240185217	0;0;0;0;1;2;0;0;2;4	0	0	2.07614579813893		
chr14	121101989	121102182	+	mmuCirc_003209	Farp1	CTO:ANNOTATED:CDS:5UTR	1	194	NM_134082	0	0	0	0	0	0.0982533341040761	0	0.0329821949908028	0.278443113176982	0	0;0;0;0;0;3;0;1;7;0	0	0	2.62290020900508	rnoCirc_004408	hsaCirc_004592
chr14	121101989	121107403	+	mmuCirc_003210	Farp1	CTO:ALT_DONOR:CDS:5UTR	1	5415	NM_134082	0	0	0	0.0384588263746862	0	0.0655022227360508	0	0.0989465849724082	0.0795551751934235	0.114689240185217	0;0;0;2;0;2;0;3;2;4	0	0	2.04696050464473		
chr14	121255408	121257966	+	mmuCirc_003211	Farp1	CTO:ANNOTATED:CDS	3	412	NM_134082	0	0	0	0	0	0.196506668208152	0	0.0659643899816055	0.0397775875967117	0.0573446200926087	0;0;0;0;0;6;0;2;1;2	0	0	2.2677460836698	rnoCirc_004409	hsaCirc_004593
chr14	121337422	121337652	-	mmuCirc_003212	Stk24	CTO:ANNOTATED:CDS	1	231	NM_145465	0	0	0	0	0	0.0982533341040761	0.0292867224602159	0	0.0795551751934235	0.0573446200926087	0;0;0;0;0;3;1;0;2;2	0	0	2.03295131487137		
chr14	121591311	121591879	-	mmuCirc_003213	Dock9	CTO:ANNOTATED:CDS	2	112	NM_001081039:NM_001128307:NM_001128308:NM_134074	0	0	0.0185119210755352	0.0192294131873431	0.018226776348359	0.229257779576178	0.263580502141943	0.131928779963211	0.0397775875967117	0.0286723100463043	0;0;1;1;1;7;9;4;1;1	0	0	2.08029157644761		
chr14	121591311	121591948	-	mmuCirc_003214	Dock9	CTO:ANNOTATED:CDS	2	181	NM_001081039:NM_001128307:NM_001128308:NM_134074	0	0	0	0.0192294131873431	0	0	0	0	0.159110350386847	0.0286723100463043	0;0;0;1;0;0;0;0;4;1	0	0	1.7369711489908		
chr14	121651750	121668499	-	mmuCirc_003215	Dock9	CTO:ANNOTATED:CDS	7	717	NM_001081039:NM_001128307:NM_001128308:NM_134074	0	0	0	0.0192294131873431	0.018226776348359	0.0982533341040761	0.0292867224602159	0.0659643899816055	0.198887937983559	0	0;0;0;1;1;3;1;2;5;0	0	0	1.502869682528		
chr14	121905123	121908320	+	mmuCirc_003216	Ubac2	CTO:ANNOTATED:CDS	3	358	NM_026861	0.0179914506425692	0	0.0185119210755352	0.153835305498745	0.200494539831949	0.491266670520381	0.234293779681727	0.527715119852844	0.954662102321082	0.516101580833478	1;0;1;8;11;15;8;16;24;18	0	1	3.00354934844438	rnoCirc_004411	hsaCirc_004604
chr14	122133280	122139774	+	mmuCirc_003217	Tm9sf2	CTO:ANNOTATED:CDS	3	383	NM_080556	0.0359829012851383	0	0	0.0192294131873431	0	0.0982533341040761	0.0585734449204318	0.164910974954014	0.198887937983559	0.143361550231522	2;0;0;1;0;3;2;5;5;5	0	0	2.35436096321767		
chr14	122133280	122143515	+	mmuCirc_003218	Tm9sf2	CTO:ANNOTATED:CDS	6	684	NM_080556	0	0	0	0	0	0	0.0878601673806477	0	0	0.0286723100463043	0;0;0;0;0;0;3;0;0;1	0	0	1.8570957604744		
chr14	122137372	122142443	+	mmuCirc_003219	Tm9sf2	CTO:ANNOTATED:CDS	4	447	NM_080556	0	0	0	0	0	0	0.117146889840864	0	0	0	0;0;0;0;0;0;4;0;0;0	0	0	2.77765000061683		
chr14	122371241	122384322	+	mmuCirc_003220	Clybl	CTO:ANNOTATED:CDS	5	678	NM_029556	0	0	0.0370238421510704	0	0	0.0655022227360508	0	0.0329821949908028	0.198887937983559	0	0;0;2;0;0;2;0;1;5;0	0	0	1.8140082804739	rnoCirc_004414	
chr14	122557715	122562987	+	mmuCirc_003221	Pcca	CTO:ANNOTATED:CDS	3	195	NM_144844	0	0	0	0	0	0.131004445472102	0.0292867224602159	0.0659643899816055	0.119332762790135	0	0;0;0;0;0;4;1;2;3;0	0	0	2.28047998778338		hsaCirc_004608
chr14	122650252	122668671	+	mmuCirc_003222	Pcca	CTO:ANNOTATED:CDS	4	428	NM_144844	0.0179914506425692	0	0	0.0384588263746862	0	0.262008890944203	0.146433612301079	0.164910974954014	0.198887937983559	0.114689240185217	1;0;0;2;0;8;5;5;5;4	0	0	2.76277803897925	rnoCirc_004415	hsaCirc_004609
chr14	122690099	122714125	+	mmuCirc_003223	Pcca	CTO:ANNOTATED:CDS	4	359	NM_144844	0.0359829012851383	0	0.0555357632266056	0	0.018226776348359	0	0	0.0989465849724082	0.198887937983559	0.0286723100463043	2;0;3;0;1;0;0;3;5;1	0	0	0.74268352014846	rnoCirc_004420	hsaCirc_004619
chr14	122790356	122801828	+	mmuCirc_003224	Pcca	CTO:ALT_DONOR:CDS	1	11473	NM_144844	0	0	0	0	0	0.131004445472102	0.0292867224602159	0	0.0397775875967117	0	0;0;0;0;0;4;1;0;1;0	0	0	1.93244094638997		
chr14	122971740	122973285	-	mmuCirc_003225	Tmtc4	CTO:ANNOTATED:CDS	2	333	NM_028651	0	0.0170667097749	0	0	0	0.0327511113680254	0.117146889840864	0.197893169944816	0.119332762790135	0	0;1;0;0;0;1;4;6;3;0	0	0	2.38318478199683		
chr14	123369938	123371614	-	mmuCirc_003226	Nalcn	CTO:ANNOTATED:CDS	2	279	NM_177393	0	0	0	0	0.018226776348359	0.0982533341040761	0.0585734449204318	0.0659643899816055	0	0.0286723100463043	0;0;0;0;1;3;2;2;0;1	0	0	1.74752690848192		hsaCirc_004628
chr14	123592682	123599989	-	mmuCirc_003227	Nalcn	CTO:ANNOTATED:CDS:5UTR	5	683	NM_177393	0	0	0.0185119210755352	0.0192294131873431	0	0.0982533341040761	0.0585734449204318	0.0659643899816055	0.159110350386847	0.0573446200926087	0;0;1;1;0;3;2;2;4;2	0	0	1.96768536660848		hsaCirc_004636
chr14	123827752	123857579	+	mmuCirc_003228	Itgbl1	CTO:ANNOTATED:CDS	5	699	NM_145467	0	0.0341334195498	0.0555357632266056	0.0384588263746862	0.0364535526967181	0	0	0	0.119332762790135	0.20070617032413	0;2;3;2;2;0;0;0;3;7	0	0	-0.0334117357170648		
chr15	3325898	3341091	-	mmuCirc_003229	Ghr	CTO:ANNOTATED:CDS:3UTR	4	612	NM_001286370:NM_010284	0	0	0	0	0	0	0	0.131928779963211	0.119332762790135	0.0286723100463043	0;0;0;0;0;0;0;4;3;1	0	0	2.33629571947211		
chr15	3340919	3347601	-	mmuCirc_003230	Ghr	CTO:ANNOTATED:CDS	3	327	NM_001286370:NM_010284:NM_001048178	0	0	0	0.0192294131873431	0.018226776348359	0.0655022227360508	0.0292867224602159	0.0659643899816055	0.23866552558027	0.0286723100463043	0;0;0;1;1;2;1;2;6;1	0	0	1.71409959249531	rnoCirc_006372	
chr15	3457930	3551685	-	mmuCirc_003231	Ghr	CTO:ALT_ACCEPTOR:CDS:5UTR	1	93756	NM_001286370:NM_010284:NM_001048178	0.0359829012851383	0.0170667097749	0.129583447528746	0.0961470659367156	0.018226776348359	0.818777784200635	0.322153947062375	0.758590484788463	0.596663813950676	0.315395410509348	2;1;7;5;1;25;11;23;15;11	0	0	3.00666665383371		
chr15	3457930	3551722	-	mmuCirc_003232	Ghr	CTO:ALT_ACCEPTOR:CDS:5UTR	1	93793	NM_001286370:NM_010284:NM_001048178	0	0	0	0.0384588263746862	0.0364535526967181	0.131004445472102	0.0585734449204318	0.164910974954014	0.119332762790135	0.114689240185217	0;0;0;2;2;4;2;5;3;4	0	0	2.12137199374959		
chr15	3544025	3551685	-	mmuCirc_003233	Ghr	INTRONIC	1	7661	NM_001286370:NM_010284:NM_001048178	0.0359829012851383	0	0	0	0.0364535526967181	0.0982533341040761	0.0878601673806477	0.329821949908027	0.159110350386847	0.0573446200926087	2;0;0;0;2;3;3;10;4;2	0	0	2.25109505145435		
chr15	4035260	4037181	+	mmuCirc_003234	Oxct1	CTO:ANNOTATED:CDS	2	200	NM_024188	0	0	0	0	0	0.229257779576178	0.175720334761295	0.428768534880436	0.517108638757253	0.143361550231522	0;0;0;0;0;7;6;13;13;5	0	0	3.83906531533565		
chr15	4035260	4047600	+	mmuCirc_003235	Oxct1	CTO:ANNOTATED:CDS	3	336	NM_024188	0	0	0	0	0	0.163755556840127	0	0.0329821949908028	0.0397775875967117	0	0;0;0;0;0;5;0;1;1;0	0	0	2.0616094212059		
chr15	4035260	4059996	+	mmuCirc_003236	Oxct1	CTO:ANNOTATED:CDS	6	654	NM_024188	0.0899572532128458	0.0170667097749	0.0555357632266056	0.0192294131873431	0.0364535526967181	0.818777784200635	0.527161004283886	0.59367950983445	0.596663813950676	0.430084650694565	5;1;3;1;2;25;18;18;15;15	0	0	3.36138111721577		
chr15	4047465	4057775	+	mmuCirc_003237	Oxct1	CTO:ANNOTATED:CDS	3	393	NM_024188	0.0539743519277075	0	0.0185119210755352	0.0384588263746862	0	0.556768893256432	0.205007057221511	0.428768534880436	0.556886226353964	0.286723100463044	3;0;1;2;0;17;7;13;14;10	0	0	3.44780962903387		
chr15	4047465	4059996	+	mmuCirc_003238	Oxct1	CTO:ANNOTATED:CDS	4	454	NM_024188	0.269871759638537	0.1194669684243	0.222143052906423	0.192294131873431	0.273401645225386	3.79912891869094	1.75720334761295	3.5950592539975	4.81308809920212	1.77768322287087	15;7;12;10;15;116;60;109;121;62	1	1	3.68309138786994	rnoCirc_006373	
chr15	4091168	4101879	+	mmuCirc_003239	Oxct1	CTO:ANNOTATED:CDS	6	516	NM_024188	0	0	0	0.0192294131873431	0.018226776348359	0.0982533341040761	0.0292867224602159	0.197893169944816	0	0	0;0;0;1;1;3;1;6;0;0	0	0	1.08080755442928		hsaCirc_012232
chr15	5022586	5034353	-	mmuCirc_003240	C7	CTO:ANNOTATED:CDS	3	529	NM_001243837	0	0	0	0.0192294131873431	0	0.0327511113680254	0.0292867224602159	0.230875364935619	0.23866552558027	0.086016930138913	0;0;0;1;0;1;1;7;6;3	0	0	2.29532046663468	rnoCirc_006378	
chr15	5208369	5212130	+	mmuCirc_003241	Ttc33	CTO:ANNOTATED:CDS	2	214	NM_026213	0	0.0170667097749	0	0	0	0.131004445472102	0.0878601673806477	0.197893169944816	0.159110350386847	0.20070617032413	0;1;0;0;0;4;3;6;4;7	0	0	2.90597325253191	rnoCirc_006383	hsaCirc_012217
chr15	5322244	5323612	+	mmuCirc_003242		NTO	1	1369		0	0.0170667097749	0.0370238421510704	0	0.018226776348359	0.0655022227360508	0.117146889840864	0.0659643899816055	0.0795551751934235	0.0286723100463043	0;1;2;0;1;2;4;2;2;1	0	0	1.44793515907696		
chr15	5322244	5333050	+	mmuCirc_003243		NTO	1	10807		0	0	0	0.0192294131873431	0.0364535526967181	0.0327511113680254	0.0585734449204318	0.131928779963211	0.0397775875967117	0.086016930138913	0;0;0;1;2;1;2;4;1;3	0	0	1.56307877948099		
chr15	6735365	6745580	+	mmuCirc_003244	Rictor	CTO:ANNOTATED:CDS	3	295	NM_030168	0	0	0	0	0	0.131004445472102	0.146433612301079	0.230875364935619	0.318220700773694	0	0;0;0;0;0;4;5;7;8;0	0	0	3.42554649963672		hsaCirc_012215
chr15	6735365	6750721	+	mmuCirc_003245	Rictor	CTO:ANNOTATED:CDS	4	359	NM_030168	0	0	0	0.0384588263746862	0	0.0655022227360508	0.234293779681727	0.230875364935619	0.357998288370406	0.114689240185217	0;0;0;2;0;2;8;7;9;4	0	0	2.9715469454596	rnoCirc_006386	hsaCirc_012214
chr15	6756461	6765119	+	mmuCirc_003246	Rictor	CTO:ANNOTATED:CDS	4	433	NM_030168	0	0	0	0	0	0	0	0.164910974954014	0.119332762790135	0	0;0;0;0;0;0;0;5;3;0	0	0	3.00461078941383	rnoCirc_006389	
chr15	6836916	6837831	-	mmuCirc_003247	Osmr	CTO:ANNOTATED:CDS	2	294	NM_011019	0	0	0	0	0	0.0655022227360508	0	0.0989465849724082	0.0795551751934235	0.0573446200926087	0;0;0;0;0;2;0;3;2;2	0	0	2.23375028255662		
chr15	6836916	6842104	-	mmuCirc_003248	Osmr	CTO:ANNOTATED:CDS	3	446	NM_011019	0	0	0	0	0	0	0.0878601673806477	0	0	0.0573446200926087	0;0;0;0;0;0;3;0;0;2	0	0	2.19119560870207		
chr15	6836916	6842917	-	mmuCirc_003249	Osmr	CTO:ANNOTATED:CDS	4	582	NM_011019	0.0359829012851383	0	0.0370238421510704	0.0384588263746862	0.0364535526967181	0.0982533341040761	0.0878601673806477	0.36280414489883	0.636441401547388	0.258050790416739	2;0;2;2;2;3;3;11;16;9	0	0	2.40925357787946		
chr15	7154387	7159521	+	mmuCirc_003250	Lifr	CTO:ANNOTATED:CDS:5UTR	3	404	NM_001113386:NM_013584	0	0	0.0185119210755352	0.0192294131873431	0	0	0.175720334761295	0	0.318220700773694	0	0;0;1;1;0;0;6;0;8;0	0	0	1.81779132079037	rnoCirc_006392	hsaCirc_012207
chr15	7172856	7173560	+	mmuCirc_003251	Lifr	CTO:ANNOTATED:CDS	2	300	NM_001113386:NM_013584	0.0179914506425692	0.0170667097749	0	0	0	0.163755556840127	0.0292867224602159	0.0989465849724082	0.0397775875967117	0	1;1;0;0;0;5;1;3;1;0	0	0	1.7092406954394		
chr15	8042711	8079364	-	mmuCirc_003252	Wdr70	CTO:ANNOTATED:CDS	3	399	NM_001081402	0	0	0.0185119210755352	0	0	0	0.0585734449204318	0	0	0.086016930138913	0;0;1;0;0;0;2;0;0;3	0	0	1.14498649668556		
chr15	8079160	8082582	-	mmuCirc_003253	Wdr70	CTO:ANNOTATED:CDS	2	326	NM_001081402	0	0	0	0.0192294131873431	0	0.196506668208152	0.0878601673806477	0.0989465849724082	0	0.143361550231522	0;0;0;1;0;6;3;3;0;5	0	0	2.09954651505844	rnoCirc_006402	
chr15	8139851	8141359	+	mmuCirc_003254	Nup155	CTO:ANNOTATED:CDS	2	229	NM_133227	0.0539743519277075	0.0341334195498	0.0185119210755352	0.0192294131873431	0.109360658090154	0.818777784200635	0.702881339045181	0.758590484788463	1.63088109146518	0.344067720555652	3;2;1;1;6;25;24;23;41;12	0	0	3.69356225689644		
chr15	8139851	8141364	+	mmuCirc_003255	Nup155	CTO:ALT_DONOR:CDS	2	234	NM_133227	0	0	0	0	0	0	0	0.0989465849724082	0.0795551751934235	0.114689240185217	0;0;0;0;0;0;0;3;2;4	0	0	2.54643365306456		
chr15	8147143	8148451	+	mmuCirc_003256	Nup155	CTO:ANNOTATED:CDS	3	414	NM_133227	0	0	0.0185119210755352	0.0576882395620293	0.018226776348359	0.0655022227360508	0.175720334761295	0.0329821949908028	0.159110350386847	0.086016930138913	0;0;1;3;1;2;6;1;4;3	0	0	1.70472120133223		
chr15	8325684	8330316	-	mmuCirc_003257	Nipbl	CTO:ANNOTATED:CDS	5	589	NM_027707:NM_201232	0.0359829012851383	0	0.0370238421510704	0.0384588263746862	0.018226776348359	0	0.0878601673806477	0.263857559926422	0.357998288370406	0.20070617032413	2;0;2;2;1;0;3;8;9;7	0	0	1.69679849497177	rnoCirc_006412	
chr15	9083270	9085806	+	mmuCirc_003258	Nadk2	CTO:ANNOTATED:CDS	3	260	NM_001286253:NM_001040395:NM_001085410:NM_001286255	0	0	0	0	0	0.0327511113680254	0.0878601673806477	0	0.0795551751934235	0	0;0;0;0;0;1;3;0;2;0	0	0	2.04859602515639		
chr15	9085725	9096092	+	mmuCirc_003259	Nadk2	CTO:ANNOTATED:CDS	4	382	NM_001286253:NM_001040395:NM_001085410:NM_001286255	0	0	0	0.0384588263746862	0	0.0655022227360508	0	0.131928779963211	0.0795551751934235	0	0;0;0;2;0;2;0;4;2;0	0	0	1.92978688479102		
chr15	11237534	11263453	+	mmuCirc_003260	Adamts12	CTO:ANNOTATED:CDS	7	973	NM_175501	0	0	0	0	0	0	0	0	0.119332762790135	0	0;0;0;0;0;0;0;0;3;0	0	0	2.80046262890159		
chr15	11883298	11895804	-	mmuCirc_003261	Npr3	CTO:ANNOTATED:CDS:5UTR	2	290	NM_001286395:NM_001039181:NM_008728	0.0899572532128458	0.0170667097749	0.0740476843021408	0	0	0.262008890944203	0.263580502141943	0.230875364935619	0.357998288370406	0.143361550231522	5;1;4;0;0;8;9;7;9;5	0	0	2.5960342176831	rnoCirc_006446	hsaCirc_012161
chr15	12136396	12140652	+	mmuCirc_003262	Zfr	CTO:ANNOTATED:CDS	3	647	NM_011767	0	0.0170667097749	0	0.0192294131873431	0	0	0.0292867224602159	0.0989465849724082	0	0.0286723100463043	0;1;0;1;0;0;1;3;0;1	0	0	0.823620606388549	rnoCirc_006445	
chr15	12136396	12171854	+	mmuCirc_003263	Zfr	CTO:ANNOTATED:CDS	15	2698	NM_011767	0.0359829012851383	0.0341334195498	0.0185119210755352	0	0	0.0982533341040761	0	0	0.119332762790135	0.0286723100463043	2;2;1;0;0;3;0;0;3;1	0	0	0.556112392372162		
chr15	12136396	12184166	+	mmuCirc_003264	Zfr	CTO:ALT_DONOR:CDS:3UTR	18	3116	NM_011767	0	0.0170667097749	0.0185119210755352	0.0192294131873431	0	0	0	0.0329821949908028	0.23866552558027	0.0286723100463043	0;1;1;1;0;0;0;1;6;1	0	0	0.893564959798178		
chr15	12152801	12160690	+	mmuCirc_003265	Zfr	CTO:ANNOTATED:CDS	5	832	NM_011767	0	0.0170667097749	0	0.0192294131873431	0	0.0655022227360508	0.0585734449204318	0.0329821949908028	0.23866552558027	0.0573446200926087	0;1;0;1;0;2;2;1;6;2	0	0	1.85155367308941		
chr15	12159599	12160690	+	mmuCirc_003266	Zfr	CTO:ANNOTATED:CDS	2	369	NM_011767	0	0	0	0	0	0.0982533341040761	0.0878601673806477	0.0989465849724082	0.357998288370406	0.143361550231522	0;0;0;0;0;3;3;3;9;5	0	0	2.96748910559147	rnoCirc_006442	
chr15	12230274	12233926	+	mmuCirc_003267	Mtmr12	CTO:ANNOTATED:CDS	3	280	NM_172958	0	0	0	0	0.018226776348359	0.229257779576178	0	0.0989465849724082	0.357998288370406	0.143361550231522	0;0;0;0;1;7;0;3;9;5	0	0	3.13688234622342		
chr15	12230274	12238019	+	mmuCirc_003268	Mtmr12	CTO:ANNOTATED:CDS	5	502	NM_172958	0.0179914506425692	0	0	0	0.018226776348359	0.131004445472102	0.0878601673806477	0.0989465849724082	0.0795551751934235	0.172033860277826	1;0;0;0;1;4;3;3;2;6	0	0	2.32767562350291		hsaCirc_012154
chr15	12236018	12238019	+	mmuCirc_003269	Mtmr12	CTO:ANNOTATED:CDS	2	222	NM_172958	0.0539743519277075	0.0341334195498	0.0555357632266056	0	0.0364535526967181	0.524017781888406	0.380727391982807	0.461750729871238	1.07399486511122	0.20070617032413	3;2;3;0;2;16;13;14;27;7	0	0	3.23601887457684		
chr15	12339628	12343151	+	mmuCirc_003270	Golph3	CTO:ANNOTATED:CDS	2	247	NM_025673	0.0539743519277075	0.0170667097749	0	0.0384588263746862	0.018226776348359	0.229257779576178	0.205007057221511	0.560697314843647	0.994439689917794	0.344067720555652	3;1;0;2;1;7;7;17;25;12	0	0	3.31654000500393	rnoCirc_006438	hsaCirc_012153
chr15	12339628	12349788	+	mmuCirc_003271	Golph3	CTO:ALT_DONOR:CDS	3	668	NM_025673	0.0359829012851383	0	0	0	0.0364535526967181	0.0327511113680254	0.0585734449204318	0.0329821949908028	0.198887937983559	0	2;0;0;0;2;1;2;1;5;0	0	0	1.04976416755098	rnoCirc_006437	