chr2	70003354	70013214	+	mmuCirc_005416	Ubr3	CTO:ANNOTATED:CDS	3	335	NM_001081548:NM_177783	0	0	0	0	0	0.0327511113680254	0.0585734449204318	0	0	0.143361550231522	0;0;0;0;0;1;2;0;0;5	0	0	2.13441328674042	rnoCirc_007802	
chr2	70676465	70684103	+	mmuCirc_005417	Gorasp2	CTO:ANNOTATED:CDS	6	760	NM_027352:NR_027343	0	0	0	0	0.018226776348359	0	0	0.0659643899816055	0.23866552558027	0.0286723100463043	0;0;0;0;1;0;0;2;6;1	0	0	2.04842424887113		
chr2	70738421	70742242	-	mmuCirc_005418	Tlk1	CTO:ANNOTATED:CDS	2	256	NM_172664	0.0179914506425692	0	0	0	0	0.0327511113680254	0.146433612301079	0.0329821949908028	0.119332762790135	0.0286723100463043	1;0;0;0;0;1;5;1;3;1	0	0	1.80389461986322		hsaCirc_008708
chr2	70738421	70757549	-	mmuCirc_005419	Tlk1	CTO:ANNOTATED:CDS	9	906	NM_172664	0	0	0	0	0	0	0	0.164910974954014	0.159110350386847	0.229378480370435	0;0;0;0;0;0;0;5;4;8	0	0	3.33726694184661	rnoCirc_007806	
chr2	70738421	70786995	-	mmuCirc_005420	Tlk1	CTO:ANNOTATED:CDS	11	1097	NM_172664	0	0	0	0	0	0.131004445472102	0.146433612301079	0.164910974954014	0.0795551751934235	0.0573446200926087	0;0;0;0;0;4;5;5;2;2	0	0	2.68979004889756	rnoCirc_007807	
chr2	70745934	70750524	-	mmuCirc_005421	Tlk1	CTO:ANNOTATED:CDS	3	294	NM_172664	0	0	0	0.0192294131873431	0	0.0655022227360508	0	0.0659643899816055	0.159110350386847	0.114689240185217	0;0;0;1;0;2;0;2;4;4	0	0	2.2855262082637	rnoCirc_007810	
chr2	70749235	70757549	-	mmuCirc_005422	Tlk1	CTO:ANNOTATED:CDS	5	402	NM_172664	0	0	0.0185119210755352	0	0	0.0655022227360508	0.0585734449204318	0.0329821949908028	0.159110350386847	0	0;0;1;0;0;2;2;1;4;0	0	0	1.92324576699733	rnoCirc_007811	
chr2	70750435	70786995	-	mmuCirc_005423	Tlk1	CTO:ANNOTATED:CDS	6	500	NM_172664	0.0359829012851383	0	0.0185119210755352	0.0384588263746862	0.018226776348359	0.131004445472102	0.0585734449204318	0.0989465849724082	0.278443113176982	0.086016930138913	2;0;1;2;1;4;2;3;7;3	0	0	1.77122278931551		
chr2	70752235	70757549	-	mmuCirc_005424	Tlk1	CTO:ANNOTATED:CDS	3	219	NM_172664	0	0	0	0	0	0	0	0.0989465849724082	0.0397775875967117	0	0;0;0;0;0;0;0;3;1;0	0	0	2.07592331146981		
chr2	70757474	70786995	-	mmuCirc_005425	Tlk1	CTO:ANNOTATED:CDS	3	267	NM_172664	0	0	0.0185119210755352	0.0192294131873431	0	0.131004445472102	0.117146889840864	0.296839754917225	0.0795551751934235	0.0286723100463043	0;0;1;1;0;4;4;9;2;1	0	0	2.27224145912928	rnoCirc_007813	
chr2	70768862	70786995	-	mmuCirc_005426	Tlk1	CTO:ALT_DONOR:CDS	2	1333	NM_172664	0.0899572532128458	0.2048005172988	0.333214579359634	0.326900024184833	0.309855197922104	1.44104890019312	1.43504940055058	2.14384267440218	3.14242942014023	1.3475985721763	5;12;18;17;17;44;49;65;79;47	1	1	2.8563001969952	rnoCirc_007814	
chr2	70770004	70786995	-	mmuCirc_005427	Tlk1	CTO:ANNOTATED:CDS	2	191	NM_172664	0.773632377630474	0.512001293247	0.629405316568197	1.15376479124059	0.692617501237644	7.56550672601386	7.02881339045181	8.64133508759032	15.1950384619439	7.13940520152978	43;30;34;60;38;231;240;262;382;249	1	1	3.54938049961411	rnoCirc_007816	hsaCirc_008710
chr2	70770004	70795010	-	mmuCirc_005428	Tlk1	CTO:ALT_ACCEPTOR:CDS	2	8206	NM_172664	0	0	0	0	0.018226776348359	0	0	0.0329821949908028	0.119332762790135	0.0286723100463043	0;0;0;0;1;0;0;1;3;1	0	0	1.51816264933688		
chr2	70786877	70786995	-	mmuCirc_005429	Tlk1	CTO:ANNOTATED:CDS	1	119	NM_172664	0.0179914506425692	0	0.0555357632266056	0.0769176527493725	0.0546803290450771	0.163755556840127	0.292867224602159	0.0989465849724082	0.517108638757253	0.20070617032413	1;0;3;4;3;5;10;3;13;7	0	1	2.18606224237285	rnoCirc_007818	
chr2	70786877	70795010	-	mmuCirc_005430	Tlk1	CTO:ALT_ACCEPTOR:CDS	1	8134	NM_172664	0.0179914506425692	0	0	0	0	0	0.0878601673806477	0	0.198887937983559	0.0286723100463043	1;0;0;0;0;0;3;0;5;1	0	0	1.56015931787247		
chr2	70786877	70803133	-	mmuCirc_005431	Tlk1	CTO:ALT_ACCEPTOR:CDS	1	16257	NM_172664	0	0	0	0	0	0.0982533341040761	0	0.0989465849724082	0.119332762790135	0	0;0;0;0;0;3;0;3;3;0	0	0	2.64550451024247		
chr2	71056495	71063495	+	mmuCirc_005432	Dcaf17	CTO:ANNOTATED:CDS	3	332	NM_001165982:NM_198005:NM_001165980:NM_001165981	0.0179914506425692	0.0170667097749	0.0555357632266056	0	0.018226776348359	0.131004445472102	0	0.131928779963211	0.437553463563829	0.114689240185217	1;1;3;0;1;4;0;4;11;4	0	0	1.68834625000735		
chr2	71073121	71082053	+	mmuCirc_005433	Dcaf17	CTO:ANNOTATED:CDS:3UTR	5	523	NM_001165982:NM_198005:NM_001165980:NM_001165981	0	0	0	0	0	0	0	0.131928779963211	0.0397775875967117	0	0;0;0;0;0;0;0;4;1;0	0	0	2.25246397878285		
chr2	71214439	71228690	+	mmuCirc_005434	Dync1i2	CTO:ANNOTATED:CDS:5UTR	5	395	NM_001198872:NM_001198873:NM_001198874:NM_001198875:NM_001198876:NM_001198877:NM_001198878:NM_010064	0.0179914506425692	0	0	0	0.018226776348359	0.0655022227360508	0.0585734449204318	0.0989465849724082	0.0795551751934235	0.0286723100463043	1;0;0;0;1;2;2;3;2;1	0	0	1.67611698095121		
chr2	71293360	71315129	-	mmuCirc_005435	Slc25a12	CTO:ANNOTATED:CDS	8	840	NM_172436	0	0	0	0	0	0	0	0	0.119332762790135	0	0;0;0;0;0;0;0;0;3;0	0	0	2.80046262890159		
chr2	71308056	71315129	-	mmuCirc_005436	Slc25a12	CTO:ANNOTATED:CDS	4	465	NM_172436	0.0359829012851383	0	0	0.0192294131873431	0	0.131004445472102	0	0.0659643899816055	0.278443113176982	0.114689240185217	2;0;0;1;0;4;0;2;7;4	0	0	2.30357075553456		
chr2	71506785	71512168	+	mmuCirc_005437	Metap1d	CTO:ANNOTATED:CDS	4	500	NM_025633	0.0179914506425692	0.0170667097749	0	0.0384588263746862	0.018226776348359	0.0982533341040761	0.0292867224602159	0.0659643899816055	0.159110350386847	0	1;1;0;2;1;3;1;2;4;0	0	0	0.966744139194368	rnoCirc_007822	
chr2	71875406	71880110	+	mmuCirc_005438	Pdk1	CTO:ANNOTATED:CDS	2	214	NM_172665	0	0	0	0	0	0.0982533341040761	0.0292867224602159	0.0659643899816055	0.0397775875967117	0.0573446200926087	0;0;0;0;0;3;1;2;1;2	0	0	1.89993055629148		
chr2	71875406	71888994	+	mmuCirc_005439	Pdk1	CTO:ANNOTATED:CDS	7	743	NM_172665	0	0	0	0	0.018226776348359	0.0327511113680254	0.0878601673806477	0	0.0795551751934235	0.172033860277826	0;0;0;0;1;1;3;0;2;6	0	0	2.1186233357356		
chr2	71880039	71883932	+	mmuCirc_005440	Pdk1	CTO:ANNOTATED:CDS	3	347	NM_172665	0	0	0	0	0	0.0327511113680254	0	0	0.119332762790135	0	0;0;0;0;0;1;0;0;3;0	0	0	2.09983205897444		hsaCirc_008729
chr2	71883423	71888994	+	mmuCirc_005441	Pdk1	CTO:ANNOTATED:CDS	5	529	NM_172665	0	0	0	0.0192294131873431	0	0	0	0.0329821949908028	0.0397775875967117	0.114689240185217	0;0;0;1;0;0;0;1;1;4	0	0	1.58824641141594		
chr2	72174423	72180103	+	mmuCirc_005442	Rapgef4	CTO:ANNOTATED:CDS	4	467	NM_001204165:NM_019688:NM_001204166	0	0	0	0.0192294131873431	0.0546803290450771	0.0982533341040761	0.380727391982807	0.164910974954014	0.119332762790135	0.0573446200926087	0;0;0;1;3;3;13;5;3;2	0	0	2.39524333279376		hsaCirc_008732
chr2	72940543	72946738	-	mmuCirc_005443	Sp3	CTO:ANNOTATED:CDS	2	390	NM_001098425:NM_001018042	0	0.0341334195498	0	0	0	0.0982533341040761	0.117146889840864	0.0989465849724082	0.0795551751934235	0.0573446200926087	0;2;0;0;0;3;4;3;2;2	0	0	2.1487957273021		
chr2	72970155	72971514	-	mmuCirc_005444	Sp3	CTO:ANNOTATED:CDS	1	1360	NM_001098425:NM_001018042	0	0	0.0370238421510704	0.0192294131873431	0.018226776348359	0.0982533341040761	0.0292867224602159	0	0.119332762790135	0.086016930138913	0;0;2;1;1;3;1;0;3;3	0	0	1.13072176983959	rnoCirc_007829	hsaCirc_008735
chr2	73659680	73679903	-	mmuCirc_005445	Chn1	CTO:ANNOTATED:CDS:5UTR	2	367	NM_001113246:NM_001166603	0	0.0170667097749	0	0.0384588263746862	0.018226776348359	0.163755556840127	0.117146889840864	0.164910974954014	0.397775875967117	0.114689240185217	0;1;0;2;1;5;4;5;10;4	0	0	2.59004328723994		
chr2	73677760	73679903	-	mmuCirc_005446	Chn1	CTO:ALT_DONOR:CDS	1	2144	NM_001113246:NM_001166603	0.0359829012851383	0	0	0	0	0.131004445472102	0	0.197893169944816	0.0397775875967117	0.086016930138913	2;0;0;0;0;4;0;6;1;3	0	0	2.21572734329227		hsaCirc_008739
chr2	73679615	73679903	-	mmuCirc_005447	Chn1	CTO:ANNOTATED:CDS	1	289	NM_001113246:NM_001166603	0	0	0.0370238421510704	0	0	0.131004445472102	0.0585734449204318	0.0659643899816055	0.198887937983559	0.172033860277826	0;0;2;0;0;4;2;2;5;6	0	0	2.43962884074517	rnoCirc_007835	
chr2	73828472	73853891	-	mmuCirc_005448	Atf2	CTO:ANNOTATED:CDS:5UTR	9	1091	NM_001025093:NM_001284369:NM_001284372:NM_001284373:NM_001284374:NM_001284376:NM_009715:NM_001284370:NM_001284371	0	0.0170667097749	0	0	0	0	0	0	0.0397775875967117	0.086016930138913	0;1;0;0;0;0;0;0;1;3	0	0	1.0319011274421	rnoCirc_007836	
chr2	73842360	73846375	-	mmuCirc_005449	Atf2	CTO:ANNOTATED:CDS:5UTR	4	389	NM_001025093:NM_001284369:NM_001284372:NM_001284373:NM_001284374:NM_001284376:NM_009715:NM_001284370:NM_001284371	0	0	0	0	0	0.163755556840127	0.0292867224602159	0.0659643899816055	0.159110350386847	0.086016930138913	0;0;0;0;0;5;1;2;4;3	0	0	2.43473074982731	rnoCirc_007837	
chr2	73842360	73853891	-	mmuCirc_005450	Atf2	CTO:ANNOTATED:CDS:5UTR	7	734	NM_001025093:NM_001284369:NM_001284372:NM_001284373:NM_001284374:NM_001284376:NM_009715:NM_001284370:NM_001284371	0.0179914506425692	0	0.0185119210755352	0	0.018226776348359	0.196506668208152	0	0.164910974954014	0.198887937983559	0.0573446200926087	1;0;1;0;1;6;0;5;5;2	0	0	2.31073914144596	rnoCirc_007838	hsaCirc_008743
chr2	73845439	73846375	-	mmuCirc_005451	Atf2	CTO:ANNOTATED:CDS:5UTR	2	294	NM_001025093:NM_001284369:NM_001284372:NM_001284373:NM_001284374:NM_001284376:NM_009715:NM_001284370:NM_001284371	0.0179914506425692	0	0.0185119210755352	0	0	0.0327511113680254	0.117146889840864	0.164910974954014	0.23866552558027	0	1;0;1;0;0;1;4;5;6;0	0	0	2.30191160785948		
chr2	73863169	73880381	-	mmuCirc_005452	Atf2	CTO:ANNOTATED:CDS:5UTR	4	306	NM_001025093:NM_001284369:NM_001284372:NM_001284373:NM_001284374:NM_001284376:NM_009715:NM_001284370:NM_001284371	0.0179914506425692	0	0	0.0192294131873431	0	0	0.0292867224602159	0.131928779963211	0.278443113176982	0	1;0;0;1;0;0;1;4;7;0	0	0	1.55707395739763		
chr2	74568941	74573626	-	mmuCirc_005453	Lnp	CTO:ANNOTATED:CDS:5UTR	3	319	NM_001110209:NM_027133	0.0359829012851383	0.0341334195498	0.0370238421510704	0.0769176527493725	0.018226776348359	0.524017781888406	0.234293779681727	0.626661704825252	0.6762189891441	0.372740030601957	2;2;2;4;1;16;8;19;17;13	0	0	3.0443006827374	rnoCirc_007839	
chr2	74847238	74870484	+	mmuCirc_005454	Mtx2	CTO:ANNOTATED:CDS	8	580	NM_016804	0	0	0	0	0	0.0327511113680254	0	0	0.119332762790135	0.0573446200926087	0;0;0;0;0;1;0;0;3;2	0	0	2.05032168756177	rnoCirc_007840	
chr2	75858899	75877598	+	mmuCirc_005455	Agps	CTO:ANNOTATED:CDS	5	524	NM_172666	0	0	0.0185119210755352	0	0.0364535526967181	0.0655022227360508	0.0292867224602159	0.131928779963211	0.0397775875967117	0.0286723100463043	0;0;1;0;2;2;1;4;1;1	0	0	1.34856414237024		
chr2	75891792	75904948	+	mmuCirc_005456	Agps	CTO:ANNOTATED:CDS	5	412	NM_172666	0	0	0	0	0.018226776348359	0.0982533341040761	0	0.0989465849724082	0.119332762790135	0	0;0;0;0;1;3;0;3;3;0	0	0	1.75048249685744		
chr2	76499257	76524144	+	mmuCirc_005457	Osbpl6	CTO:ANNOTATED:CDS:5UTR	3	662	NM_001290733:NM_001290734:NM_145525:NM_001290735	0	0	0	0	0	0	0.0878601673806477	0.0329821949908028	0	0.0573446200926087	0;0;0;0;0;0;3;1;0;2	0	0	1.92929961050991		
chr2	76704942	76705066	+	mmuCirc_005458	Ttn	AS:CTO	1	125	NM_011652:NM_028004	0.0179914506425692	0.0341334195498	0	0	0	0	0.0878601673806477	0	0	0.0286723100463043	1;2;0;0;0;0;3;0;0;1	0	0	0.450665732158896		
chr2	76715900	76716024	-	mmuCirc_005459	Ttn	CTO:ALT_DONOR:ALT_ACCEPTOR:CDS	1	125	NM_011652:NM_028004	0.0179914506425692	0.0341334195498	0.0555357632266056	0.0384588263746862	0	0	0	0	0	0.0286723100463043	1;2;3;2;0;0;0;0;0;1	0	0	-0.908734761548625		
chr2	76717858	76718561	-	mmuCirc_005460	Ttn	CTO:ALT_DONOR:ALT_ACCEPTOR:CDS	2	605	NM_011652:NM_028004	0	0	0	0	0	0	0	0.0989465849724082	0	0	0;0;0;0;0;0;0;3;0;0	0	0	2.57224194660756		
chr2	76734214	76734384	+	mmuCirc_005461	Ttn	AS:CTO	1	171	NM_011652:NM_028004	0	0	0	0	0	0	0	0.0989465849724082	0.0795551751934235	0	0;0;0;0;0;0;0;3;2;0	0	0	2.44386913018087		
chr2	76734989	76735417	+	mmuCirc_005462	Ttn	AS:CTO	1	429	NM_011652:NM_028004	0	0	0	0	0	0	0	0.0989465849724082	0	0	0;0;0;0;0;0;0;3;0;0	0	0	2.57224194660756		
chr2	76735417	76736193	+	mmuCirc_005463	Ttn	AS:CTO	1	777	NM_011652:NM_028004	0	0	0	0	0	0	0	0.0989465849724082	0	0	0;0;0;0;0;0;0;3;0;0	0	0	2.57224194660756		
chr2	76738811	76738916	+	mmuCirc_005464	Ttn	AS:CTO	1	106	NM_011652:NM_028004	0	0.0853335488745	0.0370238421510704	0.0384588263746862	0.018226776348359	0	0	0	0	0	0;5;2;2;1;0;0;0;0;0	0	0	-1.59761569054562		
chr2	76738824	76738972	+	mmuCirc_005465	Ttn	AS:CTO	1	149	NM_011652:NM_028004	0	0	0	0	0	0	0	0.131928779963211	0	0	0;0;0;0;0;0;0;4;0;0	0	0	2.92532328123365		
chr2	76748502	76748696	-	mmuCirc_005466	Ttn	CTO:ALT_DONOR:ALT_ACCEPTOR:CDS	1	195	NM_011652:NM_028004	0.0179914506425692	0.0512001293247	0	0	0.018226776348359	0	0.0292867224602159	0	0	0	1;3;0;0;1;0;1;0;0;0	0	0	-0.796979719736854		
chr2	76749577	76749771	-	mmuCirc_005467	Ttn	CTO:ALT_DONOR:ALT_ACCEPTOR:CDS	1	195	NM_011652:NM_028004	0.0179914506425692	0.0512001293247	0.0185119210755352	0.0192294131873431	0.018226776348359	0	0	0.0659643899816055	0.0397775875967117	0.0573446200926087	1;3;1;1;1;0;0;2;1;2	0	0	0.00505314601895654		
chr2	76758953	76759187	+	mmuCirc_005468	Ttn	AS:CTO	1	235	NM_011652:NM_028004	0	0	0	0	0	0	0.0292867224602159	0	0	0.114689240185217	0;0;0;0;0;0;1;0;0;4	0	0	2.02638087230429		
chr2	76763539	76763845	-	mmuCirc_005469	Ttn	INTRONIC	1	307	NM_011652:NM_028004	0	0	0	0	0	0	0	0.131928779963211	0	0	0;0;0;0;0;0;0;4;0;0	0	0	2.92532328123365		hsaCirc_008761
chr2	76766306	76791371	+	mmuCirc_005470	Ttn	AS:CTO	1	25066	NM_011652:NM_028004	0.125940154497984	0.4266677443725	0.166607289679817	0.0961470659367156	0.0911338817417952	0.0982533341040761	0.0878601673806477	0.0659643899816055	0.0397775875967117	0.086016930138913	7;25;9;5;5;3;3;2;1;3	1	1	-0.89960207688696		
chr2	76768097	76768208	-	mmuCirc_005471	Ttn	CTO:ALT_DONOR:ALT_ACCEPTOR:CDS	1	112	NM_011652:NM_028004	0.0179914506425692	0	0.0185119210755352	0	0	0	0.0878601673806477	0	0	0	1;0;1;0;0;0;3;0;0;0	0	0	0.186703460759853		
chr2	76770493	76770603	-	mmuCirc_005472	Ttn	CTO:ALT_DONOR:ALT_ACCEPTOR:CDS	1	111	NM_011652:NM_028004	0.0359829012851383	0.0682668390996	0.0185119210755352	0	0.018226776348359	0	0	0	0	0	2;4;1;0;1;0;0;0;0;0	0	0	-1.37668660602344		
chr2	76770733	76771032	-	mmuCirc_005473	Ttn	CTO:ANNOTATED:CDS	1	300	NM_011652:NM_028004	0	0	0	0	0	0	0.0292867224602159	0.0329821949908028	0.159110350386847	0.0286723100463043	0;0;0;0;0;0;1;1;4;1	0	0	1.7881461782314		
chr2	76772367	76818816	-	mmuCirc_005474	Ttn	CTO:ANNOTATED:CDS	77	17364	NM_011652:NM_028004	0	0.0512001293247	0	0	0	0	0	0	0	0	0;3;0;0;0;0;0;0;0;0	0	0	-1.83187986164018		
chr2	76781789	76782097	-	mmuCirc_005475	Ttn	CTO:ANNOTATED:CDS	1	309	NM_011652:NM_028004	0	0	0	0	0	0.0982533341040761	0	0	0	0.0286723100463043	0;0;0;0;0;3;0;0;0;1	0	0	1.92345510174967	rnoCirc_007859	
chr2	76788514	76788819	-	mmuCirc_005476	Ttn	CTO:ANNOTATED:CDS	1	306	NM_011652:NM_028004	0	0	0	0	0	0.0327511113680254	0	0	0.0795551751934235	0.086016930138913	0;0;0;0;0;1;0;0;2;3	0	0	2.04030685628833		
chr2	76795878	76796180	-	mmuCirc_005477	Ttn	CTO:ANNOTATED:CDS	1	303	NM_011652:NM_028004	0	0.0341334195498	0.0185119210755352	0	0	0.0327511113680254	0.0585734449204318	0.0989465849724082	0.0795551751934235	0.0286723100463043	0;2;1;0;0;1;2;3;2;1	0	0	1.4324516394521		
chr2	76795987	76796157	+	mmuCirc_005478	Ttn	AS:CTO	1	171	NM_011652:NM_028004	0	0	0	0	0	0	0	0.0989465849724082	0	0	0;0;0;0;0;0;0;3;0;0	0	0	2.57224194660756		
chr2	76802231	76817863	-	mmuCirc_005479	Ttn	CTO:ANNOTATED:CDS	23	4251	NM_011652:NM_028004	0.0179914506425692	0.1536003879741	0.0370238421510704	0.0384588263746862	0.0729071053934362	0.163755556840127	0.0292867224602159	0.0659643899816055	0.596663813950676	0.0286723100463043	1;9;2;2;4;5;1;2;15;1	0	0	0.70320391907699	rnoCirc_007864	
chr2	76802231	76818816	-	mmuCirc_005480	Ttn	CTO:ANNOTATED:CDS	24	4332	NM_011652:NM_028004	0.0359829012851383	0.0682668390996	0	0.0192294131873431	0.0364535526967181	0.163755556840127	0	0.164910974954014	0.556886226353964	0.114689240185217	2;4;0;1;2;5;0;5;14;4	0	0	1.58287892299835		
chr2	76803293	76818816	-	mmuCirc_005481	Ttn	CTO:ANNOTATED:CDS	23	4065	NM_011652:NM_028004	0.0359829012851383	0.0170667097749	0.0185119210755352	0.115376479124059	0.018226776348359	0.0327511113680254	0.0292867224602159	0.0329821949908028	0.835329339530947	0.143361550231522	2;1;1;6;1;1;1;1;21;5	0	0	1.10808173674121	rnoCirc_007865	hsaCirc_008765
chr2	76803293	76857987	-	mmuCirc_005482	Ttn	CTO:ANNOTATED:CDS	72	8955	NM_011652:NM_028004	0	0.0170667097749	0	0.0192294131873431	0.0364535526967181	0.0327511113680254	0	0	0.119332762790135	0.0573446200926087	0;1;0;1;2;1;0;0;3;2	0	0	0.697960218253119		