chr15	73303820	73309869	-	mmuCirc_003406	Ptk2	CTO:ANNOTATED:CDS	3	274	NM_007982:NM_001130409	0	0	0	0.0192294131873431	0	0.131004445472102	0.175720334761295	0.164910974954014	0.198887937983559	0.143361550231522	0;0;0;1;0;4;6;5;5;5	0	0	2.98523623394916	rnoCirc_011241	hsaCirc_015404
chr15	73303820	73365195	-	mmuCirc_003407	Ptk2	CTO:ANNOTATED:CDS:5UTR	9	1054	NM_007982:NM_001130409	0	0	0	0	0	0	0.0585734449204318	0.0659643899816055	0.159110350386847	0	0;0;0;0;0;0;2;2;4;0	0	0	2.41351925948942		
chr15	73320775	73325836	-	mmuCirc_003408	Ptk2	CTO:ANNOTATED:CDS	3	231	NM_007982:NM_001130409	0	0	0	0.0192294131873431	0	0.163755556840127	0.0585734449204318	0.164910974954014	0	0.0573446200926087	0;0;0;1;0;5;2;5;0;2	0	0	1.87237638542254	rnoCirc_011242	hsaCirc_015411
chr15	73320775	73343359	-	mmuCirc_003409	Ptk2	CTO:ANNOTATED:CDS:5UTR	5	625	NM_007982:NM_001130409	0.0179914506425692	0.0170667097749	0.0185119210755352	0	0	0.262008890944203	0.117146889840864	0.296839754917225	0.318220700773694	0.0573446200926087	1;1;1;0;0;8;4;9;8;2	0	0	2.77021805118472	rnoCirc_011244	hsaCirc_015413
chr15	73320775	73365195	-	mmuCirc_003410	Ptk2	CTO:ANNOTATED:CDS:5UTR	6	780	NM_007982:NM_001130409	0	0	0	0.0192294131873431	0.018226776348359	0.0327511113680254	0	0.0329821949908028	0.159110350386847	0.0286723100463043	0;0;0;1;1;1;0;1;4;1	0	0	1.33601696446421		
chr15	73325749	73343359	-	mmuCirc_003411	Ptk2	CTO:ANNOTATED:CDS:5UTR	3	482	NM_007982:NM_001130409	0	0.0341334195498	0.0185119210755352	0.0576882395620293	0.0364535526967181	0.0655022227360508	0.0878601673806477	0.329821949908027	0.357998288370406	0.286723100463044	0;2;1;3;2;2;3;10;9;10	0	0	2.19963772311031	rnoCirc_011247	hsaCirc_015414
chr15	73325749	73365195	-	mmuCirc_003412	Ptk2	CTO:ANNOTATED:CDS:5UTR	4	637	NM_007982:NM_001130409	0	0	0	0	0.018226776348359	0.0327511113680254	0.117146889840864	0.131928779963211	0.119332762790135	0.0573446200926087	0;0;0;0;1;1;4;4;3;2	0	0	2.18387096024763		hsaCirc_015415
chr15	73330849	73343359	-	mmuCirc_003413	Ptk2	CTO:ANNOTATED:CDS:5UTR	2	394	NM_007982:NM_001130409	0.0179914506425692	0.0170667097749	0	0	0.018226776348359	0.0327511113680254	0.0292867224602159	0.131928779963211	0.0795551751934235	0.0286723100463043	1;1;0;0;1;1;1;4;2;1	0	0	1.2947877949353		hsaCirc_015417
chr15	73330849	73365195	-	mmuCirc_003414	Ptk2	CTO:ANNOTATED:CDS:5UTR	3	549	NM_007982:NM_001130409	0.0179914506425692	0	0	0	0	0	0.0585734449204318	0.0659643899816055	0.119332762790135	0.0573446200926087	1;0;0;0;0;0;2;2;3;2	0	0	1.58077394946292		hsaCirc_015418
chr15	73330849	73394744	-	mmuCirc_003415	Ptk2	CTO:ANNOTATED:CDS:5UTR	4	646	NM_007982:NM_001130409	0	0	0	0.0192294131873431	0.0364535526967181	0.0327511113680254	0.0878601673806477	0.0329821949908028	0	0.0573446200926087	0;0;0;1;2;1;3;1;0;2	0	0	0.943620038194699	rnoCirc_011248	
chr15	73343133	73365195	-	mmuCirc_003416	Ptk2	CTO:ANNOTATED:CDS:5UTR	2	382	NM_007982:NM_001130409	0	0	0	0	0	0.131004445472102	0.0292867224602159	0	0.119332762790135	0.0286723100463043	0;0;0;0;0;4;1;0;3;1	0	0	2.07532051000513		
chr15	73343133	73394744	-	mmuCirc_003417	Ptk2	CTO:ANNOTATED:CDS:5UTR	3	479	NM_007982:NM_001130409	0	0	0	0	0.018226776348359	0	0.0292867224602159	0	0.0397775875967117	0.086016930138913	0;0;0;0;1;0;1;0;1;3	0	0	1.4508143149582	rnoCirc_011249	
chr15	73365041	73394744	-	mmuCirc_003418	Ptk2	CTO:ANNOTATED:5UTR	2	252	NM_007982:NM_001130409	0	0	0	0.0192294131873431	0	0.0655022227360508	0.205007057221511	0.197893169944816	0.23866552558027	0.086016930138913	0;0;0;1;0;2;7;6;6;3	0	0	2.83214244684914		
chr15	73391759	73394744	-	mmuCirc_003419	Ptk2	CTO:ALT_DONOR:5UTR	1	2986	NM_007982:NM_001130409	0.0899572532128458	0.1024002586494	0.0555357632266056	0.115376479124059	0.109360658090154	1.14628889788089	1.08360873102799	1.38525218961372	2.3866552558027	0.917513921481739	5;6;3;6;6;35;37;42;60;32	1	1	3.561281570256		
chr15	73391759	73402887	-	mmuCirc_003420	Ptk2	CTO:ALT_DONOR:ALT_ACCEPTOR:5UTR	1	11129	NM_007982:NM_001130409	0	0	0	0	0	0.0327511113680254	0.117146889840864	0.0659643899816055	0	0	0;0;0;0;0;1;4;2;0;0	0	0	2.09353021635272		
chr15	73392344	73394744	-	mmuCirc_003421	Ptk2	CTO:ALT_DONOR:5UTR	1	2401	NM_007982:NM_001130409	0.0539743519277075	0.0853335488745	0.0185119210755352	0.0576882395620293	0.0546803290450771	0.393013336416305	0.292867224602159	0.560697314843647	0.278443113176982	0.258050790416739	3;5;1;3;3;12;10;17;7;9	0	1	2.36086445740076	rnoCirc_011250	
chr15	73394648	73402887	-	mmuCirc_003422	Ptk2	CTO:ALT_ACCEPTOR:5UTR	1	8240	NM_007982:NM_001130409	0	0	0	0	0	0.0327511113680254	0	0.0989465849724082	0.0397775875967117	0.0573446200926087	0;0;0;0;0;1;0;3;1;2	0	0	1.87558726418083		
chr15	73532819	73533479	+	mmuCirc_003423	Dennd3	CTO:ANNOTATED:CDS	2	339	NM_001081066	0	0	0	0.0192294131873431	0.0546803290450771	0.0655022227360508	0.0292867224602159	0.164910974954014	0.318220700773694	0	0;0;0;1;3;2;1;5;8;0	0	0	1.56262978780243		
chr15	73532819	73537411	+	mmuCirc_003424	Dennd3	CTO:ANNOTATED:CDS	3	461	NM_001081066	0	0	0	0	0	0	0.0292867224602159	0	0	0.086016930138913	0;0;0;0;0;0;1;0;0;3	0	0	1.85371090592009	rnoCirc_011251	
chr15	73555057	73556518	+	mmuCirc_003425	Dennd3	CTO:ANNOTATED:CDS	2	431	NM_001081066	0	0	0	0	0	0.0982533341040761	0.0585734449204318	0.0989465849724082	0.0795551751934235	0	0;0;0;0;0;3;2;3;2;0	0	0	2.35639725747798		
chr15	73556348	73562432	+	mmuCirc_003426	Dennd3	CTO:ANNOTATED:CDS	3	409	NM_001081066	0	0	0	0	0	0.131004445472102	0.0292867224602159	0.0659643899816055	0.119332762790135	0	0;0;0;0;0;4;1;2;3;0	0	0	2.28047998778338		
chr15	73757032	73757163	-	mmuCirc_003427	Ptp4a3	AS:CTO	1	132	NM_001166389:NM_001166390:NM_001166388:NM_008975	0.0719658025702766	0.0341334195498	0.0740476843021408	0	0	0.0327511113680254	0	0	0	0	4;2;4;0;0;1;0;0;0;0	0	0	-1.49060265075033		
chr15	74750720	74750830	-	mmuCirc_003428	Lynx1	CTO:ALT_DONOR:ALT_ACCEPTOR:3UTR	1	111	NM_011838	0.0179914506425692	0.0170667097749	0	0	0	0.0982533341040761	0	0	0	0	1;1;0;0;0;3;0;0;0;0	0	0	0.374005047549788		
chr15	75048442	75110627	-	mmuCirc_003429	Ly6c1:Ly6c2	ITO:ANNOTATED	1	62186	NM_001252056:NM_001252055:NM_010741:NM_001252058:NM_001252057:NM_001099217	1.04350413726901	1.0581360060438	0.944107974852296	1.1153059648659	1.14828690994662	0.360262225048279	0.380727391982807	0.494732924862041	0.357998288370406	0.688135441111304	58;62;51;58;63;11;13;15;9;24	1	1	-1.22518057224015		
chr15	75666253	75667965	-	mmuCirc_003430	Top1mt	CTO:ANNOTATED:CDS	3	399	NM_028404	0	0	0	0	0	0.0982533341040761	0.146433612301079	0.0989465849724082	0.397775875967117	0	0;0;0;0;0;3;5;3;10;0	0	0	3.14439577590265		
chr15	75667420	75670184	-	mmuCirc_003431	Top1mt	CTO:ANNOTATED:CDS	5	786	NM_028404	0	0	0	0	0	0.0327511113680254	0	0	0.119332762790135	0	0;0;0;0;0;1;0;0;3;0	0	0	2.09983205897444		
chr15	75891149	75891501	-	mmuCirc_003432	Naprt	CTO:ANNOTATED:CDS	2	263	NM_172607	0	0	0	0	0	0.0655022227360508	0.0878601673806477	0	0.0397775875967117	0	0;0;0;0;0;2;3;0;1;0	0	0	2.03555229137602		
chr15	76048222	76048364	-	mmuCirc_003433	Scrib	CTO:ANNOTATED:CDS	1	143	NM_134089	0.0359829012851383	0.0341334195498	0	0	0	0.0327511113680254	0	0.197893169944816	0.0795551751934235	0	2;2;0;0;0;1;0;6;2;0	0	0	1.05968527302275		
chr15	76063591	76064601	-	mmuCirc_003434	Scrib	CTO:ANNOTATED:CDS	2	291	NM_134089	0	0	0	0.0192294131873431	0.0364535526967181	0	0	0.0989465849724082	0.0397775875967117	0	0;0;0;1;2;0;0;3;1;0	0	0	0.560948831112031		
chr15	76087373	76088426	-	mmuCirc_003435	Nrbp2	CTO:ANNOTATED:CDS	3	254	NM_144847	0	0	0	0.0192294131873431	0.018226776348359	0.163755556840127	0	0.0989465849724082	0.23866552558027	0.0573446200926087	0;0;0;1;1;5;0;3;6;2	0	0	2.37743886210013		
chr15	76191017	76191348	-	mmuCirc_003436	Plec	CTO:ANNOTATED:CDS	2	227	NM_201394:NM_201393:NM_201392:NM_001163549:NM_201391:NM_201390:NM_001163540:NM_201389:NM_001164203:NM_201388:NM_201387:NM_201386:NM_201385:NM_001163542:NM_011117	0	0	0	0	0	0.131004445472102	0.0878601673806477	0.0659643899816055	0.318220700773694	0.0286723100463043	0;0;0;0;0;4;3;2;8;1	0	0	2.5628685709576	rnoCirc_011260	
chr15	76353647	76353883	+	mmuCirc_003437	Maf1	CTO:ALT_DONOR:ALT_ACCEPTOR:CDS:3UTR	2	111	NM_001164607:NM_001164608:NM_026859	0.0359829012851383	0	0.0740476843021408	0.0192294131873431	0	0	0	0	0.0397775875967117	0	2;0;4;1;0;0;0;0;1;0	0	0	-1.03690325192708		
chr15	76596220	76596349	-	mmuCirc_003438	Cpsf1	CTO:ANNOTATED:CDS	1	130	NM_001164173:NM_053193	0.0179914506425692	0	0	0	0	0	0	0.0659643899816055	0	0.086016930138913	1;0;0;0;0;0;0;2;0;3	0	0	1.19476237513607	rnoCirc_011268	
chr15	76597646	76597900	-	mmuCirc_003439	Cpsf1	CTO:ANNOTATED:CDS	2	176	NM_001164173:NM_053193	0	0	0	0	0	0	0	0.0329821949908028	0.0397775875967117	0.086016930138913	0;0;0;0;0;0;0;1;1;3	0	0	1.79711168550706		
chr15	76601106	76601337	-	mmuCirc_003440	Cpsf1	CTO:ANNOTATED:CDS	2	156	NM_001164173:NM_053193	0	0.0170667097749	0	0	0	0	0	0.131928779963211	0	0.0286723100463043	0;1;0;0;0;0;0;4;0;1	0	0	1.10610015648181		
chr15	77015536	77015662	+	mmuCirc_003441	Mb	AS:CTO	1	127	NM_001164048:NM_001164047:NM_013593	0.0719658025702766	0	0	0	0	0	0	0	0	0	4;0;0;0;0;0;0;0;0;0	0	0	-2.20109749558266		
chr15	77015552	77015716	-	mmuCirc_003442	Mb	CTO:ALT_DONOR:ALT_ACCEPTOR:3UTR	1	165	NM_001164048:NM_001164047:NM_013593	0.233888858353399	0.170667097749	0.092559605377676	0.134605892311402	0.127587434438513	0.0327511113680254	0.0292867224602159	0.0329821949908028	0	0.114689240185217	13;10;5;7;7;1;1;1;0;4	1	1	-1.67765539913088	rnoCirc_011275	
chr15	77015552	77017659	-	mmuCirc_003443	Mb	CTO:ALT_DONOR:ALT_ACCEPTOR:CDS:3UTR	2	605	NM_001164048:NM_001164047:NM_013593	0	0	0	0	0	0.0982533341040761	0	0	0	0	0;0;0;0;0;3;0;0;0;0	0	0	2.56380895521826		
chr15	77015910	77017635	-	mmuCirc_003444	Mb	CTO:ALT_DONOR:ALT_ACCEPTOR:CDS:3UTR	2	223	NM_001164048:NM_001164047:NM_013593	0.0719658025702766	0.0170667097749	0.0740476843021408	0.153835305498745	0.0546803290450771	0.0327511113680254	0.0292867224602159	0.0329821949908028	0.0397775875967117	0.0286723100463043	4;1;4;8;3;1;1;1;1;1	0	1	-0.675275480390931		
chr15	77015954	77017730	-	mmuCirc_003445	Mb	CTO:ALT_DONOR:ALT_ACCEPTOR:CDS	2	274	NM_001164048:NM_001164047:NM_013593	0	0	0	0	0	0	0	0.131928779963211	0.0397775875967117	0	0;0;0;0;0;0;0;4;1;0	0	0	2.25246397878285		
chr15	77016046	77017710	+	mmuCirc_003446	Mb	AS:CTO	1	1665	NM_001164048:NM_001164047:NM_013593	0.0539743519277075	0.170667097749	0.111071526453211	0.249982371435461	0.145814210786872	0.0327511113680254	0.0585734449204318	0	0.119332762790135	0.0286723100463043	3;10;6;13;8;1;2;0;3;1	1	1	-1.44035468749441		
chr15	77017582	77017710	+	mmuCirc_003447	Mb	AS:CTO	1	129	NM_001164048:NM_001164047:NM_013593	0.161923055783122	0.0170667097749	0.0555357632266056	0	0.018226776348359	0	0.0585734449204318	0.0329821949908028	0.0397775875967117	0	9;1;3;0;1;0;2;1;1;0	0	0	-0.393593970387926		
chr15	77097940	77105669	-	mmuCirc_003448	Rbfox2	CTO:ANNOTATED:CDS	5	446	NM_001110828:NM_001110829:NM_001110830:NM_001286417:NM_001286418:NM_001286419:NM_001110827:NM_053104:NM_175387	0	0	0	0	0	0	0	0.0989465849724082	0	0.0286723100463043	0;0;0;0;0;0;0;3;0;1	0	0	1.92767159744432		
chr15	77099240	77105669	-	mmuCirc_003449	Rbfox2	CTO:ANNOTATED:CDS	4	301	NM_001110828:NM_001110829:NM_001110830:NM_001286417:NM_001286418:NM_001286419:NM_001110827:NM_053104:NM_175387	0	0	0	0	0	0	0	0.0329821949908028	0.119332762790135	0	0;0;0;0;0;0;0;1;3;0	0	0	2.10298512151359	rnoCirc_011282	
chr15	77775074	77775178	-	mmuCirc_003450	Myh9	CTO:ALT_ACCEPTOR:CDS	1	105	NM_022410	0	0.0512001293247	0	0.0384588263746862	0	0.0327511113680254	0	0.0659643899816055	0	0.086016930138913	0;3;0;2;0;1;0;2;0;3	0	0	0.505972537424327		
chr15	77807868	77813231	-	mmuCirc_003451	Myh9	CTO:ANNOTATED:CDS:5UTR	2	509	NM_022410	0	0.0170667097749	0	0.0192294131873431	0.018226776348359	0.0655022227360508	0.0878601673806477	0.0659643899816055	0.23866552558027	0.0573446200926087	0;1;0;1;1;2;3;2;6;2	0	0	1.89569296515073		hsaCirc_009861
chr15	78296976	78298378	-	mmuCirc_003452	Csf2rb2	CTO:ANNOTATED:CDS:5UTR	2	364	NM_001287389:NM_007781	0	0	0	0	0.0364535526967181	0.0327511113680254	0	0.0989465849724082	0	0.143361550231522	0;0;0;0;2;1;0;3;0;5	0	0	1.83479187264505		
chr15	78764315	78767190	-	mmuCirc_003453	Mfng	CTO:ANNOTATED:CDS	3	306	NM_008595	0	0	0	0.0576882395620293	0	0.163755556840127	0	0.131928779963211	0.119332762790135	0	0;0;0;3;0;5;0;4;3;0	0	0	2.32260188772178	rnoCirc_011288	
chr15	79029103	79029204	+	mmuCirc_003454	H1f0	CTO:ALT_DONOR:ALT_ACCEPTOR:CDS	1	102	NM_008197	0.0179914506425692	0	0	0.0576882395620293	0	0.0655022227360508	0	0.0659643899816055	0.119332762790135	0.0286723100463043	1;0;0;3;0;2;0;2;3;1	0	0	1.34997348538142		
chr15	79084112	79086604	+	mmuCirc_003455	Eif3l	CTO:ANNOTATED:CDS	3	498	NM_145139	0	0	0	0	0	0	0	0	0.119332762790135	0	0;0;0;0;0;0;0;0;3;0	0	0	2.80046262890159		
chr15	79114655	79115171	+	mmuCirc_003456	Micall1	CTO:ANNOTATED:CDS	2	191	NM_177461	0.107948703855415	0.0682668390996	0.092559605377676	0.115376479124059	0.0911338817417952	1.99781779344955	0.761454783965613	1.05543023970569	2.74465354417311	0.573446200926087	6;4;5;6;5;61;26;32;69;20	1	1	3.43007970186899		
chr15	79114655	79115458	+	mmuCirc_003457	Micall1	CTO:ALT_DONOR:CDS	2	478	NM_177461	0	0	0	0	0	0	0.0585734449204318	0.0989465849724082	0	0.0573446200926087	0;0;0;0;0;0;2;3;0;2	0	0	2.16586156855864		
chr15	79535957	79537545	-	mmuCirc_003458	Ddx17	CTO:ANNOTATED:CDS	3	233	NM_001040187:NM_199080:NM_199079	0	0.0341334195498	0	0	0.018226776348359	0.0327511113680254	0.0878601673806477	0.197893169944816	0.0397775875967117	0.0573446200926087	0;2;0;0;1;1;3;6;1;2	0	0	1.6871286769108		
chr15	79536997	79537545	-	mmuCirc_003459	Ddx17	CTO:ANNOTATED:CDS	2	173	NM_001040187:NM_199080:NM_199079	0	0.0853335488745	0.222143052906423	0.134605892311402	0.236948092528668	2.16157335028968	1.81577679253338	2.90243315919064	5.17108638757253	1.80635553291717	0;5;12;7;13;66;62;88;130;63	0	1	4.47692110045585		
chr15	79541034	79542586	-	mmuCirc_003460	Ddx17	CTO:ANNOTATED:CDS	2	234	NM_001040187:NM_199080:NM_199079	0.0359829012851383	0	0.0555357632266056	0.0384588263746862	0.018226776348359	0.262008890944203	0.322153947062375	0.428768534880436	0.318220700773694	0.286723100463044	2;0;3;2;1;8;11;13;8;10	0	0	2.90734989906794	rnoCirc_011293	
chr15	79541034	79543856	-	mmuCirc_003461	Ddx17	CTO:ANNOTATED:CDS	3	385	NM_001040187:NM_199080:NM_199079	0	0	0	0	0.0364535526967181	0.0655022227360508	0	0.0989465849724082	0.278443113176982	0.172033860277826	0;0;0;0;2;2;0;3;7;6	0	0	2.5834530914041	rnoCirc_011294	
chr15	79542487	79543856	-	mmuCirc_003462	Ddx17	CTO:ANNOTATED:CDS	2	251	NM_001040187:NM_199080:NM_199079	0	0.0170667097749	0	0.0384588263746862	0	0.0982533341040761	0.0585734449204318	0.0659643899816055	0.119332762790135	0.086016930138913	0;1;0;2;0;3;2;2;3;3	0	0	1.8821460796194	rnoCirc_011295	hsaCirc_009879
chr15	79706992	79708043	+	mmuCirc_003463	Gtpbp1	CTO:ANNOTATED:CDS	2	530	NM_013818	0	0	0	0.0192294131873431	0	0	0	0.0989465849724082	0.119332762790135	0.0573446200926087	0;0;0;1;0;0;0;3;3;2	0	0	2.11735658840127		
chr15	80000329	80001887	-	mmuCirc_003464	Pdgfb	CTO:ANNOTATED:CDS	2	351	NM_011057	0.0179914506425692	0.0341334195498	0.0185119210755352	0.0384588263746862	0	0.196506668208152	0.175720334761295	0.263857559926422	0.517108638757253	0.344067720555652	1;2;1;2;0;6;6;8;13;12	0	0	2.92650264638554	rnoCirc_011296	
chr15	80747406	80784806	+	mmuCirc_003465	Tnrc6b	CTO:ANNOTATED:CDS:5UTR	3	227	NM_144812	0	0	0	0	0	0	0.0878601673806477	0.131928779963211	0	0.0573446200926087	0;0;0;0;0;0;3;4;0;2	0	0	2.43590483287926	rnoCirc_011300	hsaCirc_009885
chr15	80784739	80786955	+	mmuCirc_003466	Tnrc6b	CTO:ALT_DONOR:CDS	1	2217	NM_144812	0	0	0	0.0384588263746862	0	0	0.117146889840864	0.0329821949908028	0.0397775875967117	0	0;0;0;2;0;0;4;1;1;0	0	0	1.4051138084438		
chr15	80858681	80929273	+	mmuCirc_003467	Tnrc6b	CTO:ALT_DONOR:CDS	21	5117	NM_144812:NM_177124	0	0	0	0	0	0	0.0292867224602159	0	0.119332762790135	0	0;0;0;0;0;0;1;0;3;0	0	0	2.05083083733911	rnoCirc_011303	
chr15	80884207	80889155	+	mmuCirc_003468	Tnrc6b	CTO:ANNOTATED:CDS	4	434	NM_144812:NM_177124	0	0	0	0.0192294131873431	0.018226776348359	0.0327511113680254	0.117146889840864	0.0659643899816055	0.159110350386847	0.114689240185217	0;0;0;1;1;1;4;2;4;4	0	0	2.0576821708586		hsaCirc_009887
chr15	80884207	80902712	+	mmuCirc_003469	Tnrc6b	CTO:ANNOTATED:CDS	8	984	NM_144812:NM_177124	0.0539743519277075	0.0170667097749	0.0185119210755352	0.0192294131873431	0.018226776348359	0.0655022227360508	0.0585734449204318	0.395786339889633	0.397775875967117	0.258050790416739	3;1;1;1;1;2;2;12;10;9	0	0	2.20014688207024		hsaCirc_009889
chr15	80884207	80918097	+	mmuCirc_003470	Tnrc6b	CTO:ANNOTATED:CDS	11	1446	NM_144812:NM_177124	0	0	0.0185119210755352	0.0576882395620293	0	0.131004445472102	0.0878601673806477	0.230875364935619	0.357998288370406	0.315395410509348	0;0;1;3;0;4;3;7;9;11	0	0	2.88032116466364		
chr15	80886959	80902015	+	mmuCirc_003471	Tnrc6b	CTO:ANNOTATED:CDS	5	516	NM_144812:NM_177124	0	0	0	0	0	0.0327511113680254	0	0.0989465849724082	0.0397775875967117	0.0573446200926087	0;0;0;0;0;1;0;3;1;2	0	0	1.87558726418083		
chr15	80901884	80902712	+	mmuCirc_003472	Tnrc6b	CTO:ANNOTATED:CDS	3	424	NM_144812:NM_177124	0	0	0	0	0.018226776348359	0.0327511113680254	0.0585734449204318	0	0.397775875967117	0	0;0;0;0;1;1;2;0;10;0	0	0	1.7058292607141		hsaCirc_009892