chr16	31796866	31812824	+	mmuCirc_003741	Dlg1	CTO:ANNOTATED:CDS	3	423	NM_001252435:NM_001252433:NM_001252434:NM_007862:NR_045516:NM_001252436	0.0179914506425692	0.0170667097749	0.0185119210755352	0.0384588263746862	0.018226776348359	0.196506668208152	0.175720334761295	0.72560828979766	0.357998288370406	0.143361550231522	1;1;1;2;1;6;6;22;9;5	0	0	2.7949206587287		
chr16	31805614	31838226	+	mmuCirc_003742	Dlg1	CTO:ANNOTATED:CDS	5	678	NM_001252435:NM_001252433:NM_001252434:NM_007862:NR_045516:NM_001252436	0	0	0	0	0	0.0327511113680254	0	0.0989465849724082	0.0397775875967117	0.0573446200926087	0;0;0;0;0;1;0;3;1;2	0	0	1.87558726418083	rnoCirc_002499	hsaCirc_011155
chr16	31977680	31983873	-	mmuCirc_003743	Senp5	CTO:ANNOTATED:CDS	4	371	NM_177103	0	0	0	0	0	0.0327511113680254	0	0.0989465849724082	0.0397775875967117	0	0;0;0;0;0;1;0;3;1;0	0	0	1.8503493706623		hsaCirc_011149
chr16	32027712	32037308	-	mmuCirc_003744	Pak2	CTO:ANNOTATED:CDS	5	444	NM_177326	0	0.0512001293247	0.0185119210755352	0	0	0.0327511113680254	0.0585734449204318	0.0659643899816055	0.159110350386847	0.0573446200926087	0;3;1;0;0;1;2;2;4;2	0	0	1.5627750520546		
chr16	32039799	32041575	-	mmuCirc_003745	Pak2	CTO:ANNOTATED:CDS	2	241	NM_177326	0	0	0	0	0	0	0	0.0989465849724082	0	0	0;0;0;0;0;0;0;3;0;0	0	0	2.57224194660756		hsaCirc_011146
chr16	32039799	32052383	-	mmuCirc_003746	Pak2	CTO:ANNOTATED:CDS:5UTR	6	730	NM_177326	0	0	0	0	0	0	0.0292867224602159	0	0.198887937983559	0.0286723100463043	0;0;0;0;0;0;1;0;5;1	0	0	2.0121402815494		
chr16	32360008	32376024	+	mmuCirc_003747	Ubxn7	CTO:ANNOTATED:CDS	6	613	NM_177633	0	0	0	0.0192294131873431	0	0.0655022227360508	0	0.0329821949908028	0.119332762790135	0	0;0;0;1;0;2;0;1;3;0	0	0	1.77666547103791		hsaCirc_011137
chr16	32367344	32369427	+	mmuCirc_003748	Ubxn7	CTO:ANNOTATED:CDS	2	179	NM_177633	0.0539743519277075	0	0.0185119210755352	0.0192294131873431	0	0.196506668208152	0.117146889840864	0.296839754917225	0.477331051160541	0.258050790416739	3;0;1;1;0;6;4;9;12;9	0	0	2.96576323119409		hsaCirc_011139
chr16	32367344	32376024	+	mmuCirc_003749	Ubxn7	CTO:ANNOTATED:CDS	5	545	NM_177633	0.0179914506425692	0.0170667097749	0.0185119210755352	0	0.018226776348359	0.196506668208152	0.117146889840864	0.164910974954014	0.397775875967117	0.086016930138913	1;1;1;0;1;6;4;5;10;3	0	0	2.50358821196857		
chr16	32462001	32467220	+	mmuCirc_003750	Pcyt1a	CTO:ANNOTATED:CDS	4	491	NM_009981:NM_001163159:NM_001163160	0	0	0	0	0	0	0	0	0	0.086016930138913	0;0;0;0;0;0;0;0;0;3	0	0	2.40622276606355		
chr16	32466440	32467220	+	mmuCirc_003751	Pcyt1a	CTO:ANNOTATED:CDS	2	222	NM_009981:NM_001163159:NM_001163160	0.0359829012851383	0	0	0	0.018226776348359	0.0982533341040761	0.292867224602159	0.329821949908027	0.517108638757253	0.0286723100463043	2;0;0;0;1;3;10;10;13;1	0	0	2.85410199251426		
chr16	32618218	32619176	+	mmuCirc_003752	Tfrc	CTO:ANNOTATED:CDS	3	353	NM_011638	0.0179914506425692	0	0	0.0192294131873431	0	0.0982533341040761	0.175720334761295	0.131928779963211	0.437553463563829	0.229378480370435	1;0;0;1;0;3;6;4;11;8	0	0	3.00767538494706		
chr16	32835914	32836620	-	mmuCirc_003753	1700021K19Rik	CTO:ANNOTATED:CDS	2	313	NM_001200038:NM_172615	0	0	0.0185119210755352	0	0	0.0655022227360508	0	0.131928779963211	0.318220700773694	0	0;0;1;0;0;2;0;4;8;0	0	0	2.7186243911357		
chr16	32950292	32952183	+	mmuCirc_003754	Lrch3	CTO:ANNOTATED:CDS	2	272	NM_001081255	0	0	0	0	0	0.0327511113680254	0.0292867224602159	0.131928779963211	0.119332762790135	0.114689240185217	0;0;0;0;0;1;1;4;3;4	0	0	2.23554982875822		hsaCirc_011165
chr16	32950292	32955405	+	mmuCirc_003755	Lrch3	CTO:ANNOTATED:CDS	3	378	NM_001081255	0	0	0.0185119210755352	0.0192294131873431	0.0364535526967181	0.360262225048279	0.117146889840864	0.395786339889633	0.636441401547388	0.143361550231522	0;0;1;1;2;11;4;12;16;5	0	0	3.21132576904765	rnoCirc_002495	hsaCirc_011166
chr16	32950292	32959531	+	mmuCirc_003756	Lrch3	CTO:ANNOTATED:CDS	4	515	NM_001081255	0.0179914506425692	0	0	0	0	0.0327511113680254	0.0585734449204318	0.197893169944816	0.159110350386847	0.086016930138913	1;0;0;0;0;1;2;6;4;3	0	0	2.29242342872531		
chr16	32950292	32961744	+	mmuCirc_003757	Lrch3	CTO:ANNOTATED:CDS	5	625	NM_001081255	0.575726420562213	0.3925343248227	0.518333790114986	0.730717701119038	0.674390724889285	6.0589556030847	3.77798719736785	7.35502948294901	13.0072711441247	4.75960346768652	32;23;28;38;37;185;129;223;327;166	1	1	3.44600369687468	rnoCirc_002494	
chr16	32950292	32962914	+	mmuCirc_003758	Lrch3	CTO:ALT_DONOR:CDS	5	1795	NM_001081255	0	0	0	0	0	0.0982533341040761	0	0	0.0397775875967117	0	0;0;0;0;0;3;0;0;1;0	0	0	2.07170681577516		
chr16	32952057	32961744	+	mmuCirc_003759	Lrch3	CTO:ANNOTATED:CDS	4	480	NM_001081255	0.0179914506425692	0.0341334195498	0.0185119210755352	0	0	0.42576444778433	0.0878601673806477	0.329821949908027	0.397775875967117	0.229378480370435	1;2;1;0;0;13;3;10;10;8	0	0	3.15105435496001		
chr16	32955300	32961744	+	mmuCirc_003760	Lrch3	CTO:ANNOTATED:CDS	3	353	NM_001081255	0.0179914506425692	0.0341334195498	0	0.0192294131873431	0	0.0327511113680254	0	0.0989465849724082	0.119332762790135	0.0286723100463043	1;2;0;1;0;1;0;3;3;1	0	0	0.944175446664728		
chr16	32981828	32986888	+	mmuCirc_003761	Lrch3	CTO:ANNOTATED:CDS	3	279	NM_001081255	0	0.0341334195498	0	0	0	0.0327511113680254	0.0292867224602159	0.0329821949908028	0.0795551751934235	0.086016930138913	0;2;0;0;0;1;1;1;2;3	0	0	1.4782215408689	rnoCirc_002493	
chr16	32981828	32988481	+	mmuCirc_003762	Lrch3	CTO:ANNOTATED:CDS	4	330	NM_001081255	0.107948703855415	0.0170667097749	0.0185119210755352	0.249982371435461	0.127587434438513	0.982533341040762	0.732168061505397	1.1543768246781	1.27288280309478	0.86016930138913	6;1;1;13;7;30;25;35;32;30	0	1	3.41583678252794	rnoCirc_002492	
chr16	32981828	32994996	+	mmuCirc_003763	Lrch3	CTO:ANNOTATED:CDS	7	505	NM_001081255	0	0	0	0	0	0.0655022227360508	0.0292867224602159	0.131928779963211	0.0397775875967117	0.0573446200926087	0;0;0;0;0;2;1;4;1;2	0	0	1.97067797464141		
chr16	32986739	32988481	+	mmuCirc_003764	Lrch3	CTO:ANNOTATED:CDS	2	201	NM_001081255	0.0359829012851383	0	0	0	0	0.327511113680254	0.263580502141943	0.428768534880436	0.6762189891441	0.143361550231522	2;0;0;0;0;10;9;13;17;5	0	0	3.81981056585176		
chr16	33196074	33210102	+	mmuCirc_003765	Osbpl11	CTO:ANNOTATED:CDS	4	502	NM_176840	0	0	0	0	0	0.0327511113680254	0.0292867224602159	0.0329821949908028	0.119332762790135	0	0;0;0;0;0;1;1;1;3;0	0	0	1.72659269446278		hsaCirc_010702
chr16	33204672	33206002	+	mmuCirc_003766	Osbpl11	CTO:ANNOTATED:CDS	2	256	NM_176840	0.0179914506425692	0.0170667097749	0.0555357632266056	0	0.0546803290450771	0.262008890944203	0.175720334761295	0.428768534880436	0.437553463563829	0.487429270787174	1;1;3;0;3;8;6;13;11;17	0	0	3.02872127265332	rnoCirc_002487	
chr16	33204672	33210102	+	mmuCirc_003767	Osbpl11	CTO:ANNOTATED:CDS	3	433	NM_176840	0	0	0	0	0	0	0.0878601673806477	0.0659643899816055	0.119332762790135	0	0;0;0;0;0;0;3;2;3;0	0	0	2.44509735365445		hsaCirc_010701
chr16	33421321	33427329	+	mmuCirc_003768	Zfp148	CTO:ANNOTATED:5UTR	2	218	NM_011749	0.0359829012851383	0	0	0	0	0.0655022227360508	0.0585734449204318	0.0329821949908028	0.0397775875967117	0.114689240185217	2;0;0;0;0;2;2;1;1;4	0	0	1.66433849459424		
chr16	33421321	33434974	+	mmuCirc_003769	Zfp148	CTO:ANNOTATED:CDS:5UTR	3	567	NM_011749	0.701666575060197	0.341334195498	0.481309947963915	0.903782419805126	0.94779237011467	6.22271115992482	3.63155358506677	7.81678021282025	7.67707440616537	4.78827577773283	39;20;26;47;52;190;124;237;193;167	1	1	3.1575589435031	rnoCirc_002479	hsaCirc_010698
chr16	33421321	33457001	+	mmuCirc_003770	Zfp148	CTO:ANNOTATED:CDS:5UTR	4	693	NM_011749	0.0539743519277075	0	0.0185119210755352	0.0384588263746862	0.0546803290450771	0.294760002312228	0.0585734449204318	0.230875364935619	0.636441401547388	0.143361550231522	3;0;1;2;3;9;2;7;16;5	0	0	2.27704650590185	rnoCirc_002478	hsaCirc_010694
chr16	33421321	33468183	+	mmuCirc_003771	Zfp148	CTO:ANNOTATED:CDS:5UTR	6	901	NM_011749	0	0	0.0370238421510704	0	0.018226776348359	0.0982533341040761	0.0292867224602159	0.296839754917225	0.23866552558027	0.143361550231522	0;0;2;0;1;3;1;9;6;5	0	0	2.42551062193323	rnoCirc_002476	
chr16	33427194	33434974	+	mmuCirc_003772	Zfp148	CTO:ANNOTATED:CDS:5UTR	2	485	NM_011749	0	0	0	0	0	0.0327511113680254	0	0.0329821949908028	0	0.086016930138913	0;0;0;0;0;1;0;1;0;3	0	0	1.73697728974547		hsaCirc_010696
chr16	33434626	33457001	+	mmuCirc_003773	Zfp148	CTO:ANNOTATED:CDS:5UTR	2	475	NM_011749	0	0	0	0.0192294131873431	0	0	0.0292867224602159	0.263857559926422	0.0795551751934235	0.0286723100463043	0;0;0;1;0;0;1;8;2;1	0	0	1.9387390282037		hsaCirc_010693
chr16	33434626	33468183	+	mmuCirc_003774	Zfp148	CTO:ANNOTATED:CDS:5UTR	4	683	NM_011749	0.0359829012851383	0	0.0370238421510704	0.0576882395620293	0	0.163755556840127	0.146433612301079	0.263857559926422	0.318220700773694	0.143361550231522	2;0;2;3;0;5;5;8;8;5	0	0	2.44786560842187	rnoCirc_002475	hsaCirc_010692
chr16	33456876	33468183	+	mmuCirc_003775	Zfp148	CTO:ANNOTATED:CDS	3	334	NM_011749	0.0179914506425692	0.0170667097749	0.0370238421510704	0.0384588263746862	0.0364535526967181	0.0982533341040761	0.0585734449204318	0.197893169944816	0.715996576740811	0.143361550231522	1;1;2;2;2;3;2;6;18;5	0	0	1.96863483959498	rnoCirc_002474	hsaCirc_010691
chr16	33465247	33468183	+	mmuCirc_003776	Zfp148	CTO:ALT_ACCEPTOR:CDS	2	1816	NM_011749	0	0	0	0	0	0.0327511113680254	0	0.0989465849724082	0	0	0;0;0;0;0;1;0;3;0;0	0	0	1.98572171782742		
chr16	33466855	33468183	+	mmuCirc_003777	Zfp148	CTO:ANNOTATED:CDS	2	208	NM_011749	0.0179914506425692	0.0341334195498	0.0555357632266056	0.0192294131873431	0.0364535526967181	0.262008890944203	0.292867224602159	0.461750729871238	0.278443113176982	0.315395410509348	1;2;3;1;2;8;10;14;7;11	0	0	2.71883661938017	rnoCirc_002473	hsaCirc_010690
chr16	33692806	33710699	+	mmuCirc_003778	Heg1	CTO:ALT_ACCEPTOR:CDS	1	17894	NM_175256	0.0179914506425692	0	0	0	0	0.0655022227360508	0.117146889840864	0.0659643899816055	0.159110350386847	0.0573446200926087	1;0;0;0;0;2;4;2;4;2	0	0	2.23315080691371		
chr16	33706916	33710699	+	mmuCirc_003779	Heg1	CTO:ALT_ACCEPTOR:CDS	1	3784	NM_175256	0	0	0	0.0192294131873431	0.0364535526967181	0	0.146433612301079	0.164910974954014	0.159110350386847	0.114689240185217	0;0;0;1;2;0;5;5;4;4	0	0	2.42774331072668	rnoCirc_002472	
chr16	33707130	33710699	+	mmuCirc_003780	Heg1	CTO:ALT_ACCEPTOR:CDS	1	3570	NM_175256	0	0	0	0.0192294131873431	0	0	0	0.197893169944816	0	0	0;0;0;1;0;0;0;6;0;0	0	0	1.23680665722456		
chr16	33710400	33711910	+	mmuCirc_003781	Heg1	CTO:ALT_DONOR:CDS	1	1511	NM_175256	0	0	0	0	0	0	0	0	0.159110350386847	0.0573446200926087	0;0;0;0;0;0;0;0;4;2	0	0	2.55703887473935		
chr16	33726310	33726572	-	mmuCirc_003782	Heg1	AS:CTO	1	263	NM_175256	0	0	0	0	0	0	0.117146889840864	0	0	0	0;0;0;0;0;0;4;0;0;0	0	0	2.77765000061683		
chr16	33730477	33742496	+	mmuCirc_003783	Heg1	CTO:ANNOTATED:CDS	6	696	NM_175256	0	0	0	0	0	0.0655022227360508	0	0.131928779963211	0.119332762790135	0	0;0;0;0;0;2;0;4;3;0	0	0	2.60724927842119		
chr16	33735541	33742496	+	mmuCirc_003784	Heg1	CTO:ANNOTATED:CDS	4	459	NM_175256	0	0	0.0370238421510704	0.0192294131873431	0	0.131004445472102	0.146433612301079	0.164910974954014	0.477331051160541	0.114689240185217	0;0;2;1;0;4;5;5;12;4	0	0	2.81726985714588		
chr16	33735541	33751209	+	mmuCirc_003785	Heg1	CTO:ANNOTATED:CDS	6	540	NM_175256	0	0	0	0	0	0.131004445472102	0.0292867224602159	0.0329821949908028	0.0795551751934235	0	0;0;0;0;0;4;1;1;2;0	0	0	1.98468052267941		
chr16	33910465	33920214	+	mmuCirc_003786	Itgb5	CTO:ANNOTATED:CDS	2	565	NM_001145884:NM_010580	0	0	0	0	0.018226776348359	0.0327511113680254	0.0292867224602159	0.0329821949908028	0.119332762790135	0	0;0;0;0;1;1;1;1;3;0	0	0	1.19435744691069	rnoCirc_002466	
chr16	34171272	34189737	-	mmuCirc_003787	Kalrn	CTO:ANNOTATED:CDS	8	904	NM_177357:NM_001164268	0	0	0	0	0	0.0327511113680254	0.0585734449204318	0.0989465849724082	0.0397775875967117	0	0;0;0;0;0;1;2;3;1;0	0	0	1.88127248157971		hsaCirc_010681
chr16	35267180	35274565	+	mmuCirc_003788	Adcy5	CTO:ANNOTATED:CDS	5	682	NM_001012765	0.0359829012851383	0	0	0	0.018226776348359	0.0655022227360508	0.146433612301079	0.197893169944816	0.278443113176982	0.0573446200926087	2;0;0;0;1;2;5;6;7;2	0	0	2.40590022339214	rnoCirc_002459	hsaCirc_010672
chr16	35267180	35283609	+	mmuCirc_003789	Adcy5	CTO:ANNOTATED:CDS	9	1036	NM_001012765	0	0.0170667097749	0	0	0	0	0	0	0.278443113176982	0	0;1;0;0;0;0;0;0;7;0	0	0	1.50462999880104		hsaCirc_010670
chr16	35329498	35348994	-	mmuCirc_003790	Sec22a	CTO:ANNOTATED:CDS	3	475	NM_133704	0	0.0170667097749	0	0.0192294131873431	0.018226776348359	0.131004445472102	0.0292867224602159	0.131928779963211	0.119332762790135	0.0286723100463043	0;1;0;1;1;4;1;4;3;1	0	0	1.68599239256909	rnoCirc_002456	
chr16	35438113	35466657	-	mmuCirc_003791	Pdia5	CTO:ANNOTATED:CDS	7	567	NM_028295	0	0	0	0	0	0	0	0.0989465849724082	0	0	0;0;0;0;0;0;0;3;0;0	0	0	2.57224194660756		
chr16	35449403	35456545	-	mmuCirc_003792	Pdia5	CTO:ANNOTATED:CDS	4	284	NM_028295	0.0179914506425692	0	0	0.0192294131873431	0.018226776348359	0.0327511113680254	0.0292867224602159	0.0659643899816055	0.23866552558027	0	1;0;0;1;1;1;1;2;6;0	0	0	1.13299229561302		hsaCirc_010662
chr16	35449403	35466657	-	mmuCirc_003793	Pdia5	CTO:ANNOTATED:CDS	6	499	NM_028295	0	0	0.0185119210755352	0.0192294131873431	0.018226776348359	0.131004445472102	0.0585734449204318	0.197893169944816	0.23866552558027	0.143361550231522	0;0;1;1;1;4;2;6;6;5	0	0	2.44145961025676		
chr16	35929011	35931590	-	mmuCirc_003794	Dtx3l	CTO:ALT_DONOR:CDS:3UTR	2	576	NM_001013371	0	0	0	0	0	0.0655022227360508	0.0292867224602159	0.0329821949908028	0.23866552558027	0.086016930138913	0;0;0;0;0;2;1;1;6;3	0	0	2.180381446666		
chr16	35929303	35931590	-	mmuCirc_003795	Dtx3l	CTO:ALT_DONOR:CDS	2	284	NM_001013371	0.125940154497984	0.0341334195498	0.0370238421510704	0.173064718686088	0.0729071053934362	0.687773338728533	0.790741506425829	1.05543023970569	1.90932420464216	0.401412340648261	7;2;2;9;4;21;27;32;48;14	0	1	3.18441537162109		
chr16	35963975	35964364	+	mmuCirc_003796	Parp9	CTO:ANNOTATED:CDS	1	390	NM_030253	0.0179914506425692	0.0170667097749	0.0185119210755352	0.0769176527493725	0.0911338817417952	0	0.0878601673806477	0.197893169944816	0.198887937983559	0.114689240185217	1;1;1;4;5;0;3;6;5;4	0	1	0.913646471769496		
chr16	36000182	36002950	+	mmuCirc_003797	Kpna1	CTO:ANNOTATED:CDS:5UTR	2	242	NM_008465	0.0179914506425692	0.0170667097749	0	0	0	0.0655022227360508	0.263580502141943	0.263857559926422	0.278443113176982	0.20070617032413	1;1;0;0;0;2;9;8;7;7	0	0	3.05927677568839		
chr16	37570388	37572792	+	mmuCirc_003798	Rabl3	ITO:ALT_DONOR:CDS:3UTR	1	2405	NM_001042499	0	0	0	0	0	0	0	0	0.0795551751934235	0.114689240185217	0;0;0;0;0;0;0;0;2;4	0	0	2.53352950629306		
chr16	37877049	37878564	+	mmuCirc_003799	Lrrc58	CTO:ANNOTATED:CDS	2	407	NM_177093	0	0.0682668390996	0	0.0384588263746862	0.018226776348359	0.360262225048279	0.322153947062375	0.890519264751674	0.596663813950676	0.487429270787174	0;4;0;2;1;11;11;27;15;17	0	0	3.76835704535706	rnoCirc_002447	hsaCirc_010646
chr16	38219972	38228776	+	mmuCirc_003800	Gsk3b	CTO:ANNOTATED:CDS	2	286	NM_019827	0	0	0	0	0	0.0327511113680254	0.0292867224602159	0.0329821949908028	0.159110350386847	0.143361550231522	0;0;0;0;0;1;1;1;4;5	0	0	2.05973630210677		hsaCirc_010639
chr16	38405537	38407759	-	mmuCirc_003801	Pla1a	CTO:ANNOTATED:CDS	2	258	NM_134102	0	0	0	0	0	0.0327511113680254	0.0292867224602159	0	0.119332762790135	0.0286723100463043	0;0;0;0;0;1;1;0;3;1	0	0	1.69599110300165		
chr16	38505412	38518532	-	mmuCirc_003802	Timmdc1	CTO:ANNOTATED:CDS	4	402	NM_024273	0.0359829012851383	0	0	0.0192294131873431	0	0	0.0292867224602159	0.0329821949908028	0.159110350386847	0.0286723100463043	2;0;0;1;0;0;1;1;4;1	0	0	0.939132540421038	rnoCirc_002440	hsaCirc_010630
chr16	38636897	38640349	-	mmuCirc_003803	Arhgap31	CTO:ANNOTATED:CDS	2	248	NM_020260	0	0	0	0	0	0	0	0	0.198887937983559	0.0573446200926087	0;0;0;0;0;0;0;0;5;2	0	0	2.70171074766345		
chr16	41888915	41955352	+	mmuCirc_003804	Lsamp	CTO:ANNOTATED:CDS	2	359	NM_175548	0	0	0	0	0	0	0.0292867224602159	0.0989465849724082	0.0397775875967117	0.0286723100463043	0;0;0;0;0;0;1;3;1;1	0	0	1.68403672924933	rnoCirc_002421	
chr16	43193465	43193857	+	mmuCirc_003805	Zbtb20	INTRONIC	1	393	NM_001285805	0	0	0	0	0	0	0.117146889840864	0.0329821949908028	0.0397775875967117	0	0;0;0;0;0;0;4;1;1;0	0	0	1.92092076369149		
chr16	43310516	43310619	+	mmuCirc_003806	Zbtb20	INTRONIC	1	104	NM_001285805:NM_019778:NM_181058	0	0.0512001293247	0	0	0	0	0	0	0	0	0;3;0;0;0;0;0;0;0;0	0	0	-1.83187986164018		
chr16	43569681	43577748	+	mmuCirc_003807	Zbtb20	CTO:ANNOTATED:CDS:5UTR	4	511	NM_001285805:NM_019778:NM_181058	0.0539743519277075	0.0512001293247	0.0370238421510704	0.0384588263746862	0.0729071053934362	0.589520004624457	0.468587559363454	0.923501459742477	0.517108638757253	0.602118510972391	3;3;2;2;4;18;16;28;13;21	0	0	3.16253584413582	rnoCirc_002416	hsaCirc_010627