chr15	80923458	80924156	+	mmuCirc_003473	Tnrc6b	CTO:ANNOTATED:CDS	2	296	NM_144812:NM_177124	0.0179914506425692	0	0	0.0192294131873431	0	0.0327511113680254	0.0292867224602159	0.0659643899816055	0.159110350386847	0.20070617032413	1;0;0;1;0;1;1;2;4;7	0	0	1.90667220052717		
chr15	80961356	80967201	+	mmuCirc_003474	Adsl	CTO:ANNOTATED:CDS	6	537	NM_009634	0	0	0	0.0192294131873431	0	0.0327511113680254	0.0585734449204318	0.0989465849724082	0.119332762790135	0	0;0;0;1;0;1;2;3;3;0	0	0	1.94350303096165		
chr15	81117391	81117652	-	mmuCirc_003475	Mkl1	CTO:ANNOTATED:5UTR	1	262	NM_001082536	0	0	0.0185119210755352	0	0.018226776348359	0.0327511113680254	0	0.0989465849724082	0.119332762790135	0.0573446200926087	0;0;1;0;1;1;0;3;3;2	0	0	1.71082959391411		
chr15	81377688	81392322	-	mmuCirc_003476	St13	CTO:ANNOTATED:CDS	6	465	NM_133726	0	0.0170667097749	0.0555357632266056	0.0384588263746862	0	0.196506668208152	0.175720334761295	0.197893169944816	0.357998288370406	0.0573446200926087	0;1;3;2;0;6;6;6;9;2	0	0	2.40190286476242		
chr15	81382980	81392322	-	mmuCirc_003477	St13	CTO:ANNOTATED:CDS	4	269	NM_133726	0.107948703855415	0.0853335488745	0.0740476843021408	0.0961470659367156	0.127587434438513	1.01528445240879	0.585734449204318	0.989465849724082	0.954662102321082	0.487429270787174	6;5;4;5;7;31;20;30;24;17	1	1	2.7629504777291		
chr15	81430690	81438180	+	mmuCirc_003478	Xpnpep3	CTO:ANNOTATED:CDS	3	380	NM_177310	0.0179914506425692	0.0341334195498	0	0.0384588263746862	0.018226776348359	0.262008890944203	0.0878601673806477	0.395786339889633	0.318220700773694	0.0573446200926087	1;2;0;2;1;8;3;12;8;2	0	0	2.36270494792599		
chr15	81430761	81438180	+	mmuCirc_003479	Xpnpep3	CTO:ALT_ACCEPTOR:CDS	3	309	NM_177310	0	0	0	0	0	0.0655022227360508	0.0292867224602159	0	0.119332762790135	0.0573446200926087	0;0;0;0;0;2;1;0;3;2	0	0	2.03723113613574		
chr15	81600908	81601545	+	mmuCirc_003480	Ep300	CTO:ANNOTATED:CDS	1	638	NM_177821	0	0	0	0.0192294131873431	0	0.0982533341040761	0.0878601673806477	0.197893169944816	0.357998288370406	0.0286723100463043	0;0;0;1;0;3;3;6;9;1	0	0	2.59838431744759	rnoCirc_011309	hsaCirc_009906
chr15	81600908	81616863	+	mmuCirc_003481	Ep300	CTO:ANNOTATED:CDS	7	1669	NM_177821	0	0	0	0	0	0.0327511113680254	0	0.131928779963211	0	0.0286723100463043	0;0;0;0;0;1;0;4;0;1	0	0	1.86920867285401	rnoCirc_011311	
chr15	81628293	81628737	+	mmuCirc_003482	Ep300	CTO:ANNOTATED:CDS	2	325	NM_177821	0	0	0.092559605377676	0.0192294131873431	0	0.294760002312228	0.351440669522591	0.296839754917225	0.596663813950676	0.258050790416739	0;0;5;1;0;9;12;9;15;9	0	0	3.49121149098941		
chr15	81631614	81632512	+	mmuCirc_003483	Ep300	CTO:ANNOTATED:CDS	2	329	NM_177821	0.0719658025702766	0	0.148095368604282	0.134605892311402	0.0911338817417952	1.24454223198496	0.380727391982807	0.989465849724082	2.06843455502901	0.716807751157609	4;0;8;7;5;38;13;30;52;25	0	1	3.43538152072395		
chr15	81638980	81641425	+	mmuCirc_003484	Ep300	CTO:ANNOTATED:CDS	5	646	NM_177821	0.0179914506425692	0	0	0	0.018226776348359	0.0655022227360508	0	0	0.0397775875967117	0.086016930138913	1;0;0;0;1;2;0;0;1;3	0	0	1.40717700805896	rnoCirc_011314	
chr15	81639741	81641425	+	mmuCirc_003485	Ep300	CTO:ANNOTATED:CDS	4	578	NM_177821	0	0.0341334195498	0	0	0	0.131004445472102	0.146433612301079	0.0329821949908028	0.0795551751934235	0.0286723100463043	0;2;0;0;0;4;5;1;2;1	0	0	1.90819593756186		
chr15	81716567	81718922	-	mmuCirc_003486	Rangap1	CTO:ANNOTATED:CDS	2	315	NM_001146174:NM_011241	0	0	0	0	0	0	0	0	0.159110350386847	0	0;0;0;0;0;0;0;0;4;0	0	0	3.16277680474228		
chr15	81716567	81722026	-	mmuCirc_003487	Rangap1	CTO:ANNOTATED:CDS	4	503	NM_001146174:NM_011241	0	0	0	0.0192294131873431	0	0.0327511113680254	0	0.0329821949908028	0.159110350386847	0.114689240185217	0;0;0;1;0;1;0;1;4;4	0	0	1.93677821292633		
chr15	81716567	81724632	-	mmuCirc_003488	Rangap1	CTO:ANNOTATED:CDS:5UTR	5	650	NM_001146174:NM_011241	0	0	0	0	0	0	0	0	0	0.086016930138913	0;0;0;0;0;0;0;0;0;3	0	0	2.40622276606355		
chr15	81815650	81820655	+	mmuCirc_003489	Tef	INTRONIC	1	5006	NM_153484:NM_017376	0	0	0	0	0	0.0327511113680254	0.0292867224602159	0.0989465849724082	0.0397775875967117	0.0286723100463043	0;0;0;0;0;1;1;3;1;1	0	0	1.62706968120892		
chr15	81914275	81914689	-	mmuCirc_003490	Aco2	AS:CTO	1	415	NM_080633	0.0539743519277075	0	0.0185119210755352	0.0192294131873431	0	0	0	0	0.0397775875967117	0.0286723100463043	3;0;1;1;0;0;0;0;1;1	0	0	-0.23539001828059		
chr15	82022445	82023061	+	mmuCirc_003491	Xrcc6	CTO:ANNOTATED:CDS	2	394	NM_010247	0	0	0	0	0	0.0982533341040761	0.0292867224602159	0.131928779963211	0.198887937983559	0.086016930138913	0;0;0;0;0;3;1;4;5;3	0	0	2.52973491977652		
chr15	82027225	82027411	+	mmuCirc_003492	Xrcc6	CTO:ANNOTATED:CDS	1	187	NM_010247	0	0	0.0185119210755352	0.0192294131873431	0.0546803290450771	0.229257779576178	0.146433612301079	0.131928779963211	0.278443113176982	0.172033860277826	0;0;1;1;3;7;5;4;7;6	0	0	2.59329371345285		
chr15	82373111	82390522	-	mmuCirc_003493	Cyp2d22:Cyp2d11	ITO:ANNOTATED:CDS:5UTR	1	17412	NM_001163472:NM_019823:NM_001104531	0.0359829012851383	0	0.0185119210755352	0.0192294131873431	0.0546803290450771	0	0	0.0329821949908028	0	0.0573446200926087	2;0;1;1;3;0;0;1;0;2	0	0	-0.486536706614539		
chr15	82814481	82857284	-	mmuCirc_003494	Tcf20	CTO:ANNOTATED	4	6039	NM_001114140:NM_013836	0	0	0.092559605377676	0	0	0	0	0	0	0	0;0;5;0;0;0;0;0;0;0	0	0	-2.49261727064385		
chr15	82825231	82857284	-	mmuCirc_003495	Tcf20	CTO:ANNOTATED:CDS:5UTR	2	5866	NM_001114140:NM_013836	0.0719658025702766	0.1194669684243	0.0370238421510704	0.134605892311402	0	0	0.117146889840864	0.197893169944816	0.357998288370406	0.258050790416739	4;7;2;7;0;0;4;6;9;9	0	0	0.959149137950166	rnoCirc_011326	
chr15	82851513	82857284	-	mmuCirc_003496	Tcf20	CTO:ANNOTATED:CDS:5UTR	1	5772	NM_001114140:NM_013836	0.251880308995968	0.3925343248227	0.129583447528746	0.365358850559519	0.145814210786872	0.884280006936685	0.64430789412475	0.659643899816055	1.75021385425532	1.06087547171326	14;23;7;19;8;27;22;20;44;37	1	1	1.90183485665058	rnoCirc_011327	hsaCirc_009927
chr15	83322574	83336726	-	mmuCirc_003497	Arfgap3	CTO:ANNOTATED:CDS	7	624	NM_025445	0	0	0	0	0	0.131004445472102	0	0	0.318220700773694	0.0286723100463043	0;0;0;0;0;4;0;0;8;1	0	0	2.75983780757541		
chr15	84271231	84273569	+	mmuCirc_003498	Parvb	CTO:ANNOTATED:CDS	2	161	NM_133167	0	0	0	0.0384588263746862	0	0.163755556840127	0.0292867224602159	0.0659643899816055	0.0795551751934235	0.114689240185217	0;0;0;2;0;5;1;2;2;4	0	0	2.02485846503476		
chr15	84271231	84282864	+	mmuCirc_003499	Parvb	CTO:ANNOTATED:CDS	3	264	NM_133167	0.0899572532128458	0.0341334195498	0.0185119210755352	0.0192294131873431	0.0546803290450771	0.360262225048279	0.175720334761295	0.197893169944816	1.11377245270793	0.659463131065	5;2;1;1;3;11;6;6;28;23	0	0	2.83662893971575	rnoCirc_011059	hsaCirc_009941
chr15	85251445	85265381	+	mmuCirc_003500	Fbln1	CTO:ALT_ACCEPTOR:CDS	2	12089	NM_010180	0	0.0170667097749	0.0185119210755352	0	0	0.0982533341040761	0	0.0329821949908028	0.0795551751934235	0	0;1;1;0;0;3;0;1;2;0	0	0	1.11234593317249		
chr15	85359454	85376702	+	mmuCirc_003501	Atxn10	CTO:ANNOTATED:CDS	4	531	NM_016843	0	0	0	0.0192294131873431	0.0364535526967181	0.0982533341040761	0.0292867224602159	0.0989465849724082	0.119332762790135	0.0573446200926087	0;0;0;1;2;3;1;3;3;2	0	0	1.74400267832739		hsaCirc_009945
chr15	85359454	85393506	+	mmuCirc_003502	Atxn10	CTO:ANNOTATED:CDS	8	1057	NM_016843	0	0	0.0370238421510704	0.0384588263746862	0.0364535526967181	0.327511113680254	0.175720334761295	0.0989465849724082	0.159110350386847	0.086016930138913	0;0;2;2;2;10;6;3;4;3	0	0	2.19897999820867	rnoCirc_011336	hsaCirc_009948
chr15	85375322	85393506	+	mmuCirc_003503	Atxn10	CTO:ANNOTATED:CDS	6	782	NM_016843	0.0179914506425692	0.0170667097749	0.0185119210755352	0	0.0364535526967181	0.163755556840127	0.0292867224602159	0.461750729871238	0.159110350386847	0.0286723100463043	1;1;1;0;2;5;1;14;4;1	0	0	1.85576793881808	rnoCirc_011340	hsaCirc_009954
chr15	85386991	85393506	+	mmuCirc_003504	Atxn10	CTO:ANNOTATED:CDS	3	445	NM_016843	0	0	0.0185119210755352	0	0	0.0327511113680254	0.0878601673806477	0.263857559926422	0.159110350386847	0	0;0;1;0;0;1;3;8;4;0	0	0	2.4687146840408	rnoCirc_011342	hsaCirc_009955
chr15	85391638	85393506	+	mmuCirc_003505	Atxn10	CTO:ANNOTATED:CDS	2	279	NM_016843	0.0719658025702766	0.0170667097749	0	0.0769176527493725	0.0729071053934362	0.458515559152355	0.322153947062375	0.692626094806858	1.51154832867505	0.258050790416739	4;1;0;4;4;14;11;21;38;9	0	1	3.26089893648764	rnoCirc_011343	
chr15	85694915	85701020	+	mmuCirc_003506		NTO	1	6106		0	0	0	0.0384588263746862	0	0	0	0.0659643899816055	0	0.086016930138913	0;0;0;2;0;0;0;2;0;3	0	0	0.98751368657151		
chr15	85882674	85885192	+	mmuCirc_003507	Trmu	CTO:ANNOTATED:CDS	2	273	NM_028063	0.0359829012851383	0.0170667097749	0.0555357632266056	0.0576882395620293	0.0364535526967181	0.655022227360508	0.64430789412475	0.461750729871238	0.954662102321082	0.401412340648261	2;1;3;3;2;20;22;14;24;14	0	0	3.39556366585187		
chr15	86089204	86100900	+	mmuCirc_003508	Gramd4	CTO:ALT_ACCEPTOR:CDS	2	2441	NM_172611:NM_001205353	0	0	0.0185119210755352	0	0	0	0	0.0659643899816055	0.0397775875967117	0.086016930138913	0;0;1;0;0;0;0;2;1;3	0	0	1.71475383715029		
chr15	86091313	86100900	+	mmuCirc_003509	Gramd4	CTO:ANNOTATED:CDS	2	332	NM_172611:NM_001205353	0	0	0	0	0	0.0982533341040761	0.117146889840864	0.0329821949908028	0.119332762790135	0.0286723100463043	0;0;0;0;0;3;4;1;3;1	0	0	2.16610608942867	rnoCirc_011349	hsaCirc_009964
chr15	86151535	86156651	-	mmuCirc_003510	Cerk	CTO:ANNOTATED:CDS	3	285	NM_145475	0	0	0	0	0.0364535526967181	0.0982533341040761	0.117146889840864	0.131928779963211	0.198887937983559	0.086016930138913	0;0;0;0;2;3;4;4;5;3	0	0	2.52561223583221		
chr15	88689509	88691884	-	mmuCirc_003511	Brd1	CTO:ANNOTATED:CDS	4	529	NM_001033274	0.0179914506425692	0	0	0	0	0.0327511113680254	0	0.197893169944816	0.0795551751934235	0.086016930138913	1;0;0;0;0;1;0;6;2;3	0	0	2.16019870957663	rnoCirc_011356	
chr15	88811297	88812159	-	mmuCirc_003512	Alg12	CTO:ANNOTATED:CDS	2	328	NM_001142357:NM_145477	0.43179481542166	0.0682668390996	0.314702658284099	0.365358850559519	0.583256843147489	4.22489336647527	1.75720334761295	4.22172095882275	6.80196747903771	3.23997103523239	24;4;17;19;32;129;60;128;171;113	1	1	3.56144164513356		
chr15	89069713	89070136	-	mmuCirc_003513	Panx2	AS:CTO	1	424	NM_001002005	0	0	0.0370238421510704	0.0192294131873431	0	0.0327511113680254	0.0878601673806477	0	0.0795551751934235	0	0;0;2;1;0;1;3;0;2;0	0	0	0.915571768001176		
chr15	89094137	89096819	+	mmuCirc_003514	Selo	CTO:ANNOTATED:CDS	3	599	NM_027905	0	0.0341334195498	0.0185119210755352	0	0.0546803290450771	0.131004445472102	0.0292867224602159	0.626661704825252	0.437553463563829	0.114689240185217	0;2;1;0;3;4;1;19;11;4	0	0	2.44350713131565		
chr15	89159773	89160002	-	mmuCirc_003515	Plxnb2	CTO:ANNOTATED:CDS	1	230	NM_001159521:NM_001284506:NM_138749	0	0	0	0	0	0.131004445472102	0	0	0.0397775875967117	0	0;0;0;0;0;4;0;0;1;0	0	0	2.24806189669664		
chr15	89242160	89243459	+	mmuCirc_003516	Ppp6r2	CTO:ANNOTATED:5UTR	2	284	NM_027805:NM_026813	0	0	0	0.0192294131873431	0	0.131004445472102	0.0878601673806477	0.0329821949908028	0.278443113176982	0.0286723100463043	0;0;0;1;0;4;3;1;7;1	0	0	2.19273331095305		hsaCirc_009974
chr15	89242160	89246340	+	mmuCirc_003517	Ppp6r2	CTO:ANNOTATED:5UTR	3	367	NM_027805:NM_026813	0.0359829012851383	0	0.0185119210755352	0.0384588263746862	0.018226776348359	0.818777784200635	0.292867224602159	0.494732924862041	0.755774164337523	0.258050790416739	2;0;1;2;1;25;10;15;19;9	0	0	3.64119862774423		
chr15	89246258	89253261	+	mmuCirc_003518	Ppp6r2	CTO:ANNOTATED:CDS:5UTR	2	326	NM_027805:NM_026813	0	0	0	0	0.018226776348359	0.0327511113680254	0	0	0.159110350386847	0	0;0;0;0;1;1;0;0;4;0	0	0	1.20913158349731		
chr15	89268503	89269962	+	mmuCirc_003519	Ppp6r2	CTO:ANNOTATED:CDS	2	280	NM_026813	0	0.0170667097749	0	0.0192294131873431	0.0364535526967181	0.131004445472102	0.0878601673806477	0.0989465849724082	0.23866552558027	0.0573446200926087	0;1;0;1;2;4;3;3;6;2	0	0	2.0410087947272	rnoCirc_011363	
chr15	89293739	89294071	-	mmuCirc_003520	Sbf1	CTO:ANNOTATED:CDS	2	258	NM_001081030:NM_001170561	0.0179914506425692	0	0.0185119210755352	0.0192294131873431	0.0364535526967181	0.0982533341040761	0.0585734449204318	0.131928779963211	0.0397775875967117	0	1;0;1;1;2;3;2;4;1;0	0	0	0.940559741424843	rnoCirc_011364	
chr15	89293945	89294071	-	mmuCirc_003521	Sbf1	CTO:ANNOTATED:CDS	1	127	NM_001081030:NM_001170561	0	0	0	0.0384588263746862	0	0.0982533341040761	0.146433612301079	0.164910974954014	0.437553463563829	0.0286723100463043	0;0;0;2;0;3;5;5;11;1	0	0	2.61619832576551	rnoCirc_011365	
chr15	89305544	89306293	-	mmuCirc_003522	Sbf1	CTO:ANNOTATED:CDS	3	306	NM_001081030:NM_001170561	0	0	0	0	0	0.131004445472102	0.0292867224602159	0.0659643899816055	0.278443113176982	0.0286723100463043	0;0;0;0;0;4;1;2;7;1	0	0	2.30078852563688		
chr15	89352153	89352527	-	mmuCirc_003523	Lmf2	CTO:ANNOTATED:CDS	2	281	NM_178919	0	0	0.0185119210755352	0	0	0	0	0	0.198887937983559	0.0286723100463043	0;0;1;0;0;0;0;0;5;1	0	0	1.26330556951093		
chr15	89352859	89353139	-	mmuCirc_003524	Lmf2	CTO:ANNOTATED:CDS	2	203	NM_178919	0	0	0	0.0192294131873431	0	0.0327511113680254	0.0292867224602159	0.263857559926422	0.23866552558027	0.0286723100463043	0;0;0;1;0;1;1;8;6;1	0	0	2.10633543406876		
chr15	89418772	89418875	+	mmuCirc_003525	Cpt1b:ChkbCpt1b	AS:CTO	1	104	NM_009948:NR_004843	0.0179914506425692	0	0.0555357632266056	0.0384588263746862	0	0	0	0.0329821949908028	0	0.0573446200926087	1;0;3;2;0;0;0;1;0;2	0	0	-0.258361743184866	rnoCirc_011367	
chr15	89521103	89533454	+	mmuCirc_003526	Shank3	CTO:ANNOTATED:CDS	8	1077	NM_021423	0.0179914506425692	0	0.0185119210755352	0.0192294131873431	0	0.0655022227360508	0.0878601673806477	0.0659643899816055	0.0795551751934235	0.114689240185217	1;0;1;1;0;2;3;2;2;4	0	0	1.77098694486925		
chr15	89543100	89543878	+	mmuCirc_003527	Shank3	CTO:ANNOTATED:CDS	2	216	NM_021423	0	0	0	0.0192294131873431	0.018226776348359	0.196506668208152	0.0585734449204318	0.197893169944816	0.119332762790135	0.114689240185217	0;0;0;1;1;6;2;6;3;4	0	0	2.50028729348672		
chr15	89547626	89549882	+	mmuCirc_003528	Shank3	CTO:ANNOTATED:CDS	1	2257	NM_021423	0.0359829012851383	0	0	0.0384588263746862	0	0.0327511113680254	0.0878601673806477	0.0989465849724082	0.119332762790135	0.086016930138913	2;0;0;2;0;1;3;3;3;3	0	0	1.7153623963532	rnoCirc_011370	hsaCirc_009981
chr15	90980795	90994475	-	mmuCirc_003529	Kif21a	CTO:ANNOTATED:CDS	7	1073	NM_001109040:NM_001109041:NM_001109042:NM_016705	0.0359829012851383	0.0341334195498	0.0370238421510704	0.0384588263746862	0	0.294760002312228	0.351440669522591	0.164910974954014	0.0795551751934235	0.229378480370435	2;2;2;2;0;9;12;5;2;8	0	0	2.2750537280949		
chr15	90980795	90995633	-	mmuCirc_003530	Kif21a	CTO:ANNOTATED:CDS	8	1223	NM_001109040:NM_001109041:NM_001109042:NM_016705	0.0179914506425692	0.0170667097749	0	0	0.0364535526967181	0.0327511113680254	0.0878601673806477	0.131928779963211	0.119332762790135	0.0573446200926087	1;1;0;0;2;1;3;4;3;2	0	0	1.63890307638125		
chr15	91705106	91712862	+	mmuCirc_003531	Lrrk2	CTO:ANNOTATED:CDS	3	362	NM_025730	0.0899572532128458	0.0512001293247	0.0370238421510704	0.0384588263746862	0.018226776348359	1.08078667514484	0.439300836903238	0.758590484788463	1.07399486511122	0.45875696074087	5;3;2;2;1;33;15;23;27;16	0	0	3.53138294878466		
chr15	91772822	91780009	+	mmuCirc_003532	Lrrk2	CTO:ANNOTATED:CDS	4	631	NM_025730	0	0	0	0	0	0	0	0	0.119332762790135	0.0573446200926087	0;0;0;0;0;0;0;0;3;2	0	0	2.37588178681901		
chr15	91786966	91814733	+	mmuCirc_003533	Lrrk2	CTO:ANNOTATED:CDS	10	1514	NM_025730	0	0	0.0370238421510704	0	0	0.131004445472102	0	0.0989465849724082	0.0397775875967117	0	0;0;2;0;0;4;0;3;1;0	0	0	1.85226683052605		
chr15	92743571	92757754	+	mmuCirc_003534	Pdzrn4	CTO:ANNOTATED:CDS	4	381	NM_001164593:NM_001164594	0	0.0170667097749	0	0	0	0.163755556840127	0	0.164910974954014	0.119332762790135	0.0573446200926087	0;1;0;0;0;5;0;5;3;2	0	0	2.05402288733096		
chr15	93410692	93441712	+	mmuCirc_003535	Pphln1	CTO:ANNOTATED:CDS:5UTR	4	573	NM_001083114:NM_001285864:NM_146062:NM_175363:NM_001285863	0	0	0	0	0	0	0	0	0.119332762790135	0	0;0;0;0;0;0;0;0;3;0	0	0	2.80046262890159		
chr15	93424014	93441712	+	mmuCirc_003536	Pphln1	CTO:ANNOTATED:CDS:5UTR	2	274	NM_001083114:NM_001285864:NM_146062:NM_175363:NM_001285863	0	0	0	0	0	0	0.117146889840864	0.0329821949908028	0	0.0286723100463043	0;0;0;0;0;0;4;1;0;1	0	0	1.8220862876745	rnoCirc_011377	
chr15	93424014	93465245	+	mmuCirc_003537	Pphln1	CTO:ANNOTATED:CDS:5UTR	6	672	NM_001083114:NM_001285864:NM_146062:NM_175363:NM_001285863	0	0	0	0	0	0.0327511113680254	0.0585734449204318	0.0329821949908028	0.198887937983559	0	0;0;0;0;0;1;2;1;5;0	0	0	2.05771786702382		hsaCirc_003677
chr15	93452117	93459791	+	mmuCirc_003538	Pphln1	CTO:ANNOTATED:CDS	3	257	NM_001083114:NM_001285864:NM_146062:NM_175363:NM_001285863	0	0	0	0	0	0	0.0878601673806477	0	0	0	0;0;0;0;0;0;3;0;0;0	0	0	2.43109027266771		
chr15	93452117	93465245	+	mmuCirc_003539	Pphln1	CTO:ANNOTATED:CDS	4	398	NM_001083114:NM_001285864:NM_146062:NM_175363:NM_001285863	0	0.0170667097749	0	0.0192294131873431	0.018226776348359	0.0327511113680254	0.205007057221511	0.131928779963211	0.357998288370406	0.143361550231522	0;1;0;1;1;1;7;4;9;5	0	0	2.45801682234097	rnoCirc_011379	hsaCirc_003680