chr11	106117490	106123906	+	mmuCirc_001731	Map3k3	CTO:ANNOTATED:CDS	2	235	NM_011947	0.0179914506425692	0.0341334195498	0	0.0192294131873431	0.018226776348359	0	0	0.0329821949908028	0.0397775875967117	0.086016930138913	1;2;0;1;1;0;0;1;1;3	0	0	0.224524286741934		
chr11	106203538	106205461	-	mmuCirc_001732	Ccdc47	CTO:ANNOTATED:CDS	3	299	NM_026009	0	0	0	0	0	0.0327511113680254	0.146433612301079	0	0.0795551751934235	0.0286723100463043	0;0;0;0;0;1;5;0;2;1	0	0	2.01366849252312		
chr11	106224081	106228824	+	mmuCirc_001733	Ddx42	CTO:ANNOTATED:CDS:5UTR	3	451	NM_028074	0	0	0	0	0	0.0982533341040761	0	0	0.159110350386847	0	0;0;0;0;0;3;0;0;4;0	0	0	2.86329287998027		
chr11	106224081	106235783	+	mmuCirc_001734	Ddx42	CTO:ANNOTATED:CDS:5UTR	8	1040	NM_028074	0	0	0	0	0.018226776348359	0.0327511113680254	0	0	0.119332762790135	0	0;0;0;0;1;1;0;0;3;0	0	0	1.08836019155041		
chr11	106236995	106240099	+	mmuCirc_001735	Ddx42	CTO:ANNOTATED:CDS	4	375	NM_028074	0	0	0.0185119210755352	0	0.018226776348359	0	0.0292867224602159	0.131928779963211	0.357998288370406	0.114689240185217	0;0;1;0;1;0;1;4;9;4	0	0	2.3346260472069		
chr11	106240002	106241827	+	mmuCirc_001736	Ddx42	CTO:ANNOTATED:CDS	2	375	NM_028074	0	0.0170667097749	0	0	0	0.0655022227360508	0	0	0	0.086016930138913	0;1;0;0;0;2;0;0;0;3	0	0	1.20402021037418		
chr11	106566965	106568627	-	mmuCirc_001737	Tex2	CTO:ANNOTATED:CDS:5UTR	1	1663	NM_198292	0	0	0	0	0	0.0655022227360508	0.0585734449204318	0.0659643899816055	0.159110350386847	0.086016930138913	0;0;0;0;0;2;2;2;4;3	0	0	2.34854849393202	rnoCirc_002125	hsaCirc_006813
chr11	106671742	106682953	-	mmuCirc_001738	Pecam1	CTO:ANNOTATED:CDS	4	248	NM_001032378:NM_008816	0	0	0	0	0.018226776348359	0.0327511113680254	0	0.0989465849724082	0.198887937983559	0	0;0;0;0;1;1;0;3;5;0	0	0	1.62224511073692		
chr11	106671742	106685248	-	mmuCirc_001739	Pecam1	CTO:ANNOTATED:CDS	7	672	NM_001032378:NM_008816	0.0359829012851383	0.0341334195498	0	0	0.018226776348359	0.131004445472102	0.117146889840864	0.0659643899816055	0.596663813950676	0.086016930138913	2;2;0;0;1;4;4;2;15;3	0	0	2.25889080109434		
chr11	106679549	106685248	-	mmuCirc_001740	Pecam1	CTO:ANNOTATED:CDS	6	615	NM_001032378:NM_008816	0.0179914506425692	0.0682668390996	0.0370238421510704	0.0384588263746862	0.145814210786872	0.818777784200635	0.615021171664534	1.02244804471489	1.63088109146518	0.487429270787174	1;4;2;2;8;25;21;31;41;17	0	0	3.58739604868894		
chr11	106688776	106691184	-	mmuCirc_001741	Pecam1	CTO:ANNOTATED:CDS	2	525	NM_001032378:NM_008816	0	0	0.0185119210755352	0	0	0.0655022227360508	0.0878601673806477	0.0989465849724082	0.119332762790135	0.172033860277826	0;0;1;0;0;2;3;3;3;6	0	0	2.44354809874745		
chr11	106695754	106697354	-	mmuCirc_001742	Pecam1	CTO:ANNOTATED:CDS	2	579	NM_001032378:NM_008816	0.0179914506425692	0	0	0	0	0	0	0.0989465849724082	0.119332762790135	0	1;0;0;0;0;0;0;3;3;0	0	0	1.48234325848659		
chr11	106697052	106697354	-	mmuCirc_001743	Pecam1	CTO:ANNOTATED:CDS	1	303	NM_001032378:NM_008816	0	0	0	0	0	0	0	0	0.119332762790135	0.0286723100463043	0;0;0;0;0;0;0;0;3;1	0	0	2.04178193859134		
chr11	106754782	106755051	+	mmuCirc_001744	Milr1	CTO:ANNOTATED:CDS	1	270	NM_001033435:NM_001271372:NM_001271373:NM_001271374:NM_001271375:NR_073165	0	0	0	0	0	0	0	0.131928779963211	0.0397775875967117	0.0286723100463043	0;0;0;0;0;0;0;4;1;1	0	0	1.9293430686156		
chr11	106852447	106856264	-	mmuCirc_001745	Smurf2	CTO:ANNOTATED:CDS	2	287	NM_025481	0	0.0170667097749	0.0185119210755352	0	0.018226776348359	0.131004445472102	0	0	0.119332762790135	0	0;1;1;0;1;4;0;0;3;0	0	0	0.589393810451421		
chr11	107095002	107099789	-	mmuCirc_001746	Bptf	CTO:ALT_DONOR:CDS	2	1148	NM_176850	0.0179914506425692	0	0.0370238421510704	0.0576882395620293	0.018226776348359	0	0.175720334761295	0.197893169944816	0.119332762790135	0.0573446200926087	1;0;2;3;1;0;6;6;3;2	0	0	1.2317029163194	rnoCirc_002135	
chr11	107110813	107111635	-	mmuCirc_001747	Bptf	CTO:ANNOTATED:CDS	1	823	NM_176850	0.0179914506425692	0	0	0	0	0.131004445472102	0.0585734449204318	0.0989465849724082	0.0795551751934235	0.0286723100463043	1;0;0;0;0;4;2;3;2;1	0	0	2.02714512799732	rnoCirc_002136	hsaCirc_006842
chr11	107296199	107337560	-	mmuCirc_001748	Pitpnc1	CTO:ANNOTATED:CDS	4	318	NM_145823	0	0	0	0.0192294131873431	0.0364535526967181	0.0982533341040761	0.0292867224602159	0.0989465849724082	0.198887937983559	0.172033860277826	0;0;0;1;2;3;1;3;5;6	0	0	2.13673183587206	rnoCirc_002141	
chr11	107486414	107489072	+	mmuCirc_001749	Psmd12	CTO:ANNOTATED:CDS	2	213	NM_025894	0	0.0341334195498	0.0185119210755352	0	0	0.360262225048279	0.0585734449204318	0.197893169944816	0.119332762790135	0.114689240185217	0;2;1;0;0;11;2;6;3;4	0	0	2.56774286431457	rnoCirc_002144	
chr11	107592706	107595195	+	mmuCirc_001750	Helz	CTO:ANNOTATED:CDS	2	182	NM_198298	0.0179914506425692	0	0.0370238421510704	0	0	0	0.0878601673806477	0.263857559926422	0.159110350386847	0	1;0;2;0;0;0;3;8;4;0	0	0	1.74593057224566		
chr11	107592706	107604363	+	mmuCirc_001751	Helz	CTO:ANNOTATED:CDS	7	915	NM_198298	0.0359829012851383	0	0.0185119210755352	0	0.018226776348359	0.196506668208152	0.0878601673806477	0.263857559926422	0.159110350386847	0.315395410509348	2;0;1;0;1;6;3;8;4;11	0	0	2.71204360892016		
chr11	107592706	107620214	+	mmuCirc_001752	Helz	CTO:ANNOTATED:CDS	10	1648	NM_198298	0	0	0	0	0.018226776348359	0	0.0585734449204318	0.263857559926422	0.119332762790135	0.0573446200926087	0;0;0;0;1;0;2;8;3;2	0	0	2.40457927617925		
chr11	107613851	107620214	+	mmuCirc_001753	Helz	CTO:ANNOTATED:CDS	3	733	NM_198298	0	0	0	0	0	0.0655022227360508	0	0	0.23866552558027	0	0;0;0;0;0;2;0;0;6;0	0	0	2.8944889036821		
chr11	107632172	107649340	+	mmuCirc_001754	Helz	CTO:ANNOTATED:CDS	6	1005	NM_198298	0.0179914506425692	0	0	0	0.018226776348359	0	0	0.0659643899816055	0.119332762790135	0.086016930138913	1;0;0;0;1;0;0;2;3;3	0	0	1.36254155275304	rnoCirc_002151	
chr11	107646050	107649340	+	mmuCirc_001755	Helz	CTO:ANNOTATED:CDS	2	413	NM_198298	0.0179914506425692	0	0	0.0384588263746862	0.018226776348359	0.0327511113680254	0.0585734449204318	0.131928779963211	0.119332762790135	0.143361550231522	1;0;0;2;1;1;2;4;3;5	0	0	1.74426931225328		
chr11	107646050	107666078	+	mmuCirc_001756	Helz	CTO:ANNOTATED:CDS	7	1149	NM_198298	0	0	0	0	0.018226776348359	0.131004445472102	0	0.0329821949908028	0.0397775875967117	0	0;0;0;0;1;4;0;1;1;0	0	0	1.24176196605531		
chr11	107656044	107673045	+	mmuCirc_001757	Helz	CTO:ANNOTATED:CDS	8	2125	NM_198298	0	0	0	0	0	0	0	0	0.0397775875967117	0.086016930138913	0;0;0;0;0;0;0;0;1;3	0	0	1.9929137211978		
chr11	107661842	107663815	+	mmuCirc_001758	Helz	CTO:ANNOTATED:CDS	2	399	NM_198298	0	0	0	0.0384588263746862	0	0.229257779576178	0.263580502141943	0.527715119852844	0.357998288370406	0.315395410509348	0;0;0;2;0;7;9;16;9;11	0	0	3.80025696803177		
chr11	107951466	107961653	-	mmuCirc_001759	Prkca	CTO:ANNOTATED:CDS	3	330	NM_011101	0	0	0	0	0	0	0.117146889840864	0	0	0	0;0;0;0;0;0;4;0;0;0	0	0	2.77765000061683		
chr11	108012627	108014381	-	mmuCirc_001760	Prkca	CTO:ANNOTATED:CDS	3	389	NM_011101	0	0	0	0	0.018226776348359	0	0.0878601673806477	0.0989465849724082	0.198887937983559	0.114689240185217	0;0;0;0;1;0;3;3;5;4	0	0	2.56810798135002	rnoCirc_002155	hsaCirc_006833
chr11	108434094	108440596	+	mmuCirc_001761	Cep112	CTO:ALT_ACCEPTOR:CDS:5UTR	3	510	NM_029606	0.0179914506425692	0	0	0	0	0	0.0878601673806477	0.0989465849724082	0	0.0286723100463043	1;0;0;0;0;0;3;3;0;1	0	0	1.34018966687674		
chr11	108434126	108440596	+	mmuCirc_001762	Cep112	CTO:ANNOTATED:CDS:5UTR	3	478	NM_029606	0.323846111566245	0.2218672270737	0.111071526453211	0.403817676934205	0.309855197922104	3.47161780501069	2.51865813157857	4.8154004686572	6.762189891441	2.95324793476935	18;13;6;21;17;106;86;146;170;103	1	1	3.82268386749002	rnoCirc_002157	hsaCirc_006831
chr11	108434126	108472094	+	mmuCirc_001763	Cep112	CTO:ANNOTATED:CDS:5UTR	5	647	NM_029606	0.0179914506425692	0.0170667097749	0	0.0384588263746862	0.018226776348359	0.0982533341040761	0.117146889840864	0.527715119852844	0.357998288370406	0.258050790416739	1;1;0;2;1;3;4;16;9;9	0	0	2.77131876367156	rnoCirc_002158	
chr11	108434126	108486990	+	mmuCirc_001764	Cep112	CTO:ANNOTATED:CDS:5UTR	7	773	NM_029606	0	0	0	0	0	0.0982533341040761	0	0	0	0	0;0;0;0;0;3;0;0;0;0	0	0	2.56380895521826		
chr11	108498244	108531465	+	mmuCirc_001765	Cep112	CTO:ANNOTATED:CDS	9	968	NM_029606	0.0179914506425692	0.0170667097749	0.0555357632266056	0.0192294131873431	0	0.0327511113680254	0	0.0329821949908028	0.0795551751934235	0.20070617032413	1;1;3;1;0;1;0;1;2;7	0	0	0.775873198944856		
chr11	108518679	108531465	+	mmuCirc_001766	Cep112	CTO:ANNOTATED:CDS	5	518	NM_029606	0	0	0.0370238421510704	0.134605892311402	0.0364535526967181	0.0982533341040761	0.322153947062375	0.0989465849724082	0.198887937983559	0	0;0;2;7;2;3;11;3;5;0	0	0	1.34511842313641	rnoCirc_002162	hsaCirc_006824
chr11	108591004	108606395	+	mmuCirc_001767	Cep112	CTO:ANNOTATED:CDS	2	291	NM_029606	0.0179914506425692	0	0	0	0	0.0327511113680254	0.0585734449204318	0.0329821949908028	0.159110350386847	0	1;0;0;0;0;1;2;1;4;0	0	0	1.75396323054943	rnoCirc_002165	
chr11	108664496	108664726	+	mmuCirc_001768	Cep112	CTO:ANNOTATED:CDS	1	231	NM_029606	0	0.0170667097749	0	0	0	0.0327511113680254	0	0.0989465849724082	0.119332762790135	0.0286723100463043	0;1;0;0;0;1;0;3;3;1	0	0	1.43297665055364		
chr11	108664496	108757819	+	mmuCirc_001769	Cep112	CTO:ANNOTATED:CDS:5UTR	3	444	NM_029606	0.0179914506425692	0.0341334195498	0	0.0192294131873431	0.018226776348359	0.131004445472102	0.117146889840864	0.197893169944816	0.198887937983559	0.20070617032413	1;2;0;1;1;4;4;6;5;7	0	0	2.35743603474293		
chr11	108808650	108809683	+	mmuCirc_001770	Cep112	CTO:ALT_DONOR:CDS	1	1034	NM_029606:NM_145688:NM_029586	0	0	0	0	0.018226776348359	0	0	0.0989465849724082	0.0795551751934235	0	0;0;0;0;1;0;0;3;2;0	0	0	1.31771823902137		
chr11	109011665	109011932	-	mmuCirc_001771		NTO	1	268		0.0179914506425692	0	0	0.0192294131873431	0	0.0655022227360508	0.0585734449204318	0.0329821949908028	0.119332762790135	0.172033860277826	1;0;0;1;0;2;2;1;3;6	0	0	1.92833044763343		
chr11	109597103	109605967	-	mmuCirc_001772	Wipi1	CTO:ANNOTATED:CDS	3	350	NM_145940	0	0.0341334195498	0.0185119210755352	0.134605892311402	0.018226776348359	0.360262225048279	0.263580502141943	0.692626094806858	0.91488451472437	0.344067720555652	0;2;1;7;1;11;9;21;23;12	0	0	3.33912043919475	rnoCirc_002172	hsaCirc_006857
chr11	109603673	109605967	-	mmuCirc_001773	Wipi1	CTO:ANNOTATED:CDS	2	253	NM_145940	0	0	0.0185119210755352	0.0192294131873431	0	0.0655022227360508	0.146433612301079	0.164910974954014	0.357998288370406	0.0286723100463043	0;0;1;1;0;2;5;5;9;1	0	0	2.39355279871732		hsaCirc_006858
chr11	109938439	110031120	-	mmuCirc_001774	Abca8b:Abca8a	ITO:ANNOTATED	1	92682	NM_013851:NM_153145	0.0539743519277075	0.1024002586494	0.0740476843021408	0.0769176527493725	0.0729071053934362	0.0327511113680254	0.0292867224602159	0.0989465849724082	0.0397775875967117	0.114689240185217	3;6;4;4;4;1;1;3;1;4	1	1	-0.324538163817376		
chr11	109971685	109977873	-	mmuCirc_001775	Abca8b	CTO:ANNOTATED:CDS	6	976	NM_013851	0	0.0170667097749	0.0185119210755352	0	0	0.0327511113680254	0	0.164910974954014	0.0397775875967117	0.0286723100463043	0;1;1;0;0;1;0;5;1;1	0	0	1.12704744263568		
chr11	110050896	110065284	-	mmuCirc_001776	Abca8a	CTO:ANNOTATED:CDS	9	1274	NM_153145	0	0	0	0	0.018226776348359	0	0	0	0.119332762790135	0	0;0;0;0;1;0;0;0;3;0	0	0	0.932939542801978		
chr11	110106524	110107584	-	mmuCirc_001777	Abca9	CTO:ANNOTATED:CDS	3	341	NM_147220	0.0179914506425692	0	0.0185119210755352	0	0	0	0.0292867224602159	0.0659643899816055	0.23866552558027	0.0573446200926087	1;0;1;0;0;0;1;2;6;2	0	0	1.43565502835097		
chr11	110230489	110233842	-	mmuCirc_001778	Abca6	CTO:ANNOTATED:CDS	3	376	NM_147218	0	0	0.0185119210755352	0.0192294131873431	0	0.0655022227360508	0.0292867224602159	0.131928779963211	0.119332762790135	0	0;0;1;1;0;2;1;4;3;0	0	0	1.80142650891491		hsaCirc_006862
chr11	110313329	110314665	-	mmuCirc_001779	Abca5	CTO:ANNOTATED:CDS	2	331	NM_147219	0	0	0	0	0	0.0982533341040761	0.0585734449204318	0	0	0	0;0;0;0;0;3;2;0;0;0	0	0	2.26892538477509		
chr11	110326560	110329256	-	mmuCirc_001780	Abca5	CTO:ANNOTATED:CDS:5UTR	3	487	NM_147219	0	0	0	0	0	0.0327511113680254	0.0292867224602159	0.0329821949908028	0	0.258050790416739	0;0;0;0;0;1;1;1;0;9	0	0	1.97579617053591		
chr11	113660943	113661218	+	mmuCirc_001781	Cog1	CTO:ANNOTATED:CDS	2	189	NM_013581	0	0	0	0	0	0	0	0	0.159110350386847	0	0;0;0;0;0;0;0;0;4;0	0	0	3.16277680474228		
chr11	114707336	114711838	+	mmuCirc_001782	Ttyh2	CTO:ANNOTATED:CDS	7	720	NM_053273	0	0	0	0	0	0	0	0	0.159110350386847	0	0;0;0;0;0;0;0;0;4;0	0	0	3.16277680474228		hsaCirc_006872
chr11	114708417	114708861	+	mmuCirc_001783	Ttyh2	CTO:ANNOTATED:CDS	2	186	NM_053273	0	0	0.0370238421510704	0.0384588263746862	0	0	0.0585734449204318	0.164910974954014	0.0397775875967117	0.0573446200926087	0;0;2;2;0;0;2;5;1;2	0	0	1.41368006779018	rnoCirc_002180	
chr11	115925407	115927434	-	mmuCirc_001784	Recql5	CTO:ANNOTATED:CDS	2	218	NM_130454	0	0	0.0185119210755352	0	0.018226776348359	0.0982533341040761	0	0.230875364935619	0.198887937983559	0.086016930138913	0;0;1;0;1;3;0;7;5;3	0	0	2.54779063583192		
chr11	116180943	116183624	-	mmuCirc_001785	Acox1	CTO:ANNOTATED:CDS	3	389	NM_001271898:NM_015729	0	0	0	0	0	0.0982533341040761	0	0.0329821949908028	0.0795551751934235	0.0573446200926087	0;0;0;0;0;3;0;1;2;2	0	0	2.05902845695861		
chr11	116261745	116268387	-	mmuCirc_001786	Srp68	CTO:ANNOTATED:CDS	5	586	NM_146032	0	0	0.0370238421510704	0	0	0	0	0	0.0795551751934235	0.086016930138913	0;0;2;0;0;0;0;0;2;3	0	0	1.07005127713168		
chr11	116262860	116263297	-	mmuCirc_001787	Srp68	CTO:ANNOTATED:CDS	2	193	NM_146032	0.0539743519277075	0	0	0.0192294131873431	0.0546803290450771	0.556768893256432	0.205007057221511	0.296839754917225	0.755774164337523	0.516101580833478	3;0;0;1;3;17;7;9;19;18	0	0	3.51796227573655		
chr11	116265357	116268387	-	mmuCirc_001788	Srp68	CTO:ANNOTATED:CDS	2	310	NM_146032	0	0	0	0	0	0	0.0585734449204318	0.0989465849724082	0	0.0573446200926087	0;0;0;0;0;0;2;3;0;2	0	0	2.16586156855864		
chr11	117141418	117141793	+	mmuCirc_001789	Sec14l1	CTO:ANNOTATED:CDS	2	282	NM_001166506:NM_001166507:NM_028777	0	0.0170667097749	0	0	0.018226776348359	0.0655022227360508	0.0878601673806477	0	0.0397775875967117	0.086016930138913	0;1;0;0;1;2;3;0;1;3	0	0	1.67204300920617		
chr11	117155465	117156353	+	mmuCirc_001790	Sec14l1	CTO:ALT_DONOR:ALT_ACCEPTOR:CDS	1	889	NM_001166506:NM_001166507:NM_028777	0	0	0	0	0	0.0327511113680254	0	0	0.119332762790135	0	0;0;0;0;0;1;0;0;3;0	0	0	2.09983205897444		
chr11	117290398	117291036	+	mmuCirc_001791	Sept9	CTO:ANNOTATED:CDS	1	639	NM_001113486:NM_001113487	0	0	0	0.0192294131873431	0	0.0327511113680254	0.0292867224602159	0	0.119332762790135	0.0286723100463043	0;0;0;1;0;1;1;0;3;1	0	0	1.4530071642412	rnoCirc_002193	hsaCirc_006893
chr11	117700725	117702400	+	mmuCirc_001792	Tnrc6c	CTO:ANNOTATED:CDS:5UTR	2	122	NM_198022	0	0	0.0370238421510704	0	0	0.0982533341040761	0	0	0.119332762790135	0.0286723100463043	0;0;2;0;0;3;0;0;3;1	0	0	1.28395189599456		
chr11	117700725	117714452	+	mmuCirc_001793	Tnrc6c	CTO:ANNOTATED:CDS:5UTR	3	449	NM_198022	0	0	0	0	0	0	0	0.131928779963211	0.119332762790135	0.0573446200926087	0;0;0;0;0;0;0;4;3;2	0	0	2.55902895162389	rnoCirc_002194	hsaCirc_006894
chr11	117752977	117756106	+	mmuCirc_001794	Tnrc6c	CTO:ANNOTATED:CDS	3	504	NM_198022	0	0	0	0	0	0.0327511113680254	0	0	0.119332762790135	0.0286723100463043	0;0;0;0;0;1;0;0;3;1	0	0	1.82758845540999		hsaCirc_006901
chr11	117812459	117813185	+	mmuCirc_001795	Syngr2	CTO:ANNOTATED:CDS	2	378	NM_009304	0	0.0170667097749	0.0185119210755352	0	0	0	0.0292867224602159	0	0.159110350386847	0.143361550231522	0;1;1;0;0;0;1;0;4;5	0	0	1.41463581423822		
chr11	117832345	117832576	+	mmuCirc_001796	Afmid	CTO:ANNOTATED:CDS	2	154	NM_027827	0	0	0	0	0	0	0.0878601673806477	0	0.0397775875967117	0	0;0;0;0;0;0;3;0;1;0	0	0	2.00534747449988		hsaCirc_006903
chr11	118182220	118182913	-	mmuCirc_001797	Cyth1	CTO:ANNOTATED:CDS	2	261	NM_001112700:NM_001112699:NM_011180	0	0	0	0	0	0	0	0.0329821949908028	0.119332762790135	0.0573446200926087	0;0;0;0;0;0;0;1;3;2	0	0	2.05242372925454		