chr11	85029061	85032223	-	mmuCirc_001597	Usp32	CTO:ANNOTATED:CDS	3	312	NM_001029934	0	0	0	0	0	0	0	0.0989465849724082	0.119332762790135	0	0;0;0;0;0;0;0;3;3;0	0	0	2.68635228775458		
chr11	85077265	85083894	-	mmuCirc_001598	Usp32	CTO:ANNOTATED:CDS	3	385	NM_001029934	0	0	0	0	0	0.0655022227360508	0.0878601673806477	0.197893169944816	0.159110350386847	0	0;0;0;0;0;2;3;6;4;0	0	0	2.7838445180073	rnoCirc_001913	
chr11	85077265	85104026	-	mmuCirc_001599	Usp32	CTO:ANNOTATED:CDS	4	513	NM_001029934	0.0359829012851383	0	0	0.0576882395620293	0.018226776348359	0.327511113680254	0.175720334761295	0.164910974954014	0.437553463563829	0.286723100463044	2;0;0;3;1;10;6;5;11;10	0	0	2.93918704711043	rnoCirc_001914	
chr11	85326864	85332375	+	mmuCirc_001600	Ppm1d	CTO:ANNOTATED:CDS	2	354	NM_016910	0.0359829012851383	0.0170667097749	0.0370238421510704	0.0192294131873431	0.0364535526967181	0.360262225048279	0.322153947062375	0.395786339889633	0.636441401547388	0.143361550231522	2;1;2;1;2;11;11;12;16;5	0	0	2.88683641117327		hsaCirc_006768
chr11	85326864	85339796	+	mmuCirc_001601	Ppm1d	CTO:ANNOTATED:CDS	4	788	NM_016910	0	0	0.0185119210755352	0	0	0.0982533341040761	0.0878601673806477	0.0659643899816055	0.159110350386847	0.0286723100463043	0;0;1;0;0;3;3;2;4;1	0	0	2.11984226999292		
chr11	85531793	85559171	+	mmuCirc_001602	Bcas3	CTO:ANNOTATED:CDS	5	588	NM_001166642:NM_001166643:NM_138681	0	0	0.0185119210755352	0.0384588263746862	0	0.0982533341040761	0.0585734449204318	0.0659643899816055	0.0795551751934235	0.114689240185217	0;0;1;2;0;3;2;2;2;4	0	0	1.8431845970897		hsaCirc_006774
chr11	85531793	85576882	+	mmuCirc_001603	Bcas3	CTO:ANNOTATED:CDS	6	689	NM_001166642:NM_001166643:NM_138681	0	0	0	0.0384588263746862	0.018226776348359	0.0655022227360508	0	0.0659643899816055	0.159110350386847	0	0;0;0;2;1;2;0;2;4;0	0	0	1.22011837005599		
chr11	85531793	85583994	+	mmuCirc_001604	Bcas3	CTO:ANNOTATED:CDS	8	984	NM_001166642:NM_001166643:NM_138681	0.0179914506425692	0.0341334195498	0	0.0576882395620293	0.018226776348359	0.262008890944203	0.117146889840864	0.0989465849724082	0.318220700773694	0.20070617032413	1;2;0;3;1;8;4;3;8;7	0	0	2.29140694356112		hsaCirc_006775
chr11	85554190	85583994	+	mmuCirc_001605	Bcas3	CTO:ANNOTATED:CDS	6	788	NM_001166642:NM_001166643:NM_138681	0.0179914506425692	0	0.0185119210755352	0	0	0.229257779576178	0.0292867224602159	0.263857559926422	0.437553463563829	0.114689240185217	1;0;1;0;0;7;1;8;11;4	0	0	2.83286243290407		hsaCirc_006776
chr11	85576782	85583994	+	mmuCirc_001606	Bcas3	CTO:ANNOTATED:CDS	3	396	NM_001166642:NM_001166643:NM_138681	0.0899572532128458	0.0170667097749	0.0185119210755352	0.0192294131873431	0	0.327511113680254	0.351440669522591	0.494732924862041	0.517108638757253	0.258050790416739	5;1;1;1;0;10;12;15;13;9	0	0	3.2595964071888	rnoCirc_001917	hsaCirc_006778
chr11	86278470	86283423	-	mmuCirc_001607	Med13	CTO:ANNOTATED:CDS	4	712	NM_001080931	0.0179914506425692	0.0170667097749	0.0185119210755352	0.0384588263746862	0	0.0327511113680254	0.0292867224602159	0	0.159110350386847	0.086016930138913	1;1;1;2;0;1;1;0;4;3	0	0	0.792175057885844		
chr11	86298280	86308912	-	mmuCirc_001608	Med13	CTO:ANNOTATED:CDS	7	1835	NM_001080931	0	0	0	0.0192294131873431	0	0	0.0878601673806477	0.0329821949908028	0	0.114689240185217	0;0;0;1;0;0;3;1;0;4	0	0	1.40405620764587		hsaCirc_006787
chr11	86303534	86307062	-	mmuCirc_001609	Med13	CTO:ANNOTATED:CDS	2	201	NM_001080931	0	0	0	0	0	0	0.0292867224602159	0.0329821949908028	0.119332762790135	0.0286723100463043	0;0;0;0;0;0;1;1;3;1	0	0	1.69756763427123		
chr11	86345860	86346028	-	mmuCirc_001610	Med13	CTO:ANNOTATED:CDS	1	169	NM_001080931	0.0179914506425692	0.0341334195498	0.0185119210755352	0.0576882395620293	0.018226776348359	0.393013336416305	0.234293779681727	0.626661704825252	0.835329339530947	0.172033860277826	1;2;1;3;1;12;8;19;21;6	0	0	3.10667955147093		
chr11	86532772	86534146	-	mmuCirc_001611	Rps6kb1	CTO:ANNOTATED:CDS	2	190	NM_001114334:NM_028259	0.0179914506425692	0.0341334195498	0.0555357632266056	0.115376479124059	0.109360658090154	0.458515559152355	0.410014114443022	0.296839754917225	0.835329339530947	0.172033860277826	1;2;3;6;6;14;14;9;21;6	0	1	2.38851960612607		hsaCirc_006757
chr11	86532772	86535460	-	mmuCirc_001612	Rps6kb1	CTO:ANNOTATED:CDS	3	240	NM_001114334:NM_028259	0.107948703855415	0.2048005172988	0.111071526453211	0.230752958248117	0.0364535526967181	1.04803556377681	0.907888396266692	1.55016316456773	2.54576560618955	1.08954778175957	6;12;6;12;2;32;31;47;64;38	1	0	3.26818616400855	rnoCirc_001961	hsaCirc_006756
chr11	86548783	86561376	+	mmuCirc_001613	Tubd1	CTO:ANNOTATED:CDS:5UTR	7	1216	NM_001199045:NM_001199046:NM_001199047:NM_019756	0	0	0	0	0	0.0655022227360508	0	0.0329821949908028	0.119332762790135	0	0;0;0;0;0;2;0;1;3;0	0	0	2.10064405605183		
chr11	86661123	86665878	-	mmuCirc_001614	Vmp1	CTO:ANNOTATED:CDS:5UTR	4	440	NM_029478	0	0.0170667097749	0	0	0	0.163755556840127	0.0292867224602159	0.230875364935619	0.119332762790135	0.0573446200926087	0;1;0;0;0;5;1;7;3;2	0	0	2.40229068751944	rnoCirc_001960	hsaCirc_006745
chr11	86730211	86732666	-	mmuCirc_001615	Cltc	CTO:ANNOTATED:CDS	3	450	NM_001003908	0	0	0	0	0	0.0327511113680254	0	0	0.119332762790135	0	0;0;0;0;0;1;0;0;3;0	0	0	2.09983205897444		
chr11	86732505	86733844	-	mmuCirc_001616	Cltc	CTO:ANNOTATED:CDS	2	431	NM_001003908	0	0	0	0.0192294131873431	0	0.163755556840127	0	0.0329821949908028	0.0795551751934235	0.0286723100463043	0;0;0;1;0;5;0;1;2;1	0	0	1.80797134856978		
chr11	87041788	87059560	-	mmuCirc_001617	Gdpd1	CTO:ANNOTATED:CDS	5	525	NM_025638	0	0	0	0	0.018226776348359	0.0327511113680254	0.175720334761295	0.131928779963211	0.278443113176982	0.0573446200926087	0;0;0;0;1;1;6;4;7;2	0	0	2.50626959595178		
chr11	87140485	87143214	+	mmuCirc_001618	Mir8115:Trim37	CTO:ncRNA	2	205	NR_106195:NM_197987	0	0	0	0	0.018226776348359	0	0.0292867224602159	0.0989465849724082	0.0397775875967117	0.0286723100463043	0;0;0;0;1;0;1;3;1;1	0	0	1.45039084342492		
chr11	87143127	87149363	+	mmuCirc_001619	Mir8115:Trim37	CTO:ncRNA	4	403	NR_106195:NM_197987	0	0	0	0	0	0.131004445472102	0.0585734449204318	0.0659643899816055	0	0.0286723100463043	0;0;0;0;0;4;2;2;0;1	0	0	2.06935033476707		
chr11	87146934	87149363	+	mmuCirc_001620	Mir8115:Trim37	CTO:ncRNA	2	192	NR_106195:NM_197987	0.0179914506425692	0.0170667097749	0	0.0384588263746862	0.018226776348359	0.0982533341040761	0.263580502141943	0.197893169944816	0.278443113176982	0.229378480370435	1;1;0;2;1;3;9;6;7;8	0	0	2.61537806420843		
chr11	87184884	87186515	+	mmuCirc_001621	Mir8115:Trim37	CTO:ncRNA	2	356	NR_106195:NM_197987	0	0.0170667097749	0	0.0384588263746862	0	0.163755556840127	0	0.131928779963211	0.159110350386847	0.086016930138913	0;1;0;2;0;5;0;4;4;3	0	0	1.85129877987743		
chr11	87395266	87397757	-	mmuCirc_001622	Rad51c	CTO:ANNOTATED:CDS	2	266	NM_053269:NM_001291440	0	0	0	0	0	0.0327511113680254	0	0	0.159110350386847	0.0286723100463043	0;0;0;0;0;1;0;0;4;1	0	0	1.94835984735689		
chr11	87598863	87601172	+	mmuCirc_001623	Mtmr4	CTO:ANNOTATED:CDS	4	455	NM_133215	0	0	0	0	0.018226776348359	0	0.0585734449204318	0.0659643899816055	0.198887937983559	0.0286723100463043	0;0;0;0;1;0;2;2;5;1	0	0	1.96960480732498	rnoCirc_001944	
chr11	87980007	87980239	-	mmuCirc_001624	Dynll2	CTO:ALT_DONOR:ALT_ACCEPTOR:3UTR	1	233	NM_001168472:NM_026556:NM_001168471	0	0	0	0	0	0.0655022227360508	0	0	0.119332762790135	0	0;0;0;0;0;2;0;0;3;0	0	0	2.44821227701495		
chr11	88049977	88051332	+	mmuCirc_001625	Srsf1	CTO:ALT_DONOR:ALT_ACCEPTOR:3UTR	1	1356	NM_001078167:NM_173374	0.0899572532128458	0.0170667097749	0	0.0576882395620293	0.0729071053934362	0.294760002312228	0.263580502141943	0.263857559926422	0.397775875967117	0.258050790416739	5;1;0;3;4;9;9;8;10;9	0	1	2.45768314953782	rnoCirc_001943	hsaCirc_006732
chr11	88073057	88076374	+	mmuCirc_001626	Vezf1	CTO:ANNOTATED:CDS	3	943	NM_016686	0	0.0170667097749	0.0555357632266056	0	0.018226776348359	0.0982533341040761	0.0292867224602159	0.263857559926422	0	0.0286723100463043	0;1;3;0;1;3;1;8;0;1	0	0	1.30833426003618	rnoCirc_001939	
chr11	88073057	88078555	+	mmuCirc_001627	Vezf1	CTO:ANNOTATED:CDS	4	1096	NM_016686	0	0.0170667097749	0.0185119210755352	0	0	0.0982533341040761	0.0878601673806477	0.164910974954014	0.318220700773694	0.143361550231522	0;1;1;0;0;3;3;5;8;5	0	0	2.69562372832598		
chr11	88169565	88170174	+	mmuCirc_001628	Cuedc1	CTO:ANNOTATED:CDS:5UTR	1	610	NM_198013:NM_001172099	0.0179914506425692	0	0	0.0384588263746862	0.0729071053934362	0.262008890944203	0.117146889840864	0.461750729871238	0.278443113176982	0.143361550231522	1;0;0;2;4;8;4;14;7;5	0	0	2.68520594057568	rnoCirc_001938	
chr11	88849426	88850194	-	mmuCirc_001629	Akap1	INTRONIC	1	769	NM_009648:NR_104310:NM_001042541	0.0179914506425692	0	0	0.0192294131873431	0.018226776348359	0.163755556840127	0.0878601673806477	0.197893169944816	0.318220700773694	0.0573446200926087	1;0;0;1;1;5;3;6;8;2	0	0	2.45507104381004		
chr11	88981069	88982650	+	mmuCirc_001630	Coil	CTO:ANNOTATED:CDS	3	1234	NM_016706	0	0	0	0	0.018226776348359	0	0.0292867224602159	0.0329821949908028	0.159110350386847	0.0286723100463043	0;0;0;0;1;0;1;1;4;1	0	0	1.55450029240699		
chr11	89004729	89016794	+	mmuCirc_001631	Trim25	CTO:ALT_DONOR:CDS:3UTR	8	1384	NM_009546	0	0.0170667097749	0	0.0384588263746862	0	0.0982533341040761	0.0292867224602159	0.0329821949908028	0.0795551751934235	0.114689240185217	0;1;0;2;0;3;1;1;2;4	0	0	1.58000594037884		
chr11	89041448	89049900	-	mmuCirc_001632	Dgke	CTO:ANNOTATED:CDS	5	478	NM_019505	0	0.0170667097749	0.0185119210755352	0	0.018226776348359	0.163755556840127	0.146433612301079	0.494732924862041	0.318220700773694	0.0573446200926087	0;1;1;0;1;5;5;15;8;2	0	0	2.84070487257471		
chr11	89042162	89049900	-	mmuCirc_001633	Dgke	CTO:ANNOTATED:CDS	4	366	NM_019505	0.0179914506425692	0.0170667097749	0.0740476843021408	0.0384588263746862	0.0364535526967181	0.262008890944203	0.205007057221511	0.824554874770069	0.437553463563829	0.315395410509348	1;1;4;2;2;8;7;25;11;11	0	0	2.83993385824395		
chr11	90257520	90267581	+	mmuCirc_001634	Mmd	CTO:ANNOTATED:CDS	5	490	NM_026178	0	0.0170667097749	0	0	0.0729071053934362	0.131004445472102	0.0585734449204318	0.131928779963211	0.23866552558027	0.143361550231522	0;1;0;0;4;4;2;4;6;5	0	0	2.28659673113924	rnoCirc_001962	
chr11	90340787	90345978	-	mmuCirc_001635	Hlf	CTO:ALT_DONOR:CDS	2	409	NM_172563	0.0179914506425692	0	0	0.0384588263746862	0	0.0655022227360508	0.0878601673806477	0.0329821949908028	0.0397775875967117	0.0286723100463043	1;0;0;2;0;2;3;1;1;1	0	0	1.26443401414846	rnoCirc_001965	hsaCirc_006720
chr11	90571722	90594841	-	mmuCirc_001636	Stxbp4	CTO:ANNOTATED:CDS	4	345	NM_011505	0.0359829012851383	0	0	0	0	0.0982533341040761	0.117146889840864	0.131928779963211	0.159110350386847	0.0573446200926087	2;0;0;0;0;3;4;4;4;2	0	0	2.37917474615377		hsaCirc_006716
chr11	93905159	93912458	+	mmuCirc_001637	Mbtd1	CTO:ANNOTATED:CDS:5UTR	4	541	NM_134012	0.143931605140553	0.0512001293247	0.0740476843021408	0.153835305498745	0.0911338817417952	1.11353778651286	0.790741506425829	1.2533234096505	1.78999144185203	0.430084650694565	8;3;4;8;5;34;27;38;45;15	1	1	3.0912213895288		hsaCirc_006709
chr11	93905159	93918947	+	mmuCirc_001638	Mbtd1	CTO:ALT_DONOR:CDS:5UTR	4	7030	NM_134012	0	0	0	0	0	0	0	0	0.159110350386847	0.086016930138913	0;0;0;0;0;0;0;0;4;3	0	0	2.78449978540292		
chr11	93905159	93933958	+	mmuCirc_001639	Mbtd1	CTO:ANNOTATED:CDS:5UTR	14	1823	NM_134012	0	0	0	0	0	0.196506668208152	0	0.131928779963211	0.159110350386847	0.114689240185217	0;0;0;0;0;6;0;4;4;4	0	0	3.06900058475614		
chr11	93905163	93912458	+	mmuCirc_001640	Mbtd1	CTO:ALT_ACCEPTOR:CDS:5UTR	4	537	NM_134012	0.0179914506425692	0.0170667097749	0.0370238421510704	0	0.0546803290450771	0.327511113680254	0.146433612301079	0.428768534880436	0.795551751934235	0.401412340648261	1;1;2;0;3;10;5;13;20;14	0	0	3.23650690789889		
chr11	93908804	93910406	+	mmuCirc_001641	Mbtd1	CTO:ANNOTATED:CDS	2	258	NM_134012	0	0	0	0	0	0.0327511113680254	0	0.0329821949908028	0.119332762790135	0.0286723100463043	0;0;0;0;0;1;0;1;3;1	0	0	1.72206824508889		
chr11	94013623	94048558	+	mmuCirc_001642	Spag9	CTO:ANNOTATED:CDS:5UTR	4	438	NM_001199203:NM_001199204:NM_027569	0.0179914506425692	0	0.0185119210755352	0.0384588263746862	0.018226776348359	0.0655022227360508	0	0.0659643899816055	0.119332762790135	0	1;0;1;2;1;2;0;2;3;0	0	0	0.661794853498775	rnoCirc_001974	hsaCirc_006705
chr11	94024917	94048558	+	mmuCirc_001643	Spag9	CTO:ALT_ACCEPTOR:CDS:5UTR	3	12000	NM_001199203:NM_001199204:NM_027569	0	0.0170667097749	0.0185119210755352	0	0.018226776348359	0.0327511113680254	0.0585734449204318	0.164910974954014	0.318220700773694	0.143361550231522	0;1;1;0;1;1;2;5;8;5	0	0	2.1843758347651	rnoCirc_001975	
chr11	94036600	94048558	+	mmuCirc_001644	Spag9	CTO:ANNOTATED:CDS:5UTR	3	317	NM_001199203:NM_001199204:NM_027569	0	0	0.0185119210755352	0.0961470659367156	0.018226776348359	0.327511113680254	0.527161004283886	0.36280414489883	0.517108638757253	0.372740030601957	0;0;1;5;1;10;18;11;13;13	0	0	3.55525811969226	rnoCirc_001976	hsaCirc_006704
chr11	94043572	94048558	+	mmuCirc_001645	Spag9	CTO:ANNOTATED:CDS:5UTR	2	246	NM_001199203:NM_001199204:NM_027569	0	0.0341334195498	0.0370238421510704	0.0384588263746862	0	0.0655022227360508	0.0585734449204318	0.230875364935619	0.119332762790135	0.114689240185217	0;2;2;2;0;2;2;7;3;4	0	0	1.75508446673942	rnoCirc_001977	
chr11	94067893	94071686	+	mmuCirc_001646	Spag9	CTO:ANNOTATED:CDS	3	430	NM_001199203:NM_001199204:NM_027569:NM_001025428:NM_001025429:NM_001025430:NM_001199205	0.0359829012851383	0	0	0.0384588263746862	0	0.131004445472102	0.146433612301079	0.0659643899816055	0.159110350386847	0	2;0;0;2;0;4;5;2;4;0	0	0	2.05187571967145		hsaCirc_006701
chr11	94097218	94099152	+	mmuCirc_001647	Spag9	CTO:ANNOTATED:CDS	3	541	NM_001199203:NM_001199204:NM_027569:NM_001025428:NM_001025429:NM_001025430:NM_001199205	0	0	0.0185119210755352	0	0.018226776348359	0.0655022227360508	0.0292867224602159	0	0.159110350386847	0.0286723100463043	0;0;1;0;1;2;1;0;4;1	0	0	1.19263007805838		
chr11	94097218	94108626	+	mmuCirc_001648	Spag9	CTO:ANNOTATED:CDS	7	1011	NM_001199203:NM_001199204:NM_027569:NM_001025428:NM_001025429:NM_001025430:NM_001199205	0	0	0	0	0	0.0327511113680254	0	0.0329821949908028	0.0795551751934235	0.143361550231522	0;0;0;0;0;1;0;1;2;5	0	0	2.03755049344227	rnoCirc_001979	
chr11	94301505	94309691	-	mmuCirc_001649	Luc7l3	CTO:ANNOTATED:CDS	4	327	NM_026313	0	0	0	0	0	0	0	0.296839754917225	0.0795551751934235	0.229378480370435	0;0;0;0;0;0;0;9;2;8	0	0	3.31381428197976		hsaCirc_006694
chr11	94303842	94309691	-	mmuCirc_001650	Luc7l3	CTO:ANNOTATED:CDS	3	252	NM_026313	0	0	0	0	0.018226776348359	0	0.0585734449204318	0.0989465849724082	0	0	0;0;0;0;1;0;2;3;0;0	0	0	1.20390007254728		
chr11	94333901	94338521	+	mmuCirc_001651	Ankrd40	CTO:ANNOTATED:CDS	3	811	NM_146024:NM_027799	0	0	0	0	0.018226776348359	0.0327511113680254	0	0	0.119332762790135	0.0286723100463043	0;0;0;0;1;1;0;0;3;1	0	0	1.51606060764411		
chr11	94333901	94339733	+	mmuCirc_001652	Ankrd40	CTO:ALT_DONOR:CDS:3UTR	4	992	NM_027799	0.0179914506425692	0.0170667097749	0	0	0.018226776348359	0.229257779576178	0	0.164910974954014	0.159110350386847	0.0573446200926087	1;1;0;0;1;7;0;5;4;2	0	0	1.84240418482168		
chr11	95286330	95294645	-	mmuCirc_001653	Kat7	CTO:ANNOTATED:CDS	4	383	NM_001195003:NM_001195004:NM_177619	0	0.0170667097749	0	0	0	0.0327511113680254	0.0878601673806477	0.0989465849724082	0.119332762790135	0.086016930138913	0;1;0;0;0;1;3;3;3;3	0	0	2.14381900864368		
chr11	95289772	95294645	-	mmuCirc_001654	Kat7	CTO:ANNOTATED:CDS	3	272	NM_001195003:NM_001195004:NM_177619	0.0179914506425692	0	0.0555357632266056	0	0	0.131004445472102	0.146433612301079	0.0989465849724082	0.23866552558027	0.0573446200926087	1;0;3;0;0;4;5;3;6;2	0	0	2.26942362875853		
chr11	95289772	95300218	-	mmuCirc_001655	Kat7	CTO:ANNOTATED:CDS	4	512	NM_001195003:NM_001195004:NM_177619	0	0	0	0	0	0.0327511113680254	0	0.131928779963211	0.0397775875967117	0.0573446200926087	0;0;0;0;0;1;0;4;1;2	0	0	1.96385759783735		
chr11	95474231	95485959	+	mmuCirc_001656	Spop	CTO:ANNOTATED:CDS	5	637	NM_025287	0	0	0	0	0	0	0	0.0989465849724082	0	0	0;0;0;0;0;0;0;3;0;0	0	0	2.57224194660756		
chr11	96770639	96773222	-	mmuCirc_001657	Snx11	CTO:ANNOTATED:CDS	4	497	NM_001163389:NM_028965	0	0	0	0	0	0.0655022227360508	0.117146889840864	0.0989465849724082	0.0795551751934235	0.0573446200926087	0;0;0;0;0;2;4;3;2;2	0	0	2.34253022616866		
chr11	97222951	97238258	-	mmuCirc_001658	Npepps	CTO:ANNOTATED:CDS	8	1000	NM_008942	0	0	0.0185119210755352	0	0	0.131004445472102	0.0292867224602159	0.0989465849724082	0.0397775875967117	0.0286723100463043	0;0;1;0;0;4;1;3;1;1	0	0	1.74147218874396		
chr11	97229830	97238258	-	mmuCirc_001659	Npepps	CTO:ANNOTATED:CDS	5	505	NM_008942	0	0	0.0370238421510704	0	0	0.163755556840127	0.0878601673806477	0.0329821949908028	0.159110350386847	0.114689240185217	0;0;2;0;0;5;3;1;4;4	0	0	2.28781762302098	rnoCirc_002001	
chr11	97231889	97238258	-	mmuCirc_001660	Npepps	CTO:ANNOTATED:CDS	4	441	NM_008942	0.0179914506425692	0	0.0370238421510704	0	0	0.229257779576178	0.0585734449204318	0.131928779963211	0.23866552558027	0.0573446200926087	1;0;2;0;0;7;2;4;6;2	0	0	2.34920170043715	rnoCirc_002002	
chr11	97248202	97258351	-	mmuCirc_001661	Npepps	CTO:ANNOTATED:CDS	2	200	NM_008942	0	0	0	0	0	0	0	0	0.119332762790135	0	0;0;0;0;0;0;0;0;3;0	0	0	2.80046262890159		
chr11	97323851	97324339	+	mmuCirc_001662	Mrpl45	CTO:ALT_DONOR:CDS	1	489	NM_025927	0	0	0	0	0	0.0327511113680254	0.0878601673806477	0.0659643899816055	0	0	0;0;0;0;0;1;3;2;0;0	0	0	1.97801030703635		
chr11	97376437	97377686	+	mmuCirc_001663	Socs7	CTO:ALT_DONOR:CDS	2	795	NM_138657	0.0179914506425692	0	0	0.0192294131873431	0	0.0327511113680254	0.0585734449204318	0.164910974954014	0	0.0286723100463043	1;0;0;1;0;1;2;5;0;1	0	0	1.19349858929904	rnoCirc_002008	hsaCirc_006576