chr12	4961218	4978588	+	mmuCirc_001865	Atad2b	CTO:ALT_DONOR:CDS	4	4961	NM_001099628	0	0	0.0185119210755352	0.0576882395620293	0.018226776348359	0.262008890944203	0.117146889840864	0.0989465849724082	0.159110350386847	0.143361550231522	0;0;1;3;1;8;4;3;4;5	0	0	2.30454983947452		
chr12	4961218	5006791	+	mmuCirc_001866	Atad2b	CTO:ANNOTATED:CDS	10	1170	NM_001099628	0.0899572532128458	0.0341334195498	0	0.0192294131873431	0.0546803290450771	0.491266670520381	0.146433612301079	0.527715119852844	0.437553463563829	0.315395410509348	5;2;0;1;3;15;5;16;11;11	0	0	2.86476756566911		
chr12	4973968	4978588	+	mmuCirc_001867	Atad2b	CTO:ALT_DONOR:CDS	1	4621	NM_001099628	0	0	0.0185119210755352	0	0.0364535526967181	0.196506668208152	0	0.0329821949908028	0.23866552558027	0	0;0;1;0;2;6;0;1;6;0	0	0	1.52312339641941		hsaCirc_007818
chr12	4973968	4991058	+	mmuCirc_001868	Atad2b	CTO:ANNOTATED:CDS	6	644	NM_001099628	0	0.0170667097749	0.0185119210755352	0	0	0.0982533341040761	0.0292867224602159	0.0659643899816055	0.0397775875967117	0	0;1;1;0;0;3;1;2;1;0	0	0	1.42823067157823		hsaCirc_007815
chr12	8698091	8700222	+	mmuCirc_001869	Pum2	CTO:ANNOTATED:CDS:5UTR	3	268	NM_001160221:NM_001160222:NM_001160219:NM_001160220:NR_027670:NM_030723	0	0	0	0	0	0	0	0.0989465849724082	0.0397775875967117	0.0573446200926087	0;0;0;0;0;0;0;3;1;2	0	0	2.03438252255868		
chr12	8698091	8706041	+	mmuCirc_001870	Pum2	CTO:ANNOTATED:CDS:5UTR	4	377	NM_001160221:NM_001160222:NM_001160219:NM_001160220:NR_027670:NM_030723	0.0899572532128458	0.0170667097749	0.0740476843021408	0.0576882395620293	0.109360658090154	0.687773338728533	0.380727391982807	0.626661704825252	0.954662102321082	0.573446200926087	5;1;4;3;6;21;13;19;24;20	0	1	2.94983380153945		
chr12	8698091	8713937	+	mmuCirc_001871	Pum2	CTO:ANNOTATED:CDS:5UTR	8	1097	NM_001160221:NM_001160222:NM_001160219:NM_001160220:NR_027670:NM_030723	0	0	0	0	0.018226776348359	0	0.0585734449204318	0.0989465849724082	0.198887937983559	0	0;0;0;0;1;0;2;3;5;0	0	0	1.76595519205808	rnoCirc_010327	hsaCirc_007807
chr12	8698091	8733509	+	mmuCirc_001872	Pum2	CTO:ANNOTATED:CDS:5UTR	14	2174	NM_001160221:NM_001160222:NM_001160219:NM_001160220:NR_027670:NM_030723	0	0.0170667097749	0	0	0	0	0	0.0989465849724082	0	0.0573446200926087	0;1;0;0;0;0;0;3;0;2	0	0	1.21113961042489		hsaCirc_007803
chr12	8728856	8729149	+	mmuCirc_001873	Pum2	CTO:ANNOTATED:CDS	1	294	NM_001160221:NM_001160222:NM_001160219:NM_001160220:NR_027670:NM_030723	0	0	0	0.0192294131873431	0	0	0	0.0989465849724082	0	0	0;0;0;1;0;0;0;3;0;0	0	0	0.800153095782892		
chr12	9038082	9038434	+	mmuCirc_001874		NTO	1	353		0	0.0170667097749	0.0185119210755352	0.0576882395620293	0.0546803290450771	0.0327511113680254	0	0.164910974954014	0.119332762790135	0.114689240185217	0;1;1;3;3;1;0;5;3;4	0	1	0.89322642240157		
chr12	9100566	9101636	+	mmuCirc_001875		NTO	1	1071		0.0179914506425692	0	0.0185119210755352	0	0	0	0.146433612301079	0.0329821949908028	0.0397775875967117	0.0286723100463043	1;0;1;0;0;0;5;1;1;1	0	0	1.0908217134721		
chr12	11273994	11280402	+	mmuCirc_001876	Smc6	CTO:ANNOTATED:CDS	4	423	NM_025695	0	0	0.0185119210755352	0.0576882395620293	0	0.0655022227360508	0.117146889840864	0.0659643899816055	0.0397775875967117	0.114689240185217	0;0;1;3;0;2;4;2;1;4	0	0	1.68110342996689		
chr12	11279605	11280402	+	mmuCirc_001877	Smc6	CTO:ANNOTATED:CDS	2	199	NM_025695	0	0.0170667097749	0	0.0384588263746862	0.018226776348359	0.327511113680254	0.0878601673806477	0.36280414489883	0.278443113176982	0.315395410509348	0;1;0;2;1;10;3;11;7;11	0	0	3.08073173229347		
chr12	13285183	13310304	+	mmuCirc_001878	Nbas	CTO:ANNOTATED:CDS	6	704	NM_027706	0	0.0170667097749	0.0185119210755352	0	0	0	0	0.0329821949908028	0.119332762790135	0.0573446200926087	0;1;1;0;0;0;0;1;3;2	0	0	1.08046050933888		
chr12	13300093	13310304	+	mmuCirc_001879	Nbas	CTO:ANNOTATED:CDS	3	337	NM_027706	0	0	0	0	0	0	0	0	0.198887937983559	0	0;0;0;0;0;0;0;0;5;0	0	0	3.45212055059048		hsaCirc_007794
chr12	13352783	13362615	+	mmuCirc_001880	Nbas	CTO:ANNOTATED:CDS	4	598	NM_027706	0	0	0	0	0	0	0	0.0989465849724082	0	0.0286723100463043	0;0;0;0;0;0;0;3;0;1	0	0	1.92767159744432		
chr12	13374696	13379769	+	mmuCirc_001881	Nbas	CTO:ANNOTATED:CDS	3	320	NM_027706	0	0	0	0.0384588263746862	0	0.0327511113680254	0.0585734449204318	0	0.198887937983559	0.0286723100463043	0;0;0;2;0;1;2;0;5;1	0	0	1.64026105912693		hsaCirc_007781
chr12	13390925	13393532	+	mmuCirc_001882	Nbas	CTO:ANNOTATED:CDS	2	333	NM_027706	0	0	0	0.0384588263746862	0	0.0327511113680254	0.0292867224602159	0.0329821949908028	0.119332762790135	0.0286723100463043	0;0;0;2;0;1;1;1;3;1	0	0	1.32841023207782		
chr12	13405374	13415731	+	mmuCirc_001883	Nbas	CTO:ANNOTATED:CDS	5	586	NM_027706	0	0	0.0185119210755352	0	0.018226776348359	0	0.0292867224602159	0.0659643899816055	0.159110350386847	0.086016930138913	0;0;1;0;1;0;1;2;4;3	0	0	1.77351228558503	rnoCirc_010335	
chr12	13432897	13441946	+	mmuCirc_001884	Nbas	CTO:ANNOTATED:CDS	3	364	NM_027706	0	0	0.0185119210755352	0	0	0.131004445472102	0.0585734449204318	0.164910974954014	0.119332762790135	0.0573446200926087	0;0;1;0;0;4;2;5;3;2	0	0	2.38115567292369		hsaCirc_007772
chr12	13453053	13484044	+	mmuCirc_001885	Nbas	CTO:ANNOTATED:CDS	6	1142	NM_027706	0	0.0170667097749	0	0	0	0.0982533341040761	0.0292867224602159	0.0659643899816055	0.23866552558027	0.086016930138913	0;1;0;0;0;3;1;2;6;3	0	0	2.23557234972382		
chr12	13469841	13484044	+	mmuCirc_001886	Nbas	CTO:ANNOTATED:CDS	4	927	NM_027706	0	0	0.0370238421510704	0	0	0.131004445472102	0.146433612301079	0.230875364935619	0.23866552558027	0.258050790416739	0;0;2;0;0;4;5;7;6;9	0	0	3.12020402163406		
chr12	13469841	13534575	+	mmuCirc_001887	Nbas	CTO:ANNOTATED:CDS	8	1635	NM_027706	0	0	0	0	0	0	0	0.0989465849724082	0	0	0;0;0;0;0;0;0;3;0;0	0	0	2.57224194660756		
chr12	13474127	13484044	+	mmuCirc_001888	Nbas	CTO:ANNOTATED:CDS	3	697	NM_027706	0	0	0	0	0	0	0.0292867224602159	0.0659643899816055	0.119332762790135	0	0;0;0;0;0;0;1;2;3;0	0	0	2.06846694469076		
chr12	13482386	13484044	+	mmuCirc_001889	Nbas	CTO:ANNOTATED:CDS	2	586	NM_027706	0.0179914506425692	0.0341334195498	0.0370238421510704	0.134605892311402	0.0546803290450771	0.687773338728533	0.410014114443022	0.857537069760872	1.39221556588491	0.688135441111304	1;2;2;7;3;21;14;26;35;24	0	1	3.5179348925076		
chr12	13558612	13566257	+	mmuCirc_001890	Nbas	CTO:ANNOTATED:CDS	3	408	NM_027706	0	0	0	0.0192294131873431	0	0.131004445472102	0.0292867224602159	0.0329821949908028	0.159110350386847	0.0286723100463043	0;0;0;1;0;4;1;1;4;1	0	0	1.81943361498901	rnoCirc_010340	
chr12	16003772	16007242	-	mmuCirc_001891		NTO	1	3471		0.0179914506425692	0	0.0370238421510704	0	0	0.196506668208152	0.0878601673806477	0.230875364935619	0.0397775875967117	0	1;0;2;0;0;6;3;7;1;0	0	0	2.16467333995904		
chr12	16553949	16561051	-	mmuCirc_001892	Lpin1	CTO:ANNOTATED:CDS	3	243	NM_001130412:NM_015763:NM_172950	0	0	0	0	0	0.0327511113680254	0.0292867224602159	0.0989465849724082	0.0397775875967117	0.086016930138913	0;0;0;0;0;1;1;3;1;3	0	0	1.85169398476542		
chr12	16558409	16563812	-	mmuCirc_001893	Lpin1	CTO:ANNOTATED:CDS	4	448	NM_001130412:NM_015763:NM_172950	0	0	0	0.0192294131873431	0	0.0982533341040761	0.0585734449204318	0	0.0397775875967117	0	0;0;0;1;0;3;2;0;1;0	0	0	1.71517323028015		
chr12	16560982	16568519	-	mmuCirc_001894	Lpin1	CTO:ANNOTATED:CDS	6	886	NM_001130412:NM_015763:NM_172950	0	0	0	0	0.0364535526967181	0.131004445472102	0.0292867224602159	0.230875364935619	0.198887937983559	0.114689240185217	0;0;0;0;2;4;1;7;5;4	0	0	2.51464718855807	rnoCirc_010345	
chr12	16755310	16757239	-	mmuCirc_001895	Greb1	CTO:ALT_DONOR:5UTR	1	1930	NM_001252071:NM_015764	0	0	0	0	0	0	0	0	0.159110350386847	0	0;0;0;0;0;0;0;0;4;0	0	0	3.16277680474228		
chr12	16926939	16929034	+	mmuCirc_001896	Rock2	CTO:ANNOTATED:CDS	2	183	NM_009072	0	0.0170667097749	0	0	0	0.0982533341040761	0.0292867224602159	0.0329821949908028	0.159110350386847	0.086016930138913	0;1;0;0;0;3;1;1;4;3	0	0	1.9898782251714	rnoCirc_010350	hsaCirc_007763
chr12	16968211	16968766	+	mmuCirc_001897	Rock2	CTO:ANNOTATED:CDS	2	291	NM_009072	0	0	0	0.0384588263746862	0	0.0982533341040761	0.175720334761295	0	0	0.258050790416739	0;0;0;2;0;3;6;0;0;9	0	0	2.02609659325927		
chr12	16977542	16978102	+	mmuCirc_001898	Rock2	CTO:ANNOTATED:CDS	2	476	NM_009072	0	0	0	0	0.018226776348359	0.0982533341040761	0.0292867224602159	0.0329821949908028	0.0795551751934235	0.0286723100463043	0;0;0;0;1;3;1;1;2;1	0	0	1.58690592677162		
chr12	17368309	17379300	+	mmuCirc_001899	Nol10	CTO:ANNOTATED:CDS	4	349	NM_001008421	0	0	0	0	0	0	0	0.0329821949908028	0.159110350386847	0.0286723100463043	0;0;0;0;0;0;0;1;4;1	0	0	1.95046188904965		
chr12	17402073	17406896	+	mmuCirc_001900	Nol10	CTO:ANNOTATED:CDS	4	396	NM_001008421	0	0	0	0	0	0.163755556840127	0	0.0659643899816055	0.119332762790135	0	0;0;0;0;0;5;0;2;3;0	0	0	2.70130592048523		hsaCirc_007751
chr12	17889677	17901047	+	mmuCirc_001901		NTO	1	11371		0	0	0	0	0	0	0	0.0329821949908028	0.119332762790135	0.086016930138913	0;0;0;0;0;0;0;1;3;3	0	0	2.20406433636358		
chr12	21168204	21185243	+	mmuCirc_001902	Asap2	CTO:ANNOTATED:CDS	2	219	NM_001004364:NM_001098168:NM_001135192	0	0	0	0	0	0.0982533341040761	0.0878601673806477	0.0659643899816055	0.278443113176982	0	0;0;0;0;0;3;3;2;7;0	0	0	2.74950561123785	rnoCirc_010378	
chr12	21203960	21206388	+	mmuCirc_001903	Asap2	CTO:ANNOTATED:CDS	2	216	NM_001004364:NM_001098168:NM_001135192	0.0539743519277075	0	0.0370238421510704	0.0769176527493725	0.0364535526967181	0.294760002312228	0.263580502141943	0.36280414489883	0.596663813950676	0.286723100463044	3;0;2;4;2;9;9;11;15;10	0	0	2.7546528536119		
chr12	21203960	21213225	+	mmuCirc_001904	Asap2	CTO:ANNOTATED:CDS	4	379	NM_001004364:NM_001098168:NM_001135192	0	0	0	0	0	0	0	0.131928779963211	0.0795551751934235	0.0286723100463043	0;0;0;0;0;0;0;4;2;1	0	0	2.17464028108964		
chr12	21212809	21213225	+	mmuCirc_001905	Asap2	CTO:ANNOTATED:CDS	2	163	NM_001004364:NM_001098168:NM_001135192	0	0	0	0	0	0	0	0.0329821949908028	0.119332762790135	0	0;0;0;0;0;0;0;1;3;0	0	0	2.10298512151359		hsaCirc_007736
chr12	21212809	21218257	+	mmuCirc_001906	Asap2	CTO:ANNOTATED:CDS	5	346	NM_001004364:NM_001098168:NM_001135192	0	0	0	0	0.0364535526967181	0.0655022227360508	0.0585734449204318	0.0659643899816055	0.198887937983559	0.086016930138913	0;0;0;0;2;2;2;2;5;3	0	0	2.10700436818931		
chr12	21212809	21224392	+	mmuCirc_001907	Asap2	CTO:ANNOTATED:CDS	6	434	NM_001004364:NM_001098168:NM_001135192	0	0	0	0	0	0.196506668208152	0.0585734449204318	0.197893169944816	0.119332762790135	0	0;0;0;0;0;6;2;6;3;0	0	0	2.91409826673527	rnoCirc_010382	
chr12	21212809	21230956	+	mmuCirc_001908	Asap2	CTO:ANNOTATED:CDS	9	784	NM_001004364:NM_001098168:NM_001135192	0	0	0.0185119210755352	0	0	0.131004445472102	0	0	0	0	0;0;1;0;0;4;0;0;0;0	0	0	0.985607013361228	rnoCirc_010383	
chr12	21217975	21230956	+	mmuCirc_001909	Asap2	CTO:ANNOTATED:CDS	6	612	NM_001004364:NM_001098168:NM_001135192	0.125940154497984	0.0341334195498	0.0370238421510704	0.0192294131873431	0.0546803290450771	0.327511113680254	0.234293779681727	0.461750729871238	0.517108638757253	0.258050790416739	7;2;2;1;3;10;8;14;13;9	0	0	2.4467982374418	rnoCirc_010384	hsaCirc_007738
chr12	21217975	21239649	+	mmuCirc_001910	Asap2	CTO:ANNOTATED:CDS	7	707	NM_001004364:NM_001098168:NM_001135192	0	0	0.0185119210755352	0.0192294131873431	0	0.0982533341040761	0.0585734449204318	0	0.0397775875967117	0.0286723100463043	0;0;1;1;0;3;2;0;1;1	0	0	1.09666316975655		hsaCirc_007739
chr12	21224305	21230956	+	mmuCirc_001911	Asap2	CTO:ANNOTATED:CDS	4	438	NM_001004364:NM_001098168:NM_001135192	0.0179914506425692	0	0	0.0384588263746862	0.018226776348359	0.131004445472102	0.0878601673806477	0.131928779963211	0.517108638757253	0.258050790416739	1;0;0;2;1;4;3;4;13;9	0	0	2.68193440313552		hsaCirc_007740
chr12	21229239	21230956	+	mmuCirc_001912	Asap2	CTO:ANNOTATED:CDS	3	350	NM_001004364:NM_001098168:NM_001135192	0	0	0	0	0	0.0327511113680254	0	0	0.119332762790135	0.0286723100463043	0;0;0;0;0;1;0;0;3;1	0	0	1.82758845540999	rnoCirc_010386	hsaCirc_007742
chr12	21328045	21334153	-	mmuCirc_001913	Adam17	CTO:ANNOTATED:CDS	6	761	NM_001277266:NM_001291871:NM_009615:NR_102380:NR_120376	0	0	0	0	0	0.0327511113680254	0	0.0659643899816055	0.119332762790135	0	0;0;0;0;0;1;0;2;3;0	0	0	2.10113442578098		
chr12	21328045	21342977	-	mmuCirc_001914	Adam17	CTO:ANNOTATED:CDS	10	1262	NM_001277266:NM_001291871:NM_009615:NR_102380:NR_120376	0.0359829012851383	0	0.0185119210755352	0	0	0.196506668208152	0	0.0989465849724082	0.0397775875967117	0.0286723100463043	2;0;1;0;0;6;0;3;1;1	0	0	1.61024901982999		
chr12	21329054	21332210	-	mmuCirc_001915	Adam17	CTO:ANNOTATED:CDS	3	368	NM_001277266:NM_001291871:NM_009615:NR_102380:NR_120376	0.0179914506425692	0	0	0	0	0	0.0878601673806477	0.0989465849724082	0.0795551751934235	0	1;0;0;0;0;0;3;3;2;0	0	0	1.59828843324502		
chr12	24854879	24882794	+	mmuCirc_001916	Mboat2	CTO:ALT_ACCEPTOR:CDS	2	23536	NM_001083341:NM_026037	0	0	0.0555357632266056	0.0192294131873431	0	0.262008890944203	0.117146889840864	0.131928779963211	0.278443113176982	0.143361550231522	0;0;3;1;0;8;4;4;7;5	0	0	2.71218540356867		
chr12	24878191	24882794	+	mmuCirc_001917	Mboat2	CTO:ANNOTATED:CDS	2	224	NM_001083341:NM_026037	0.305854660923676	0.2901340661733	0.296190737208563	0.538423569245607	0.291628421573745	4.29039558921133	4.21728803427109	5.14522241856523	9.46706584801739	2.86723100463044	17;17;16;28;16;131;144;156;238;100	1	1	3.76519570745253	rnoCirc_010392	hsaCirc_007732
chr12	24878191	24924294	+	mmuCirc_001918	Mboat2	CTO:ANNOTATED:CDS	3	320	NM_001083341:NM_026037	0.0899572532128458	0.0341334195498	0.185119210755352	0.192294131873431	0.127587434438513	2.09607112755362	0.99574856364734	1.81402072449415	3.22198459533365	1.3475985721763	5;2;10;10;7;64;34;55;81;47	0	1	3.76029454226703	rnoCirc_010394	hsaCirc_007729
chr12	24878191	24934622	+	mmuCirc_001919	Mboat2	CTO:ANNOTATED:CDS	4	376	NM_001083341:NM_026037	0.0899572532128458	0.0341334195498	0.111071526453211	0.0384588263746862	0.018226776348359	0.524017781888406	0.117146889840864	0.230875364935619	0.6762189891441	0.20070617032413	5;2;6;2;1;16;4;7;17;7	0	0	2.1375955833399	rnoCirc_010395	hsaCirc_007728
chr12	24878191	24957724	+	mmuCirc_001920	Mboat2	CTO:ANNOTATED:CDS	11	1259	NM_001083341:NM_026037	0	0	0	0	0	0	0	0	0.119332762790135	0	0;0;0;0;0;0;0;0;3;0	0	0	2.80046262890159		
chr12	24994812	24997330	+	mmuCirc_001921	Kidins220	CTO:ANNOTATED:CDS	2	297	NM_001081378	0.0539743519277075	0.0341334195498	0.0555357632266056	0.0961470659367156	0.0364535526967181	0.687773338728533	0.556447726744102	0.857537069760872	1.07399486511122	0.401412340648261	3;2;3;5;2;21;19;26;27;14	0	0	3.2689389305044		
chr12	25013297	25017052	+	mmuCirc_001922	Kidins220	CTO:ANNOTATED:CDS	2	308	NM_001081378	0	0	0.0555357632266056	0.0192294131873431	0	0.0655022227360508	0.117146889840864	0.230875364935619	0.198887937983559	0.0573446200926087	0;0;3;1;0;2;4;7;5;2	0	0	2.20736734106261		hsaCirc_007723
chr12	25051095	25054034	+	mmuCirc_001923	Kidins220	CTO:ANNOTATED:CDS	3	468	NM_001081378	0	0	0	0.0192294131873431	0	0.131004445472102	0.146433612301079	0.296839754917225	0.159110350386847	0.086016930138913	0;0;0;1;0;4;5;9;4;3	0	0	2.91122786262977		
chr12	25051095	25056662	+	mmuCirc_001924	Kidins220	CTO:ALT_DONOR:CDS	4	549	NM_001081378	0	0	0	0.0192294131873431	0	0	0	0	0.198887937983559	0	0;0;0;1;0;0;0;0;5;0	0	0	2.4801847955487		
chr12	28652025	28655684	+	mmuCirc_001925	Rnaseh1	CTO:ANNOTATED:CDS	3	378	NM_001286865:NM_011275:NR_104608	0	0	0	0	0	0	0.0292867224602159	0.0659643899816055	0	0.086016930138913	0;0;0;0;0;0;1;2;0;3	0	0	1.93705365707808		
chr12	28859252	28867153	+	mmuCirc_001926	Tssc1	CTO:ALT_DONOR:CDS:3UTR	4	703	NM_201357	0.0179914506425692	0	0	0.0961470659367156	0.0729071053934362	0.163755556840127	0.0585734449204318	0.0659643899816055	0.23866552558027	0.172033860277826	1;0;0;5;4;5;2;2;6;6	0	1	1.71089141984534		
chr12	29973993	29975562	+	mmuCirc_001927	Pxdn	CTO:ANNOTATED:CDS	2	144	NM_181395	0.0539743519277075	0.0512001293247	0.0370238421510704	0.0576882395620293	0	0.42576444778433	0.292867224602159	0.626661704825252	1.07399486511122	0.372740030601957	3;3;2;3;0;13;10;19;27;13	0	0	3.2682851950024	rnoCirc_010360	
chr12	31617075	31626876	-	mmuCirc_001928	Bcap29	CTO:ANNOTATED:CDS	3	393	NM_007530:NM_001164090	0	0.0170667097749	0.0185119210755352	0	0	0.196506668208152	0.0878601673806477	0.263857559926422	0.159110350386847	0.0286723100463043	0;1;1;0;0;6;3;8;4;1	0	0	2.46099479790887		
chr12	31624115	31630893	-	mmuCirc_001929	Bcap29	CTO:ANNOTATED:CDS	3	388	NM_007530:NM_001164090	0.0359829012851383	0	0.0185119210755352	0.0384588263746862	0	0.0982533341040761	0.146433612301079	0.527715119852844	0.278443113176982	0.229378480370435	2;0;1;2;0;3;5;16;7;8	0	0	2.79159491855537		
chr12	31669770	31685773	+	mmuCirc_001930	Cog5	CTO:ANNOTATED:CDS	3	246	NM_001163126	0	0	0	0	0	0.0982533341040761	0	0	0.0397775875967117	0	0;0;0;0;0;3;0;0;1;0	0	0	2.07170681577516	rnoCirc_010367	
chr12	31760847	31802483	+	mmuCirc_001931	Cog5	CTO:ANNOTATED:CDS	4	488	NM_001163126	0	0	0.0555357632266056	0	0.018226776348359	0.163755556840127	0	0.197893169944816	0.119332762790135	0.0286723100463043	0;0;3;0;1;5;0;6;3;1	0	0	1.96927137768174		hsaCirc_014444