chr18	5705043	5748855	+	mmuCirc_004344	Zeb1	CTO:ANNOTATED:CDS	2	363	NM_011546	0	0.0170667097749	0.0370238421510704	0	0.018226776348359	0.229257779576178	0.117146889840864	0.296839754917225	0.318220700773694	0.20070617032413	0;1;2;0;1;7;4;9;8;7	0	0	2.92211467088228		hsaCirc_002020
chr18	5705043	5761433	+	mmuCirc_004345	Zeb1	CTO:ANNOTATED:CDS	4	672	NM_011546	0	0	0.0370238421510704	0	0	0.0327511113680254	0.0878601673806477	0	0.0397775875967117	0.229378480370435	0;0;2;0;0;1;3;0;1;8	0	0	1.50771925209917		
chr18	5748694	5761433	+	mmuCirc_004346	Zeb1	CTO:ANNOTATED:CDS	3	471	NM_011546	0.0359829012851383	0	0.0185119210755352	0	0.018226776348359	0.360262225048279	0.234293779681727	0.263857559926422	0.596663813950676	0.20070617032413	2;0;1;0;1;11;8;8;15;7	0	0	3.35800694147535		hsaCirc_002021
chr18	6049277	6064421	-	mmuCirc_004347	Arhgap12	CTO:ANNOTATED:CDS	5	426	NM_001039692:NM_029277	0.0179914506425692	0	0	0.0384588263746862	0.0364535526967181	0.0655022227360508	0.117146889840864	0.0329821949908028	0.198887937983559	0.172033860277826	1;0;0;2;2;2;4;1;5;6	0	0	1.80487377217558		
chr18	6049277	6065845	-	mmuCirc_004348	Arhgap12	CTO:ANNOTATED:CDS	6	567	NM_001039692:NM_029277	0	0	0	0.0192294131873431	0	0	0	0	0.0795551751934235	0.086016930138913	0;0;0;1;0;0;0;0;2;3	0	0	1.87489166238797		
chr18	6049277	6070091	-	mmuCirc_004349	Arhgap12	CTO:ANNOTATED:CDS	7	828	NM_001039692:NM_029277	0	0	0.0185119210755352	0	0.0364535526967181	0.458515559152355	0.0292867224602159	0.131928779963211	0.198887937983559	0.143361550231522	0;0;1;0;2;14;1;4;5;5	0	0	2.5693527799586	rnoCirc_004995	
chr18	6049277	6073286	-	mmuCirc_004350	Arhgap12	CTO:ALT_ACCEPTOR:CDS	7	4023	NM_001039692:NM_029277	0	0	0	0	0	0.0327511113680254	0	0.197893169944816	0	0.0573446200926087	0;0;0;0;0;1;0;6;0;2	0	0	2.26535050109154		
chr18	6061847	6064421	-	mmuCirc_004351	Arhgap12	CTO:ANNOTATED:CDS	2	207	NM_001039692:NM_029277	0	0	0	0	0	0	0	0.0989465849724082	0	0.0286723100463043	0;0;0;0;0;0;0;3;0;1	0	0	1.92767159744432		
chr18	6061847	6070091	-	mmuCirc_004352	Arhgap12	CTO:ANNOTATED:CDS	4	609	NM_001039692:NM_029277	0.0179914506425692	0.0170667097749	0.0370238421510704	0.0961470659367156	0.0546803290450771	0.556768893256432	0.585734449204318	0.824554874770069	0.6762189891441	0.401412340648261	1;1;2;5;3;17;20;25;17;14	0	1	3.38466219775227	rnoCirc_004993	
chr18	6061847	6073286	-	mmuCirc_004353	Arhgap12	CTO:ALT_ACCEPTOR:CDS	4	3804	NM_001039692:NM_029277	0.0539743519277075	0.0170667097749	0.0370238421510704	0.0192294131873431	0.018226776348359	0.163755556840127	0.175720334761295	0.197893169944816	0.0397775875967117	0.20070617032413	3;1;2;1;1;5;6;6;1;7	0	0	1.75688255378623		
chr18	6069831	6073286	-	mmuCirc_004354	Arhgap12	CTO:ALT_ACCEPTOR:CDS	1	3456	NM_001039692:NM_029277	0	0	0.0185119210755352	0	0	0.0655022227360508	0.0292867224602159	0.0329821949908028	0.119332762790135	0	0;0;1;0;0;2;1;1;3;0	0	0	1.66445653089834		
chr18	6111685	6115850	-	mmuCirc_004355	Arhgap12	CTO:ANNOTATED:CDS:5UTR	2	792	NM_001039692:NM_029277	0.125940154497984	0.1024002586494	0.166607289679817	0.173064718686088	0.145814210786872	1.27729334335299	0.849314951346261	1.51718096957693	2.10821214262572	1.40494319226891	7;6;9;9;8;39;29;46;53;49	1	1	3.11765768598548	rnoCirc_004992	hsaCirc_002023
chr18	6111685	6120320	-	mmuCirc_004356	Arhgap12	CTO:ALT_ACCEPTOR:CDS:5UTR	2	5262	NM_001039692:NM_029277	0	0	0.0185119210755352	0	0	0	0.0292867224602159	0.0989465849724082	0.159110350386847	0.0286723100463043	0;0;1;0;0;0;1;3;4;1	0	0	1.8435034887672		
chr18	6448905	6450639	-	mmuCirc_004357	Epc1	CTO:ANNOTATED:CDS	4	766	NM_027497:NM_007935	0.0719658025702766	0.0170667097749	0.0555357632266056	0.0769176527493725	0.0364535526967181	0.556768893256432	0.292867224602159	0.857537069760872	1.03421727751451	0.630790821018696	4;1;3;4;2;17;10;26;26;22	0	0	3.24694668284195		
chr18	7439569	7444105	-	mmuCirc_004358	Mpp7	CTO:ANNOTATED:CDS	6	637	NM_001081287:NM_001161620	0	0	0	0	0.0364535526967181	0.163755556840127	0.117146889840864	0.263857559926422	0.119332762790135	0.086016930138913	0;0;0;0;2;5;4;8;3;3	0	0	2.70281645084499	rnoCirc_005033	hsaCirc_001993
chr18	7901496	7906044	+	mmuCirc_004359	Wac	CTO:ANNOTATED:CDS	3	336	NM_001282093:NM_001146298:NM_153085	0.0179914506425692	0.0170667097749	0	0.0961470659367156	0.0546803290450771	0.687773338728533	0.322153947062375	0.494732924862041	1.03421727751451	0.602118510972391	1;1;0;5;3;21;11;15;26;21	0	1	3.67045587423555		hsaCirc_001995
chr18	7901496	7910824	+	mmuCirc_004360	Wac	CTO:ANNOTATED:CDS	4	645	NM_001282093:NM_001146298:NM_153085	0	0	0	0	0.018226776348359	0.327511113680254	0	0.329821949908027	0.357998288370406	0.086016930138913	0;0;0;0;1;10;0;10;9;3	0	0	3.48987078540619		hsaCirc_001996
chr18	9332784	9353507	-	mmuCirc_004361	Ccny	CTO:ANNOTATED:CDS	5	482	NM_026484	0.0179914506425692	0	0.0185119210755352	0	0	0.0982533341040761	0.117146889840864	0.0329821949908028	0.0397775875967117	0.0573446200926087	1;0;1;0;0;3;4;1;1;2	0	0	1.6813784601282	rnoCirc_005036	hsaCirc_002070
chr18	9345194	9353507	-	mmuCirc_004362	Ccny	CTO:ANNOTATED:CDS	4	315	NM_026484	0	0	0	0	0	0.163755556840127	0.0292867224602159	0	0.119332762790135	0.0573446200926087	0;0;0;0;0;5;1;0;3;2	0	0	2.31316964814367	rnoCirc_005038	hsaCirc_002069
chr18	9345194	9377828	-	mmuCirc_004363	Ccny	CTO:ANNOTATED:CDS	5	350	NM_026484	0	0	0	0	0.018226776348359	0.0327511113680254	0.0585734449204318	0	0.119332762790135	0.0573446200926087	0;0;0;0;1;1;2;0;3;2	0	0	1.7976058334299	rnoCirc_005039	
chr18	9345194	9386809	-	mmuCirc_004364	Ccny	CTO:ANNOTATED:CDS	6	425	NM_026484	0.0179914506425692	0.0341334195498	0	0.0192294131873431	0	0.0982533341040761	0.117146889840864	0	0.159110350386847	0.0286723100463043	1;2;0;1;0;3;4;0;4;1	0	0	1.61330173233614	rnoCirc_005040	hsaCirc_002068
chr18	9353407	9386809	-	mmuCirc_004365	Ccny	CTO:ANNOTATED:CDS	3	211	NM_026484	0	0	0.0370238421510704	0	0	0	0	0	0.119332762790135	0	0;0;2;0;0;0;0;0;3;0	0	0	0.644448690239453		hsaCirc_002067
chr18	9386735	9399278	-	mmuCirc_004366	Ccny	CTO:ALT_ACCEPTOR:CDS	1	12544	NM_026484	0	0	0	0	0.0364535526967181	0.131004445472102	0.0585734449204318	0	0	0	0;0;0;0;2;4;2;0;0;0	0	0	1.1311655189438		
chr18	9386735	9412753	-	mmuCirc_004367	Ccny	CTO:ALT_ACCEPTOR:CDS	1	26019	NM_026484	0	0	0	0	0	0.131004445472102	0.117146889840864	0.296839754917225	0.318220700773694	0.086016930138913	0;0;0;0;0;4;4;9;8;3	0	0	3.23319328048783		
chr18	9437521	9438275	-	mmuCirc_004368	Ccny	INTRONIC	1	755	NM_026484	0.0179914506425692	0.0341334195498	0	0	0	0.0655022227360508	0.117146889840864	0	0	0	1;2;0;0;0;2;4;0;0;0	0	0	1.25570880063652		
chr18	9962373	9970328	+	mmuCirc_004369	Thoc1	CTO:ANNOTATED:CDS	5	421	NM_153552	0	0	0.0185119210755352	0.0192294131873431	0.018226776348359	0.163755556840127	0.117146889840864	0.197893169944816	0.23866552558027	0.229378480370435	0;0;1;1;1;5;4;6;6;8	0	0	2.78087432153939		
chr18	9968751	9970328	+	mmuCirc_004370	Thoc1	CTO:ANNOTATED:CDS	2	157	NM_153552	0.0359829012851383	0	0	0	0	0.196506668208152	0.0878601673806477	0.0989465849724082	0.0795551751934235	0.0573446200926087	2;0;0;0;0;6;3;3;2;2	0	0	2.24429655524078		
chr18	9994173	9994338	+	mmuCirc_004371	Thoc1	CTO:ALT_DONOR:ALT_ACCEPTOR:3UTR	1	166	NM_153552	0	0	0	0	0	0	0	0	0	0.114689240185217	0;0;0;0;0;0;0;0;0;4	0	0	2.75156269883195		
chr18	10012213	10018095	-	mmuCirc_004372	Usp14	CTO:ANNOTATED:CDS	3	268	NM_001038589:NM_021522	0	0	0	0	0	0	0.0585734449204318	0.0989465849724082	0.23866552558027	0.0573446200926087	0;0;0;0;0;0;2;3;6;2	0	0	2.54765014697795		
chr18	10016541	10024679	-	mmuCirc_004373	Usp14	CTO:ANNOTATED:CDS	4	388	NM_001038589:NM_021522	0	0	0	0	0	0.0655022227360508	0.0292867224602159	0.0989465849724082	0	0	0;0;0;0;0;2;1;3;0;0	0	0	1.98980097250417	rnoCirc_005320	
chr18	10072832	10079274	-	mmuCirc_004374	Rock1	CTO:ANNOTATED:CDS	3	320	NM_009071	0	0.0170667097749	0	0	0.018226776348359	0.163755556840127	0.146433612301079	0.230875364935619	0.278443113176982	0.143361550231522	0;1;0;0;1;5;5;7;7;5	0	0	3.00203256168165		
chr18	10079115	10080539	-	mmuCirc_004375	Rock1	CTO:ANNOTATED:CDS	2	349	NM_009071	0	0.0341334195498	0	0	0	0.0655022227360508	0.0585734449204318	0.0659643899816055	0	0.086016930138913	0;2;0;0;0;2;2;2;0;3	0	0	1.78586153512378		
chr18	10079115	10083210	-	mmuCirc_004376	Rock1	CTO:ANNOTATED:CDS	3	438	NM_009071	0	0	0.0185119210755352	0	0	0.0655022227360508	0.0585734449204318	0.131928779963211	0	0.0286723100463043	0;0;1;0;0;2;2;4;0;1	0	0	1.83328079465905		
chr18	10083122	10092223	-	mmuCirc_004377	Rock1	CTO:ANNOTATED:CDS	4	444	NM_009071	0	0	0	0	0.018226776348359	0	0	0.0989465849724082	0	0	0;0;0;0;1;0;0;3;0;0	0	0	0.818829201654963		
chr18	10116774	10140888	-	mmuCirc_004378	Rock1	CTO:ANNOTATED:CDS	10	1186	NM_009071	0	0	0	0	0	0	0	0.131928779963211	0.0397775875967117	0	0;0;0;0;0;0;0;4;1;0	0	0	2.25246397878285		
chr18	10119885	10132272	-	mmuCirc_004379	Rock1	CTO:ANNOTATED:CDS	5	597	NM_009071	0	0	0	0.0192294131873431	0	0.0327511113680254	0.0292867224602159	0.131928779963211	0.198887937983559	0.0573446200926087	0;0;0;1;0;1;1;4;5;2	0	0	2.01144191126854		
chr18	10129305	10132268	-	mmuCirc_004380	Rock1	CTO:ALT_ACCEPTOR:CDS	3	372	NM_009071	0	0	0	0	0	0	0	0	0.119332762790135	0	0;0;0;0;0;0;0;0;3;0	0	0	2.80046262890159		
chr18	10129305	10132272	-	mmuCirc_004381	Rock1	CTO:ANNOTATED:CDS	3	376	NM_009071	0	0	0.0185119210755352	0	0	0	0.205007057221511	0.395786339889633	0.477331051160541	0.315395410509348	0;0;1;0;0;0;7;12;12;11	0	0	3.90707233969092		
chr18	10129305	10140888	-	mmuCirc_004382	Rock1	CTO:ANNOTATED:CDS	7	876	NM_009071	0	0.0341334195498	0.0185119210755352	0.0384588263746862	0	0.196506668208152	0.0585734449204318	0.296839754917225	0.198887937983559	0.20070617032413	0;2;1;2;0;6;2;9;5;7	0	0	2.47659859174297	rnoCirc_005323	
chr18	10571955	10586041	-	mmuCirc_004383	Esco1	CTO:ANNOTATED:CDS	6	733	NM_001081222	0	0	0	0	0	0.0327511113680254	0	0	0.119332762790135	0	0;0;0;0;0;1;0;0;3;0	0	0	2.09983205897444		
chr18	10571955	10588550	-	mmuCirc_004384	Esco1	CTO:ANNOTATED:CDS	7	845	NM_001081222	0	0	0	0	0	0	0	0	0.159110350386847	0	0;0;0;0;0;0;0;0;4;0	0	0	3.16277680474228	rnoCirc_005327	
chr18	10574875	10586041	-	mmuCirc_004385	Esco1	CTO:ANNOTATED:CDS	5	545	NM_001081222	0	0	0	0	0	0.196506668208152	0.234293779681727	0.36280414489883	0.596663813950676	0.286723100463044	0;0;0;0;0;6;8;11;15;10	0	0	4.04971511473254		
chr18	10582055	10586041	-	mmuCirc_004386	Esco1	CTO:ANNOTATED:CDS	3	311	NM_001081222	0	0	0.166607289679817	0	0	0	0.732168061505397	1.55016316456773	2.66509836897969	0	0;0;9;0;0;0;25;47;67;0	0	0	5.12488383685535		
chr18	10582055	10595875	-	mmuCirc_004387	Esco1	CTO:ANNOTATED:CDS:5UTR	5	2553	NM_001081222	0	0	0	0	0	0	0.0878601673806477	0.131928779963211	0	0	0;0;0;0;0;0;3;4;0;0	0	0	2.67820677695068		
chr18	10740983	10755687	+	mmuCirc_004388	Mib1	CTO:ANNOTATED:CDS	6	863	NM_144860	0	0	0	0.0192294131873431	0	0.0982533341040761	0	0	0.0795551751934235	0.0286723100463043	0;0;0;1;0;3;0;0;2;1	0	0	1.73015692073725		hsaCirc_007088
chr18	10747356	10752027	+	mmuCirc_004389	Mib1	CTO:ANNOTATED:CDS	3	377	NM_144860	0	0	0	0	0	0	0	0	0.159110350386847	0	0;0;0;0;0;0;0;0;4;0	0	0	3.16277680474228		
chr18	10775529	10778300	+	mmuCirc_004390	Mib1	CTO:ANNOTATED:CDS	2	350	NM_144860	0.0179914506425692	0	0	0	0	0	0.0292867224602159	0.0659643899816055	0.0795551751934235	0.086016930138913	1;0;0;0;0;0;1;2;2;3	0	0	1.44019649698781		
chr18	10792895	10795851	+	mmuCirc_004391	Mib1	CTO:ANNOTATED:CDS	3	382	NM_144860	0	0	0	0	0	0.0327511113680254	0	0	0.159110350386847	0	0;0;0;0;0;1;0;0;4;0	0	0	2.28098914689479		
chr18	11923360	11926364	+	mmuCirc_004392	Cables1	CTO:ANNOTATED:CDS	3	358	NM_001146287:NM_022021	0	0	0	0.0192294131873431	0	0.0982533341040761	0.146433612301079	0.0329821949908028	0.119332762790135	0	0;0;0;1;0;3;5;1;3;0	0	0	2.2136795905534	rnoCirc_005335	
chr18	12197959	12198597	-	mmuCirc_004393	Npc1	CTO:ANNOTATED:CDS	2	281	NM_008720	0	0	0	0	0	0	0.0292867224602159	0.0329821949908028	0.198887937983559	0	0;0;0;0;0;0;1;1;5;0	0	0	2.05294240349757		
chr18	12819505	12822292	-	mmuCirc_004394	Osbpl1a	CTO:ALT_ACCEPTOR:CDS:5UTR	1	2788	NM_001252491:NM_001252492:NM_001252493:NM_001252490:NM_001252489:NM_207530	0	0	0	0.0192294131873431	0	0.0327511113680254	0.0585734449204318	0.0329821949908028	0.119332762790135	0	0;0;0;1;0;1;2;1;3;0	0	0	1.65181944784115		
chr18	12819505	12841346	-	mmuCirc_004395	Osbpl1a	CTO:ANNOTATED:CDS:5UTR	2	320	NM_001252491:NM_001252492:NM_001252493:NM_001252490:NM_001252489:NM_207530	0	0	0	0.0192294131873431	0.018226776348359	0.163755556840127	0.0585734449204318	0.0659643899816055	0.0795551751934235	0.114689240185217	0;0;0;1;1;5;2;2;2;4	0	0	2.08760733222655	rnoCirc_005342	hsaCirc_007111
chr18	12841184	12882277	-	mmuCirc_004396	Osbpl1a	CTO:ANNOTATED:CDS:5UTR	3	352	NM_207530	0	0	0	0	0	0.163755556840127	0.0878601673806477	0.0659643899816055	0.23866552558027	0.0573446200926087	0;0;0;0;0;5;3;2;6;2	0	0	2.67577244643883		
chr18	12871078	12892289	-	mmuCirc_004397	Osbpl1a	CTO:ANNOTATED:CDS:5UTR	3	312	NM_207530	0	0	0	0	0.0546803290450771	0.131004445472102	0.0292867224602159	0.131928779963211	0.23866552558027	0.086016930138913	0;0;0;0;3;4;1;4;6;3	0	0	2.26831036164199		
chr18	12871078	12898301	-	mmuCirc_004398	Osbpl1a	CTO:ANNOTATED:CDS:5UTR	4	411	NM_207530	0	0	0	0	0.0364535526967181	0.327511113680254	0.0585734449204318	0.329821949908027	0.0397775875967117	0.114689240185217	0;0;0;0;2;10;2;10;1;4	0	0	2.61113618743426	rnoCirc_005346	
chr18	12871078	12906949	-	mmuCirc_004399	Osbpl1a	CTO:ANNOTATED:CDS:5UTR	8	656	NM_207530	0	0	0.0370238421510704	0	0	0.0982533341040761	0.0292867224602159	0	0	0	0;0;2;0;0;3;1;0;0;0	0	0	0.78448091752407		
chr18	12882196	12898301	-	mmuCirc_004400	Osbpl1a	CTO:ANNOTATED:CDS	3	304	NM_207530	0	0	0	0	0	0.131004445472102	0.0878601673806477	0.36280414489883	0.159110350386847	0.0573446200926087	0;0;0;0;0;4;3;11;4;2	0	0	2.94404433702235		
chr18	13526697	13546838	-	mmuCirc_004401		NTO	1	20142		0	0	0	0	0	0.131004445472102	0.0292867224602159	0.0659643899816055	0.0397775875967117	0.0573446200926087	0;0;0;0;0;4;1;2;1;2	0	0	1.97047258866008		
chr18	13715141	13717747	-	mmuCirc_004402	Zfp521	CTO:ANNOTATED:CDS	2	248	NM_145492	0.0179914506425692	0	0	0.0384588263746862	0.0911338817417952	0.327511113680254	0.0585734449204318	0.395786339889633	1.31266039069149	0.172033860277826	1;0;0;2;5;10;2;12;33;6	0	0	2.96898623531684	rnoCirc_005350	hsaCirc_007116
chr18	13933705	13939141	-	mmuCirc_004403	Zfp521	CTO:ALT_DONOR:CDS	1	5437	NM_145492	0	0	0	0	0	0	0	0.0659643899816055	0.119332762790135	0	0;0;0;0;0;0;0;2;3;0	0	0	2.45210089414782		
chr18	13938962	13939141	-	mmuCirc_004404	Zfp521	CTO:ANNOTATED:CDS	1	180	NM_145492	0.0179914506425692	0	0.0370238421510704	0.0384588263746862	0.018226776348359	0.0655022227360508	0.0585734449204318	0.164910974954014	0.318220700773694	0.0573446200926087	1;0;2;2;1;2;2;5;8;2	0	0	1.67814244679877	rnoCirc_005354	
chr18	13938962	13958658	-	mmuCirc_004405	Zfp521	CTO:ALT_ACCEPTOR:CDS	1	19697	NM_145492	0	0.0170667097749	0	0	0	0	0.0878601673806477	0.164910974954014	0.159110350386847	0.0286723100463043	0;1;0;0;0;0;3;5;4;1	0	0	2.29890080388696		
chr18	16622128	16650498	-	mmuCirc_004406	Cdh2	CTO:ANNOTATED:CDS	12	2177	NM_007664	0.0179914506425692	0.0170667097749	0.0185119210755352	0	0.018226776348359	0.131004445472102	0.146433612301079	0.197893169944816	0.278443113176982	0.143361550231522	1;1;1;0;1;4;5;6;7;5	0	0	2.53052724526408	rnoCirc_005365	hsaCirc_007127
chr18	16640422	16650498	-	mmuCirc_004407	Cdh2	CTO:ANNOTATED:CDS	5	848	NM_007664	0.0179914506425692	0	0.0185119210755352	0.0769176527493725	0.0364535526967181	0.262008890944203	0.0292867224602159	0.131928779963211	0.278443113176982	0.258050790416739	1;0;1;4;2;8;1;4;7;9	0	0	2.01920958614094	rnoCirc_005367	hsaCirc_007128
chr18	16774508	16786324	-	mmuCirc_004408	Cdh2	CTO:ALT_ACCEPTOR:CDS	1	11817	NM_007664	0	0	0	0	0	0	0	0	0	0.086016930138913	0;0;0;0;0;0;0;0;0;3	0	0	2.40622276606355		
chr18	20033062	20085880	-	mmuCirc_004409	Dsc2:Dsc1	ITO:ANNOTATED	1	52819	NM_013505:NM_001291804:NM_013504	0	0.0853335488745	0.0185119210755352	0.0192294131873431	0.0546803290450771	0.0327511113680254	0	0.0329821949908028	0	0.0286723100463043	0;5;1;1;3;1;0;1;0;1	0	0	-0.425410376561336	rnoCirc_005372	
chr18	20574940	20579478	+	mmuCirc_004410	Dsg2	CTO:ANNOTATED:CDS	3	442	NM_007883	0	0	0	0	0	0	0.0585734449204318	0.0659643899816055	0.119332762790135	0.0286723100463043	0;0;0;0;0;0;2;2;3;1	0	0	2.04033621272716		