chr11	3164557	3165678	-	mmuCirc_001195	Sfi1	CTO:ANNOTATED:CDS	2	260	NM_030207	0	0.0512001293247	0	0.0192294131873431	0.0364535526967181	0.196506668208152	0.175720334761295	0.36280414489883	0.318220700773694	0.20070617032413	0;3;0;1;2;6;6;11;8;7	0	0	2.84573279507909		
chr11	3164557	3170704	-	mmuCirc_001196	Sfi1	CTO:ANNOTATED:CDS	3	378	NM_030207	0	0	0	0	0	0.0327511113680254	0.0878601673806477	0	0.0795551751934235	0.0286723100463043	0;0;0;0;0;1;3;0;2;1	0	0	1.85722233093756		
chr11	3220244	3221294	+	mmuCirc_001197	Eif4enif1	CTO:ANNOTATED:CDS	2	489	NM_001166548:NM_023743:NM_001166547:NM_001166549	0.0179914506425692	0	0	0.0384588263746862	0	0	0.0585734449204318	0.0659643899816055	0.0795551751934235	0.172033860277826	1;0;0;2;0;0;2;2;2;6	0	0	1.43669408649171		
chr11	3262489	3264890	-	mmuCirc_001198	Mir3470a:Drg1	CTO:ncRNA	2	300	NR_037301:NM_007879	0	0	0	0	0.018226776348359	0.0327511113680254	0.0878601673806477	0	0.0397775875967117	0.0286723100463043	0;0;0;0;1;1;3;0;1;1	0	0	1.43960353575762		
chr11	3358110	3360586	-	mmuCirc_001199	Mir3470a:Limk2	CTO:ncRNA	3	435	NR_037301:NM_173053:NM_010718	0	0	0	0	0	0.0982533341040761	0.0585734449204318	0	0.0795551751934235	0.0573446200926087	0;0;0;0;0;3;2;0;2;2	0	0	2.20116200701019		hsaCirc_009824
chr11	3358110	3361108	-	mmuCirc_001200	Mir3470a:Limk2	CTO:ncRNA	3	957	NR_037301:NM_173053:NM_010718	0	0	0	0	0	0.0327511113680254	0	0.131928779963211	0	0	0;0;0;0;0;1;0;4;0;0	0	0	2.16226238514047		
chr11	3517756	3520916	-	mmuCirc_001201	Smtn	CTO:ALT_DONOR:CDS:3UTR	2	237	NM_001159284:NM_001284427:NM_001284428:NM_001284429:NM_013870	0.0179914506425692	0	0	0.0384588263746862	0	0.163755556840127	0.117146889840864	0.164910974954014	0	0.0573446200926087	1;0;0;2;0;5;4;5;0;2	0	0	1.73286604052938		
chr11	3641211	3645523	-	mmuCirc_001202	Tug1	CTO:ncRNA	1	4313	NR_002322:NR_110490:NR_002321	0	0.0341334195498	0.0185119210755352	0.0384588263746862	0	0.0327511113680254	0	0.230875364935619	0	0.114689240185217	0;2;1;2;0;1;0;7;0;4	0	0	0.774083522493292		
chr11	4166496	4167890	+	mmuCirc_001203	Sf3a1	CTO:ANNOTATED:CDS	2	466	NM_026175	0	0	0	0	0	0.0655022227360508	0	0.131928779963211	0.0397775875967117	0	0;0;0;0;0;2;0;4;1;0	0	0	2.20029662756467		
chr11	4504032	4531305	-	mmuCirc_001204	Mtmr3	CTO:ANNOTATED:CDS:5UTR	7	752	NM_028860	0	0	0	0.0384588263746862	0	0.163755556840127	0.0292867224602159	0	0	0	0;0;0;2;0;5;1;0;0;0	0	0	0.984498051064536		
chr11	4507590	4531305	-	mmuCirc_001205	Mtmr3	CTO:ANNOTATED:CDS:5UTR	6	638	NM_028860	0.0359829012851383	0	0	0.0384588263746862	0	0.0982533341040761	0.0292867224602159	0.131928779963211	0.318220700773694	0.114689240185217	2;0;0;2;0;3;1;4;8;4	0	0	2.11787598338454		
chr11	4507590	4546268	-	mmuCirc_001206	Mtmr3	CTO:ALT_ACCEPTOR:CDS:5UTR	6	15601	NM_028860	0	0	0	0	0	0.0655022227360508	0	0.0329821949908028	0.159110350386847	0	0;0;0;0;0;2;0;1;4;0	0	0	2.22141544799873		
chr11	4517741	4531305	-	mmuCirc_001207	Mtmr3	CTO:ANNOTATED:CDS:5UTR	5	541	NM_028860	0.179914506425692	0.1024002586494	0.222143052906423	0.288441197810147	0.236948092528668	1.31004445472102	1.02503528610756	2.04489608942977	3.77887082168762	1.37627088222261	10;6;12;15;13;40;35;62;95;48	1	1	2.99691269871053		
chr11	4517741	4546268	-	mmuCirc_001208	Mtmr3	CTO:ALT_ACCEPTOR:CDS:5UTR	5	15504	NM_028860	0.0359829012851383	0	0.0555357632266056	0	0.0546803290450771	0.360262225048279	0.263580502141943	0.59367950983445	0.357998288370406	0.487429270787174	2;0;3;0;3;11;9;18;9;17	0	0	3.32331817987187		
chr11	4527836	4531305	-	mmuCirc_001209	Mtmr3	CTO:ANNOTATED:CDS:5UTR	3	291	NM_028860	0.0179914506425692	0.0170667097749	0	0.0769176527493725	0	0.589520004624457	0.234293779681727	1.1543768246781	1.23310521549806	0.20070617032413	1;1;0;4;0;18;8;35;31;7	0	0	3.9629276008694		
chr11	4527836	4546268	-	mmuCirc_001210	Mtmr3	CTO:ALT_ACCEPTOR:CDS:5UTR	3	15254	NM_028860	0	0	0	0.0192294131873431	0	0	0.0585734449204318	0.0989465849724082	0.159110350386847	0.0573446200926087	0;0;0;1;0;0;2;3;4;2	0	0	2.1721064388441		
chr11	4640383	4649869	+	mmuCirc_001211	Ascc2	CTO:ANNOTATED:CDS:5UTR	4	558	NM_029291	0.0179914506425692	0.0170667097749	0	0.0192294131873431	0.0364535526967181	0.163755556840127	0.117146889840864	0.329821949908027	0.198887937983559	0.114689240185217	1;1;0;1;2;5;4;10;5;4	0	0	2.4049598287449	rnoCirc_003832	hsaCirc_009815
chr11	4646562	4649869	+	mmuCirc_001212	Ascc2	CTO:ANNOTATED:CDS	3	460	NM_029291	0.0179914506425692	0	0	0	0	0.196506668208152	0.0878601673806477	0.36280414489883	0.278443113176982	0.0573446200926087	1;0;0;0;0;6;3;11;7;2	0	0	3.01019491502939	rnoCirc_003834	
chr11	4646562	4656336	+	mmuCirc_001213	Ascc2	CTO:ANNOTATED:CDS	4	528	NM_029291	0	0	0	0	0	0.0327511113680254	0.0292867224602159	0.0989465849724082	0.159110350386847	0.0573446200926087	0;0;0;0;0;1;1;3;4;2	0	0	2.07734404618204		
chr11	4649740	4656336	+	mmuCirc_001214	Ascc2	CTO:ANNOTATED:CDS	2	198	NM_029291	0	0.0341334195498	0	0.0384588263746862	0	0.131004445472102	0.117146889840864	0.197893169944816	0.318220700773694	0.0573446200926087	0;2;0;2;0;4;4;6;8;2	0	0	2.4373943598247		
chr11	4656269	4659384	+	mmuCirc_001215	Ascc2	CTO:ANNOTATED:CDS	3	292	NM_029291	0	0	0.0185119210755352	0	0	0.0327511113680254	0.0292867224602159	0.0989465849724082	0.198887937983559	0.0286723100463043	0;0;1;0;0;1;1;3;5;1	0	0	1.81251183799286		
chr11	4658215	4659384	+	mmuCirc_001216	Ascc2	CTO:ANNOTATED:CDS	2	224	NM_029291	0	0	0	0	0	0.131004445472102	0.0585734449204318	0.0989465849724082	0.318220700773694	0.0573446200926087	0;0;0;0;0;4;2;3;8;2	0	0	2.69879937602421	rnoCirc_003836	hsaCirc_009814
chr11	4679252	4680182	+	mmuCirc_001217	Ascc2	CTO:ANNOTATED:CDS	3	316	NM_029291	0	0	0	0.0192294131873431	0.018226776348359	0.0327511113680254	0.0292867224602159	0.0329821949908028	0.119332762790135	0	0;0;0;1;1;1;1;1;3;0	0	0	0.999970295902338		
chr11	4780578	4784563	-	mmuCirc_001218	Nf2	CTO:ANNOTATED:CDS:3UTR	3	355	NM_001252250:NM_001252252:NM_010898:NM_001252251	0	0	0	0.0384588263746862	0.018226776348359	0.196506668208152	0.0585734449204318	0.0989465849724082	0.278443113176982	0.0573446200926087	0;0;0;2;1;6;2;3;7;2	0	0	2.27026078170465		
chr11	4780578	4806336	-	mmuCirc_001219	Nf2	CTO:ANNOTATED:CDS:3UTR	11	1285	NM_001252250:NM_001252252:NM_010898:NM_001252251	0	0	0	0	0	0	0.0292867224602159	0.0989465849724082	0	0	0;0;0;0;0;0;1;3;0;0	0	0	1.9367204961921		
chr11	4799861	4806336	-	mmuCirc_001220	Nf2	CTO:ANNOTATED:CDS	3	294	NM_001252250:NM_001252252:NM_010898:NM_001252251:NM_001252253	0.0359829012851383	0.0341334195498	0.0555357632266056	0.0576882395620293	0.018226776348359	0.393013336416305	0.205007057221511	0.527715119852844	0.397775875967117	0.229378480370435	2;2;3;3;1;12;7;16;10;8	0	0	2.58586911102077	rnoCirc_003840	
chr11	4799861	4820493	-	mmuCirc_001221	Nf2	CTO:ANNOTATED:CDS	7	696	NM_001252250:NM_001252252:NM_010898:NM_001252251:NM_001252253	0.0359829012851383	0	0	0	0.018226776348359	0.0327511113680254	0.0292867224602159	0.0989465849724082	0.119332762790135	0	2;0;0;0;1;1;1;3;3;0	0	0	1.13070706225136		
chr11	4803678	4806336	-	mmuCirc_001222	Nf2	CTO:ANNOTATED:CDS	2	159	NM_001252250:NM_001252252:NM_010898:NM_001252251:NM_001252253	0	0.0170667097749	0.0185119210755352	0	0.018226776348359	0.0327511113680254	0	0.0659643899816055	0.198887937983559	0.086016930138913	0;1;1;0;1;1;0;2;5;3	0	0	1.31825425427793		
chr11	4803678	4808325	-	mmuCirc_001223	Nf2	CTO:ANNOTATED:CDS	3	228	NM_001252250:NM_001252252:NM_010898:NM_001252251:NM_001252253	0	0	0.0740476843021408	0	0.018226776348359	0.0655022227360508	0	0.0659643899816055	0.0795551751934235	0.114689240185217	0;0;4;0;1;2;0;2;2;4	0	0	1.52469603312949		
chr11	4803678	4818627	-	mmuCirc_001224	Nf2	CTO:ANNOTATED:CDS	5	435	NM_001252250:NM_001252252:NM_010898:NM_001252251:NM_001252253	0	0	0	0	0	0.0982533341040761	0.0292867224602159	0.0659643899816055	0.0795551751934235	0.0286723100463043	0;0;0;0;0;3;1;2;2;1	0	0	1.91346894448484		
chr11	4803678	4820493	-	mmuCirc_001225	Nf2	CTO:ANNOTATED:CDS	6	561	NM_001252250:NM_001252252:NM_010898:NM_001252251:NM_001252253	0.0539743519277075	0.0341334195498	0.0370238421510704	0.134605892311402	0	0.360262225048279	0.234293779681727	1.02244804471489	0.795551751934235	0.430084650694565	3;2;2;7;0;11;8;31;20;15	0	0	3.13547486453407		
chr11	4808257	4820493	-	mmuCirc_001226	Nf2	CTO:ANNOTATED:CDS	4	402	NM_001252250:NM_001252252:NM_010898:NM_001252251:NM_001252253	0.0359829012851383	0.0341334195498	0.0370238421510704	0.0192294131873431	0.0364535526967181	0.622271115992482	0.234293779681727	0.791572679779266	1.19332762790135	0.344067720555652	2;2;2;1;2;19;8;24;30;12	0	0	3.44461445983594	rnoCirc_003843	
chr11	4816082	4820493	-	mmuCirc_001227	Nf2	CTO:ANNOTATED:CDS	3	333	NM_001252250:NM_001252252:NM_010898:NM_001252251:NM_001252253	0	0	0.0185119210755352	0.0384588263746862	0.0364535526967181	0.131004445472102	0.117146889840864	0.36280414489883	0.23866552558027	0.114689240185217	0;0;1;2;2;4;4;11;6;4	0	0	2.48149838280129	rnoCirc_003844	hsaCirc_009813
chr11	5209939	5215531	-	mmuCirc_001228	Kremen1	CTO:ANNOTATED:CDS	2	279	NM_032396	0	0.0341334195498	0	0.0769176527493725	0.0911338817417952	0	0.117146889840864	0.0989465849724082	0.278443113176982	0.0286723100463043	0;2;0;4;5;0;4;3;7;1	0	1	1.08621786161951		hsaCirc_009809
chr11	5791792	5794311	+	mmuCirc_001229	Dbnl	CTO:ANNOTATED:CDS	3	244	NM_001146308:NM_001146309:NM_013810	0	0	0	0	0.018226776348359	0	0.0292867224602159	0.0659643899816055	0.119332762790135	0.0286723100463043	0;0;0;0;1;0;1;2;3;1	0	0	1.63847963476393		
chr11	6113243	6125561	-	mmuCirc_001230	Nudcd3	CTO:ANNOTATED:CDS	2	333	NM_173748	0	0.0170667097749	0.0555357632266056	0.0384588263746862	0	0.131004445472102	0.263580502141943	0.461750729871238	0.278443113176982	0.143361550231522	0;1;3;2;0;4;9;14;7;5	0	0	2.78141926481046		
chr11	6119334	6125561	-	mmuCirc_001231	Nudcd3	CTO:ALT_DONOR:CDS	1	6228	NM_173748	0	0	0.0185119210755352	0	0	0	0	0.0989465849724082	0	0.0573446200926087	0;0;1;0;0;0;0;3;0;2	0	0	1.78911890050261		
chr11	6193154	6193476	-	mmuCirc_001232	Nudcd3	CTO:ANNOTATED:CDS	1	323	NM_173748	0.125940154497984	0.0512001293247	0.129583447528746	0.30767061099749	0.273401645225386	1.11353778651286	1.14218217594842	1.78103852950335	2.58554319378626	1.26158164203739	7;3;7;16;15;34;39;54;65;44	1	1	3.13884907206541	rnoCirc_003849	
chr11	6193154	6196444	-	mmuCirc_001233	Nudcd3	CTO:ALT_ACCEPTOR:CDS	1	3291	NM_173748	0	0	0.0185119210755352	0	0	0	0	0.0329821949908028	0.119332762790135	0	0;0;1;0;0;0;0;1;3;0	0	0	1.63033257634421		
chr11	6296952	6317080	+	mmuCirc_001234	Ogdh	CTO:ANNOTATED:CDS:5UTR	4	634	NM_001252282:NM_001252283:NM_001252287:NM_010956:NM_001252288	0.0359829012851383	0.0170667097749	0	0.0192294131873431	0	0.163755556840127	0.0585734449204318	0.0989465849724082	0.596663813950676	0.114689240185217	2;1;0;1;0;5;2;3;15;4	0	0	2.41938572957536	rnoCirc_003850	hsaCirc_014144
chr11	6311009	6317080	+	mmuCirc_001235	Ogdh	CTO:ALT_ACCEPTOR:CDS	3	3165	NM_001252282:NM_001252283:NM_001252287:NM_010956:NM_001252288	0.107948703855415	0.0682668390996	0.129583447528746	0.134605892311402	0.164040987135231	0.884280006936685	0.820028228886045	1.28630560464131	2.54576560618955	0.86016930138913	6;4;7;7;9;27;28;39;64;30	1	1	3.10172890677251	rnoCirc_003851	
chr11	6313788	6316855	+	mmuCirc_001236	Ogdh	CTO:ANNOTATED:CDS	2	283	NM_001252282:NM_001252283:NM_001252287:NM_010956:NM_001252288	0	0.0170667097749	0	0	0	0	0	0	0.159110350386847	0.086016930138913	0;1;0;0;0;0;0;0;4;3	0	0	1.55962517024551		
chr11	6313788	6317080	+	mmuCirc_001237	Ogdh	CTO:ANNOTATED:CDS	3	386	NM_001252282:NM_001252283:NM_001252287:NM_010956:NM_001252288	1.2234186436947	0.7168018105458	1.33285831743854	1.63450012092416	1.27587434438513	16.5065601294848	10.6017935305982	20.8117650391965	26.4123181642166	10.5800824070863	68;42;72;85;70;504;362;631;664;369	1	1	3.71132504850392	rnoCirc_003853	hsaCirc_014145
chr11	6334533	6342623	+	mmuCirc_001238	Ogdh	CTO:ANNOTATED:CDS	6	818	NM_001252282:NM_001252283:NM_001252287:NM_010956:NM_001252288	0	0	0	0	0	0.0327511113680254	0	0.131928779963211	0.198887937983559	0.0286723100463043	0;0;0;0;0;1;0;4;5;1	0	0	2.26493664228813		
chr11	6584520	6585217	+	mmuCirc_001239	Ccm2	CTO:ANNOTATED:CDS	2	268	NM_001190343:NM_146014:NM_001190344	0.0179914506425692	0.0170667097749	0	0.0192294131873431	0	0.262008890944203	0.146433612301079	0.230875364935619	0.278443113176982	0.315395410509348	1;1;0;1;0;8;5;7;7;11	0	0	3.14057661025748	rnoCirc_003760	
chr11	8478225	8479665	-	mmuCirc_001240	Tns3	CTO:ANNOTATED:CDS	3	360	NM_001083587	0.0179914506425692	0.0170667097749	0	0	0.018226776348359	0.0982533341040761	0.0585734449204318	0.329821949908027	0.596663813950676	0.401412340648261	1;1;0;0;1;3;2;10;15;14	0	0	3.05191804395817	rnoCirc_003859	
chr11	8518199	8519570	-	mmuCirc_001241	Tns3	CTO:ANNOTATED:CDS	3	301	NM_001083587	0.0539743519277075	0.0170667097749	0	0.0961470659367156	0.0911338817417952	0.524017781888406	0.351440669522591	0.758590484788463	1.98887937983559	0.602118510972391	3;1;0;5;5;16;12;23;50;21	0	1	3.61670848381915	rnoCirc_003862	
chr11	8518199	8532509	-	mmuCirc_001242	Tns3	CTO:ANNOTATED:CDS	6	551	NM_001083587	0	0	0	0.0192294131873431	0	0.0982533341040761	0.0292867224602159	0.0329821949908028	0.198887937983559	0	0;0;0;1;0;3;1;1;5;0	0	0	1.9376751026673	rnoCirc_003863	
chr11	11408389	11418287	-	mmuCirc_001243	Zpbp	CTO:ANNOTATED:CDS	3	495	NM_001185153:NM_015785	0	0	0	0	0	0.0982533341040761	0	0.0329821949908028	0	0	0;0;0;0;0;3;0;1;0;0	0	0	1.98465828467193	rnoCirc_003869	
chr11	11415188	11418287	-	mmuCirc_001244	Zpbp	CTO:ANNOTATED:CDS	2	276	NM_001185153:NM_015785	0.0719658025702766	0.0170667097749	0.0370238421510704	0.0192294131873431	0.018226776348359	0.491266670520381	0.146433612301079	0.824554874770069	0.357998288370406	0.20070617032413	4;1;2;1;1;15;5;25;9;7	0	0	2.86561100128288		
chr11	11415188	11429126	-	mmuCirc_001245	Zpbp	CTO:ALT_ACCEPTOR:CDS	2	11115	NM_001185153:NM_015785	0	0	0	0	0	0.0327511113680254	0.146433612301079	0.131928779963211	0	0	0;0;0;0;0;1;5;4;0;0	0	0	2.46046656309696		
chr11	11700205	11707904	+	mmuCirc_001246	Ikzf1	CTO:ANNOTATED:CDS:5UTR	2	174	NM_001025597:NM_009578	0.0179914506425692	0	0	0.0384588263746862	0.0546803290450771	0.262008890944203	0.0878601673806477	0.263857559926422	0.755774164337523	0.172033860277826	1;0;0;2;3;8;3;8;19;6	0	0	2.84857679224814	rnoCirc_003871	
chr11	11748311	11761353	+	mmuCirc_001247	Ikzf1	CTO:ANNOTATED:CDS	4	687	NM_001025597:NM_009578	0	0	0	0.0384588263746862	0	0.0655022227360508	0.0292867224602159	0	0.119332762790135	0	0;0;0;2;0;2;1;0;3;0	0	0	1.55006757802115	rnoCirc_003874	
chr11	11943882	11951659	-	mmuCirc_001248	Grb10	CTO:ANNOTATED:CDS	6	690	NM_001177629:NM_010345	0	0	0	0.0192294131873431	0	0	0.0878601673806477	0.0989465849724082	0.198887937983559	0.0573446200926087	0;0;0;1;0;0;3;3;5;2	0	0	2.3587044898901	rnoCirc_003879	
chr11	11967532	11987674	-	mmuCirc_001249	Grb10	CTO:ANNOTATED:CDS:5UTR	3	453	NM_001177629:NM_010345	0	0	0	0	0	0	0	0	0.119332762790135	0	0;0;0;0;0;0;0;0;3;0	0	0	2.80046262890159		hsaCirc_014168
chr11	12346056	12388696	+	mmuCirc_001250	Cobl	AS:CTO	1	42641	NM_001282994:NM_001282993:NM_172496	0	0	0	0	0	0	0	0	0.119332762790135	0.0573446200926087	0;0;0;0;0;0;0;0;3;2	0	0	2.37588178681901		
chr11	16881464	16883613	+	mmuCirc_001251	Egfr	CTO:ANNOTATED:CDS	2	249	NM_007912:NM_207655	0	0.0170667097749	0	0.0769176527493725	0	0.0655022227360508	0.0878601673806477	0.230875364935619	0.357998288370406	0.20070617032413	0;1;0;4;0;2;3;7;9;7	0	0	2.54268608673111		
chr11	19998120	20008477	+	mmuCirc_001252	Spred2	CTO:ANNOTATED:CDS	3	412	NM_033523	0	0.0853335488745	0.148095368604282	0.230752958248117	0.164040987135231	1.86681334797745	1.61076973531187	2.14384267440218	2.62532078138298	0.745480061203913	0;5;8;12;9;57;55;65;66;26	0	1	3.93080191137599	rnoCirc_003888	hsaCirc_008264
chr11	19998120	20018189	+	mmuCirc_001253	Spred2	CTO:ANNOTATED:CDS	4	550	NM_033523	0	0	0	0	0	0	0	0	0.119332762790135	0	0;0;0;0;0;0;0;0;3;0	0	0	2.80046262890159		
chr11	20072456	20080798	-	mmuCirc_001254	Actr2	CTO:ANNOTATED:CDS	4	566	NM_146243	0	0	0.0185119210755352	0	0	0.0655022227360508	0.0292867224602159	0.0659643899816055	0.0397775875967117	0.086016930138913	0;0;1;0;0;2;1;2;1;3	0	0	1.70828449647117		
chr11	20072456	20094445	-	mmuCirc_001255	Actr2	CTO:ANNOTATED:CDS	6	855	NM_146243	0	0	0	0	0	0.0982533341040761	0	0	0	0	0;0;0;0;0;3;0;0;0;0	0	0	2.56380895521826		
chr11	20077188	20080798	-	mmuCirc_001256	Actr2	CTO:ANNOTATED:CDS	3	433	NM_146243	0	0	0	0.0576882395620293	0	0.0655022227360508	0.146433612301079	0.197893169944816	0.23866552558027	0.086016930138913	0;0;0;3;0;2;5;6;6;3	0	0	2.54798566835972		
chr11	20218813	20223179	+	mmuCirc_001257	Rab1	CTO:ANNOTATED:CDS	2	192	NM_008996	0.0179914506425692	0.0170667097749	0	0	0	0.0982533341040761	0.0292867224602159	0.197893169944816	0.0795551751934235	0.172033860277826	1;1;0;0;0;3;1;6;2;6	0	0	2.21470866697843		hsaCirc_008261
chr11	20236006	20242238	-	mmuCirc_001258	Cep68	CTO:ANNOTATED:CDS:5UTR	4	2076	NM_172260	0	0.0170667097749	0	0	0	0.0655022227360508	0	0	0.159110350386847	0.0286723100463043	0;1;0;0;0;2;0;0;4;1	0	0	1.41292897952059	rnoCirc_003890	
chr11	20692465	20708737	-	mmuCirc_001259	Aftph	CTO:ANNOTATED:CDS	5	446	NM_001252503:NM_001290545:NM_181411	0	0	0	0	0.018226776348359	0.229257779576178	0.0292867224602159	0	0.0397775875967117	0.0573446200926087	0;0;0;0;1;7;1;0;1;2	0	0	1.88427193791685		
chr11	20703711	20709746	-	mmuCirc_001260	Aftph	CTO:ANNOTATED:CDS	3	307	NM_001252503:NM_001290545:NM_181411	0.0179914506425692	0	0	0	0	0.0655022227360508	0.117146889840864	0.197893169944816	0.119332762790135	0.0286723100463043	1;0;0;0;0;2;4;6;3;1	0	0	2.29541001447387		hsaCirc_008258
chr11	20703711	20712315	-	mmuCirc_001261	Aftph	CTO:ANNOTATED:CDS	4	459	NM_001252503:NM_001290545:NM_181411	0.0359829012851383	0	0	0.0384588263746862	0.018226776348359	0.327511113680254	0.0878601673806477	0.0989465849724082	0.198887937983559	0.086016930138913	2;0;0;2;1;10;3;3;5;3	0	0	2.20273441661993		hsaCirc_008257