chr13	12239649	12250691	-	mmuCirc_002401	Mtr	CTO:ANNOTATED:CDS	8	681	NM_001081128	0	0	0	0	0	0	0.117146889840864	0.164910974954014	0.198887937983559	0.0573446200926087	0;0;0;0;0;0;4;5;5;2	0	0	2.84745761146745		
chr13	12241565	12250691	-	mmuCirc_002402	Mtr	CTO:ANNOTATED:CDS	7	619	NM_001081128	0	0	0	0	0	0.0655022227360508	0.0878601673806477	0.0329821949908028	0.0397775875967117	0.0573446200926087	0;0;0;0;0;2;3;1;1;2	0	0	1.89269308659802		
chr13	12282515	12291890	-	mmuCirc_002403	Actn2	CTO:ANNOTATED:CDS	4	639	NM_033268	0.0179914506425692	0	0	0	0	0.163755556840127	0	0.0659643899816055	0.0397775875967117	0.0573446200926087	1;0;0;0;0;5;0;2;1;2	0	0	1.9771714883933	rnoCirc_005156	
chr13	12296475	12301016	-	mmuCirc_002404	Actn2	CTO:ANNOTATED:CDS	2	168	NM_033268	0.0539743519277075	0	0	0.0576882395620293	0.018226776348359	0.327511113680254	0.117146889840864	0.428768534880436	0.357998288370406	0.229378480370435	3;0;0;3;1;10;4;13;9;8	0	0	2.89716095701095	rnoCirc_005159	
chr13	12454735	12459316	-	mmuCirc_002405	Lgals8	CTO:ANNOTATED:CDS:5UTR	3	443	NM_001291055:NM_001291057:NM_001291060:NM_001199043:NM_018886	0.0359829012851383	0.0170667097749	0	0.0384588263746862	0	0.196506668208152	0.0878601673806477	0.164910974954014	0.198887937983559	0.143361550231522	2;1;0;2;0;6;3;5;5;5	0	0	2.32715494053039		
chr13	13468231	13478338	+	mmuCirc_002406	Nid1	CTO:ANNOTATED:CDS	4	980	NM_010917	0	0.0170667097749	0	0.0192294131873431	0	0.0655022227360508	0.0292867224602159	0.197893169944816	0.0795551751934235	0.086016930138913	0;1;0;1;0;2;1;6;2;3	0	0	1.9404738610205		
chr13	13696610	13698533	+	mmuCirc_002407	Lyst	CTO:ANNOTATED:CDS	2	386	NM_010748	0.0179914506425692	0	0	0	0	0.196506668208152	0.0585734449204318	0.131928779963211	0.318220700773694	0.0573446200926087	1;0;0;0;0;6;2;4;8;2	0	0	2.68824477037064		
chr13	13980601	13991552	+	mmuCirc_002408	B3galnt2	CTO:ANNOTATED:CDS	4	470	NM_178640	0	0	0	0	0	0	0.0292867224602159	0	0	0.114689240185217	0;0;0;0;0;0;1;0;0;4	0	0	2.02638087230429		
chr13	14014643	14019887	-	mmuCirc_002409	Tbce	CTO:ALT_DONOR:CDS	2	367	NM_178337	0	0	0.0185119210755352	0.0192294131873431	0.0364535526967181	0.0655022227360508	0	0.131928779963211	0.318220700773694	0.0573446200926087	0;0;1;1;2;2;0;4;8;2	0	0	1.909543497135		
chr13	14126451	14129265	+	mmuCirc_002410	Arid4b	CTO:ANNOTATED:CDS	2	157	NM_194262:NM_198122	0	0	0	0	0	0	0	0	0.198887937983559	0	0;0;0;0;0;0;0;0;5;0	0	0	3.45212055059048		
chr13	14126451	14136259	+	mmuCirc_002411	Arid4b	CTO:ANNOTATED:CDS	4	329	NM_194262:NM_198122	0	0	0	0	0	0	0	0.0659643899816055	0.0397775875967117	0.086016930138913	0;0;0;0;0;0;0;2;1;3	0	0	2.02985553392988		
chr13	14132436	14145366	+	mmuCirc_002412	Arid4b	CTO:ANNOTATED:CDS	4	391	NM_194262:NM_198122	0	0.0341334195498	0.0185119210755352	0	0	0.0982533341040761	0	0.131928779963211	0.159110350386847	0.0286723100463043	0;2;1;0;0;3;0;4;4;1	0	0	1.51063713494276		
chr13	14181220	14184505	+	mmuCirc_002413	Arid4b	CTO:ANNOTATED:CDS	2	284	NM_194262:NM_198122	0.0359829012851383	0	0	0	0	0.0327511113680254	0.0292867224602159	0.0659643899816055	0.0795551751934235	0.114689240185217	2;0;0;0;0;1;1;2;2;4	0	0	1.67724249020509		
chr13	14191143	14193581	+	mmuCirc_002414	Arid4b	CTO:ANNOTATED:CDS	2	330	NM_194262:NM_198122	0	0	0.0370238421510704	0.0192294131873431	0	0.131004445472102	0	0	0.119332762790135	0	0;0;2;1;0;4;0;0;3;0	0	0	1.07782691416612		
chr13	15478000	15548642	+	mmuCirc_002415	Gli3	CTO:ANNOTATED:CDS:5UTR	2	408	NM_008130	0	0.0170667097749	0	0	0	0.0982533341040761	0.0585734449204318	0.0329821949908028	0.318220700773694	0	0;1;0;0;0;3;2;1;8;0	0	0	2.28328184524759	rnoCirc_004982	hsaCirc_014139
chr13	15641069	15662530	+	mmuCirc_002416	Gli3	CTO:ANNOTATED:CDS	6	1024	NM_008130	0.0179914506425692	0	0	0	0	0.131004445472102	0	0.0659643899816055	0.198887937983559	0	1;0;0;0;0;4;0;2;5;0	0	0	2.5155680089988		hsaCirc_014137
chr13	15659962	15662530	+	mmuCirc_002417	Gli3	CTO:ANNOTATED:CDS	3	469	NM_008130	0	0	0	0	0.018226776348359	0.0327511113680254	0	0.0989465849724082	0.0795551751934235	0	0;0;0;0;1;1;0;3;2;0	0	0	1.33808905152785		hsaCirc_014136
chr13	17763104	17772957	-	mmuCirc_002418	Cdk13	CTO:ANNOTATED:CDS	4	1139	NM_001081058:NM_027118	0.0539743519277075	0.0170667097749	0.111071526453211	0.0192294131873431	0.0546803290450771	0.229257779576178	0.117146889840864	0.395786339889633	0.357998288370406	0.344067720555652	3;1;6;1;3;7;4;12;9;12	0	0	2.17186682976673		hsaCirc_014129
chr13	18810432	18814293	+	mmuCirc_002419	Vps41	CTO:ANNOTATED:CDS	3	334	NM_172120	0.0359829012851383	0.0512001293247	0.0185119210755352	0.0769176527493725	0.018226776348359	0.262008890944203	0.351440669522591	0.263857559926422	0.397775875967117	0.372740030601957	2;3;1;4;1;8;12;8;10;13	0	0	2.61329394001979	rnoCirc_004972	hsaCirc_014125
chr13	19584029	19594655	-	mmuCirc_002420	Epdr1	ITO:ALT_DONOR:CDS:3UTR	1	10627	NM_134065	0	0	0	0	0	0.0327511113680254	0	0	0.159110350386847	0.0286723100463043	0;0;0;0;0;1;0;0;4;1	0	0	1.94835984735689		
chr13	20185354	20209211	+	mmuCirc_002421	Elmo1	CTO:ANNOTATED:CDS:5UTR	3	265	NM_080288	0.0539743519277075	0	0	0	0.018226776348359	0.0655022227360508	0.0585734449204318	0.0329821949908028	0.159110350386847	0.086016930138913	3;0;0;0;1;2;2;1;4;3	0	0	1.64458044574781		hsaCirc_014121
chr13	20274520	20290493	+	mmuCirc_002422	Elmo1	CTO:ANNOTATED:CDS	6	637	NM_080288	0	0	0	0	0	0	0	0	0.119332762790135	0	0;0;0;0;0;0;0;0;3;0	0	0	2.80046262890159		
chr13	20564424	20572457	+	mmuCirc_002423	Elmo1	CTO:ANNOTATED:CDS:5UTR	2	277	NM_080288:NM_198093	0	0	0.0185119210755352	0	0.018226776348359	0.163755556840127	0.0585734449204318	0.197893169944816	0.23866552558027	0.0573446200926087	0;0;1;0;1;5;2;6;6;2	0	0	2.47674701006375		
chr13	20564424	20589726	+	mmuCirc_002424	Elmo1	CTO:ANNOTATED:CDS:5UTR	4	468	NM_080288:NM_198093	0.0179914506425692	0	0	0	0.0364535526967181	0.0327511113680254	0.0585734449204318	0.0329821949908028	0.198887937983559	0	1;0;0;0;2;1;2;1;5;0	0	0	1.16162645869683		
chr13	21447786	21449516	-	mmuCirc_002425	Zscan26	CTO:ANNOTATED:CDS:5UTR	2	185	NM_001013786	0	0	0	0.0192294131873431	0	0	0	0.131928779963211	0	0.0286723100463043	0;0;0;1;0;0;0;4;0;1	0	0	1.07882959149099		hsaCirc_013111
chr13	23757555	23760395	-	mmuCirc_002426		NTO	1	2841		0	0	0	0	0	0	0	0	0.119332762790135	0	0;0;0;0;0;0;0;0;3;0	0	0	2.80046262890159		
chr13	24064577	24094570	-	mmuCirc_002427	Lrrc16a	CTO:ANNOTATED:CDS	9	1110	NM_026825	0	0	0	0	0	0	0.0292867224602159	0.0329821949908028	0.23866552558027	0.20070617032413	0;0;0;0;0;0;1;1;6;7	0	0	2.46594440022621	rnoCirc_004966	
chr13	24439122	24460326	+	mmuCirc_002428	Cmah	CTO:ANNOTATED:CDS	3	452	NM_001111110:NM_001284519:NM_001284520:NM_007717	0.0179914506425692	0	0.0185119210755352	0	0.018226776348359	0.0327511113680254	0	0.0989465849724082	0.0795551751934235	0.172033860277826	1;0;1;0;1;1;0;3;2;6	0	0	1.68616628162353		
chr13	24836016	24840558	+	mmuCirc_002429	Tdp2	CTO:ANNOTATED:CDS	4	553	NM_019551	0	0	0	0	0	0.0327511113680254	0.0585734449204318	0.131928779963211	0.318220700773694	0.0573446200926087	0;0;0;0;0;1;2;4;8;2	0	0	2.46595211734664		
chr13	24838147	24840558	+	mmuCirc_002430	Tdp2	CTO:ANNOTATED:CDS	2	290	NM_019551	0	0	0	0.0192294131873431	0	0.0982533341040761	0	0.0329821949908028	0.159110350386847	0.0286723100463043	0;0;0;1;0;3;0;1;4;1	0	0	1.86081471683136		
chr13	24919679	24926148	-	mmuCirc_002431	Aldh5a1	CTO:ANNOTATED:CDS	3	432	NM_172532	0	0	0	0	0	0.0982533341040761	0	0	0	0	0;0;0;0;0;3;0;0;0;0	0	0	2.56380895521826		
chr13	28505706	28561579	-	mmuCirc_002432	2610307P16Rik	CTO:ncRNA	2	347	NR_045053:NR_045054	0	0	0	0	0	0.0327511113680254	0	0.0989465849724082	0.0795551751934235	0	0;0;0;0;0;1;0;3;2;0	0	0	2.09564658313634		
chr13	28608518	28634406	-	mmuCirc_002433	2610307P16Rik	CTO:ncRNA	1	25889	NR_045053:NR_045054	0	0	0.0185119210755352	0	0.0364535526967181	0.294760002312228	0.263580502141943	0.263857559926422	0.636441401547388	0.086016930138913	0;0;1;0;2;9;9;8;16;3	0	0	3.3258819287997		
chr13	28668370	28669994	-	mmuCirc_002434	2610307P16Rik	CTO:ncRNA	2	548	NR_045053:NR_045054	0.0359829012851383	0	0.0185119210755352	0.115376479124059	0.0364535526967181	0.327511113680254	0.263580502141943	0.560697314843647	1.19332762790135	0.544773890879783	2;0;1;6;2;10;9;17;30;19	0	0	3.37211080723348		
chr13	28668370	28730503	-	mmuCirc_002435	2610307P16Rik	CTO:ncRNA	3	19935	NR_045053:NR_045054	0.0359829012851383	0	0	0.0192294131873431	0	0.0655022227360508	0.0585734449204318	0.0659643899816055	0.119332762790135	0	2;0;0;1;0;2;2;2;3;0	0	0	1.62932087923387		
chr13	29474529	29552395	-	mmuCirc_002436	Cdkal1	CTO:ANNOTATED:CDS	3	494	NM_144536	0	0	0.0185119210755352	0	0	0.0982533341040761	0.0292867224602159	0.0659643899816055	0.159110350386847	0	0;0;1;0;0;3;1;2;4;0	0	0	2.04655471869812		
chr13	29517413	29552395	-	mmuCirc_002437	Cdkal1	CTO:ANNOTATED:CDS	2	313	NM_144536	0.0359829012851383	0.0512001293247	0.0740476843021408	0.0192294131873431	0.0729071053934362	0.0982533341040761	0.351440669522591	0.461750729871238	0.517108638757253	0.20070617032413	2;3;4;1;4;3;12;14;13;7	0	0	2.16845952668412		
chr13	29777217	29850108	-	mmuCirc_002438	Cdkal1	CTO:ANNOTATED:CDS	3	368	NM_144536	0	0	0.0185119210755352	0.0192294131873431	0	0.0655022227360508	0	0.0329821949908028	0.198887937983559	0.0286723100463043	0;0;1;1;0;2;0;1;5;1	0	0	1.57986262318623		
chr13	29846228	29850108	-	mmuCirc_002439	Cdkal1	CTO:ANNOTATED:CDS	2	283	NM_144536	0.0179914506425692	0	0.0185119210755352	0.0192294131873431	0.018226776348359	0.0655022227360508	0.117146889840864	0.131928779963211	0.357998288370406	0.114689240185217	1;0;1;1;1;2;4;4;9;4	0	0	2.20266130274099		
chr13	29849939	29854941	-	mmuCirc_002440	Cdkal1	CTO:ANNOTATED:CDS:5UTR	2	214	NM_144536	0	0.0170667097749	0	0.0192294131873431	0	0	0.0878601673806477	0.0659643899816055	0.0397775875967117	0.086016930138913	0;1;0;1;0;0;3;2;1;3	0	0	1.66464926483657		
chr13	30925723	30940770	-	mmuCirc_002441	Exoc2	CTO:ANNOTATED:CDS:5UTR	5	704	NM_025588	0.0179914506425692	0	0	0.0192294131873431	0	0.0655022227360508	0	0.0659643899816055	0.119332762790135	0.0573446200926087	1;0;0;1;0;2;0;2;3;2	0	0	1.76346352576731		
chr13	32225135	32227302	-	mmuCirc_002442	Gmds	CTO:ANNOTATED:CDS	2	198	NM_146041	0.0539743519277075	0	0.0370238421510704	0	0.018226776348359	0.0982533341040761	0.0292867224602159	0.197893169944816	0.278443113176982	0.143361550231522	3;0;2;0;1;3;1;6;7;5	0	0	1.98135274818479	rnoCirc_004947	
chr13	32225135	32234397	-	mmuCirc_002443	Gmds	CTO:ANNOTATED:CDS	3	243	NM_146041	0	0	0.0370238421510704	0	0	0.0327511113680254	0.0878601673806477	0.131928779963211	0.0795551751934235	0.086016930138913	0;0;2;0;0;1;3;4;2;3	0	0	1.99315377486874		
chr13	32708880	32720601	-	mmuCirc_002444	Mylk4	CTO:ANNOTATED:CDS:3UTR	6	641	NM_001166030	0	0.0170667097749	0	0	0	0.0655022227360508	0	0.0989465849724082	0	0	0;1;0;0;0;2;0;3;0;0	0	0	1.25935993722219		
chr13	33008768	33033053	+	mmuCirc_002445	Serpinb9:Serpinb9b	ITO:ANNOTATED	1	24286	NM_009256:NM_011452	0.0359829012851383	0.170667097749	0.0740476843021408	0.0576882395620293	0.018226776348359	0	0.0878601673806477	0.0329821949908028	0.159110350386847	0.0573446200926087	2;10;4;3;1;0;3;1;4;2	0	0	-0.182593361442655		
chr13	34076178	34128531	-	mmuCirc_002446	Tubb2a:4930447K03Rik:Tubb2b	ITO:ANNOTATED	1	52354	NM_009450:NR_046184:NM_023716	0.377820463493952	0.1536003879741	0.111071526453211	0.903782419805126	0.911338817417952	0.491266670520381	0.292867224602159	0.197893169944816	0.875106927127658	0.86016930138913	21;9;6;47;50;15;10;6;22;30	1	1	0.363597479786949		hsaCirc_012991
chr13	34298997	34305261	-	mmuCirc_002447	Slc22a23	CTO:ANNOTATED:CDS	2	259	NM_001033167	0	0	0	0	0.0364535526967181	0	0.0585734449204318	0.131928779963211	0.159110350386847	0.114689240185217	0;0;0;0;2;0;2;4;4;4	0	0	2.32916005614452	rnoCirc_004943	hsaCirc_012993
chr13	34638165	34639098	-	mmuCirc_002448	Pxdc1	CTO:ANNOTATED:CDS	2	210	NM_025831	0	0	0.0185119210755352	0	0	0.0982533341040761	0.117146889840864	0.131928779963211	0.119332762790135	0.0573446200926087	0;0;1;0;0;3;4;4;3;2	0	0	2.4146481440736		
chr13	34959874	34988352	-	mmuCirc_002449	Eci3:Eci2	ITO:ANNOTATED	1	28479	NM_026947:NM_001110331:NM_011868:NR_073427	1.06149558791158	0	0	0	0	0	0	0	0	0	59;0;0;0;0;0;0;0;0;0	0	0	-5.75688396944256	rnoCirc_004940	
chr13	35790101	35816575	+	mmuCirc_002450	Cdyl	CTO:ANNOTATED:CDS	2	742	NM_009881:NM_001123386	0.0719658025702766	0.0170667097749	0.0740476843021408	0.0961470659367156	0.0911338817417952	0.949782229672736	0.468587559363454	0.989465849724082	1.63088109146518	1.03220316166696	4;1;4;5;5;29;16;30;41;36	0	1	3.52304454261163	rnoCirc_004935	
chr13	35815909	35816575	+	mmuCirc_002451	Cdyl	CTO:ANNOTATED:CDS	1	667	NM_009881:NM_001123386	0.575726420562213	0.341334195498	0.481309947963915	0.980700072554499	1.03892625185647	5.27292893025209	4.45158181395282	10.1914982521581	13.8426004836557	7.08206058143717	32;20;26;51;57;161;152;309;348;247	1	1	3.53336476304438	rnoCirc_004933	hsaCirc_012996
chr13	35903688	35904563	-	mmuCirc_002452	Rpp40	CTO:ANNOTATED:CDS	2	214	NM_145938	0	0	0	0	0	0	0	0	0	0.086016930138913	0;0;0;0;0;0;0;0;0;3	0	0	2.40622276606355		
chr13	36207627	36246494	+	mmuCirc_002453	Fars2	CTO:ALT_ACCEPTOR:CDS:5UTR	2	24787	NM_001039189:NM_024274	0.0179914506425692	0.0341334195498	0.0555357632266056	0.0576882395620293	0.0546803290450771	0.262008890944203	0.380727391982807	0.560697314843647	0.477331051160541	0.45875696074087	1;2;3;3;3;8;13;17;12;16	0	1	2.8163019784212		
chr13	36232122	36246494	+	mmuCirc_002454	Fars2	CTO:ANNOTATED:CDS:5UTR	2	292	NM_001039189:NM_024274	0.0359829012851383	0	0	0.0192294131873431	0.0364535526967181	0.327511113680254	0.292867224602159	0.428768534880436	0.477331051160541	0.20070617032413	2;0;0;1;2;10;10;13;12;7	0	0	3.34411374755327	rnoCirc_004925	hsaCirc_012998
chr13	36877743	36918635	-	mmuCirc_002455	F13a1	CTO:ANNOTATED:CDS	6	933	NM_028784:NM_001166391	0	0.0170667097749	0	0.0192294131873431	0.018226776348359	0.163755556840127	0.146433612301079	0.131928779963211	0.23866552558027	0.143361550231522	0;1;0;1;1;5;5;4;6;5	0	0	2.62165665081457		
chr13	36892806	36918635	-	mmuCirc_002456	F13a1	CTO:ANNOTATED:CDS	5	796	NM_028784:NM_001166391	0	0	0.0185119210755352	0	0.018226776348359	0.0327511113680254	0.0585734449204318	0.230875364935619	0.278443113176982	0.086016930138913	0;0;1;0;1;1;2;7;7;3	0	0	2.28957207971391		
chr13	36897982	36918635	-	mmuCirc_002457	F13a1	CTO:ANNOTATED:CDS	4	635	NM_028784:NM_001166391	0.0179914506425692	0	0.0555357632266056	0	0	0.0327511113680254	0.0292867224602159	0.131928779963211	0	0	1;0;3;0;0;1;1;4;0;0	0	0	0.927629716733056		
chr13	36905903	36918635	-	mmuCirc_002458	F13a1	CTO:ANNOTATED:CDS	3	347	NM_028784:NM_001166391	0	0	0	0	0	0.0982533341040761	0.0878601673806477	0.0989465849724082	0.0795551751934235	0	0;0;0;0;0;3;3;3;2;0	0	0	2.47065937206193		
chr13	36943891	36972066	-	mmuCirc_002459	F13a1	CTO:ANNOTATED:CDS	4	541	NM_028784:NM_001166391	0.0539743519277075	0.0170667097749	0	0	0.018226776348359	0.0982533341040761	0	0	0.119332762790135	0.0573446200926087	3;1;0;0;1;3;0;0;3;2	0	0	0.900959943283597		
chr13	36968018	36972066	-	mmuCirc_002460	F13a1	CTO:ANNOTATED:CDS	2	227	NM_028784:NM_001166391	0	0	0.0185119210755352	0	0	0	0.117146889840864	0.0659643899816055	0.0795551751934235	0.114689240185217	0;0;1;0;0;0;4;2;2;4	0	0	2.25078577056456		hsaCirc_012999
chr13	37858985	37899787	+	mmuCirc_002461	Rreb1	CTO:ALT_ACCEPTOR:CDS:5UTR	5	31776	NM_026830:NM_001177868:NR_033615:NM_001039188	0	0	0	0	0	0.0327511113680254	0	0	0.119332762790135	0	0;0;0;0;0;1;0;0;3;0	0	0	2.09983205897444		
chr13	37888871	37893984	+	mmuCirc_002462	Rreb1	CTO:ANNOTATED:CDS:5UTR	3	422	NM_026830:NM_001177868:NR_033615:NM_001039188:NR_033218:NM_001177869	0	0	0	0.0192294131873431	0	0.0327511113680254	0.0292867224602159	0.0329821949908028	0.159110350386847	0	0;0;0;1;0;1;1;1;4;0	0	0	1.5741872996625		
chr13	37888871	37899787	+	mmuCirc_002463	Rreb1	CTO:ANNOTATED:CDS:5UTR	5	1890	NM_026830:NM_001177868:NR_033615:NM_001039188:NR_033218:NM_001177869	0.359829012851383	0.2730673563984	0.259166895057493	0.346129437372176	0.236948092528668	2.81659557765018	1.81577679253338	3.79295242394232	6.84174506663442	2.32245711375065	20;16;14;18;13;86;62;115;172;81	1	1	3.34723146451264	rnoCirc_004924	hsaCirc_013001
chr13	37888871	37916595	+	mmuCirc_002464	Rreb1	CTO:ANNOTATED:CDS:5UTR	7	2166	NM_026830:NM_001177868:NR_033615:NM_001039188:NR_033218:NM_001177869	0.0179914506425692	0	0.0555357632266056	0.0192294131873431	0	0.163755556840127	0.146433612301079	0.164910974954014	0.23866552558027	0.20070617032413	1;0;3;1;0;5;5;5;6;7	0	0	2.5615300724397	rnoCirc_004921	hsaCirc_013002
chr13	37916022	37916595	+	mmuCirc_002465	Rreb1	CTO:ANNOTATED:CDS	2	276	NM_026830:NM_001177868:NR_033615:NM_001039188:NR_033218:NM_001177869	0	0.0341334195498	0.0185119210755352	0.0384588263746862	0	0.720524450096558	0.322153947062375	0.59367950983445	0.517108638757253	0.0573446200926087	0;2;1;2;0;22;11;18;13;2	0	0	3.40313202880702		hsaCirc_013007
chr13	38047245	38049156	+	mmuCirc_002466	Riok1	CTO:ANNOTATED:CDS	3	287	NM_024242	0	0	0	0	0	0.163755556840127	0.117146889840864	0.164910974954014	0.0397775875967117	0.086016930138913	0;0;0;0;0;5;4;5;1;3	0	0	2.63439047321971	rnoCirc_004920	
chr13	38173863	38175061	-	mmuCirc_002467	Dsp	AS:CTO	1	1199	NM_023842	0	0	0	0	0	0	0.0292867224602159	0	0	0.086016930138913	0;0;0;0;0;0;1;0;0;3	0	0	1.85371090592009		