chr2	148690076	148690983	+	mmuCirc_005818	Gzf1	CTO:ALT_DONOR:CDS	2	435	NM_028986	0	0	0	0	0	0.0655022227360508	0	0	0.0795551751934235	0.086016930138913	0;0;0;0;0;2;0;0;2;3	0	0	2.27256033498201		
chr2	148700373	148707023	-	mmuCirc_005819	Napb	CTO:ANNOTATED:CDS	4	324	NM_019632	0	0	0	0	0	0.163755556840127	0	0.0989465849724082	0.119332762790135	0	0;0;0;0;0;5;0;3;3;0	0	0	2.85747351622307		
chr2	148703061	148707023	-	mmuCirc_005820	Napb	CTO:ANNOTATED:CDS	3	219	NM_019632	0	0.0170667097749	0.0370238421510704	0.0384588263746862	0.018226776348359	0.0982533341040761	0.380727391982807	0.692626094806858	0.397775875967117	0.20070617032413	0;1;2;2;1;3;13;21;10;7	0	0	3.00169004225498		
chr2	148706946	148712754	-	mmuCirc_005821	Napb	CTO:ANNOTATED:CDS	4	322	NM_019632	0.0179914506425692	0	0.0185119210755352	0.0192294131873431	0.018226776348359	0.0655022227360508	0.0292867224602159	0.0989465849724082	0.278443113176982	0.0573446200926087	1;0;1;1;1;2;1;3;7;2	0	0	1.60851774623855	rnoCirc_008315	hsaCirc_009352
chr2	150801538	150808900	+	mmuCirc_005822	Pygb	CTO:ANNOTATED:CDS	3	285	NM_153781	0	0.0341334195498	0	0	0	0	0	0.0659643899816055	0.119332762790135	0	0;2;0;0;0;0;0;2;3;0	0	0	1.15589408795764		
chr2	150817638	150819975	+	mmuCirc_005823	Pygb	CTO:ANNOTATED:CDS	3	381	NM_153781	0	0	0	0	0	0	0	0.0329821949908028	0	0.086016930138913	0;0;0;0;0;0;0;1;0;3	0	0	1.90586519009457		
chr2	152302152	152308431	+	mmuCirc_005824	Tbc1d20	CTO:ANNOTATED:CDS	4	556	NM_024196	0	0	0	0.0192294131873431	0	0.262008890944203	0.205007057221511	0.461750729871238	0.596663813950676	0.315395410509348	0;0;0;1;0;8;7;14;15;11	0	0	3.98840992179727	rnoCirc_008330	
chr2	152324267	152324640	-	mmuCirc_005825	Rbck1	CTO:ANNOTATED:CDS	2	290	NM_001083921:NM_019705	0	0	0	0	0	0.0982533341040761	0	0.0329821949908028	0.0397775875967117	0.0286723100463043	0;0;0;0;0;3;0;1;1;1	0	0	1.70800562348925		
chr2	152677542	152681929	+	mmuCirc_005826	H13	CTO:ALT_DONOR:CDS:3UTR	2	978	NM_001159553:NM_001159552:NM_001159551:NM_010376	0	0.0682668390996	0	0	0	0	0	0	0	0	0;4;0;0;0;0;0;0;0;0	0	0	-2.14187153467872		
chr2	152691793	152695584	+	mmuCirc_005827	H13	CTO:ANNOTATED:CDS	3	224	NM_001159551:NM_010376	0	0	0.0370238421510704	0	0	0.229257779576178	0.0292867224602159	0.0659643899816055	0.0795551751934235	0.086016930138913	0;0;2;0;0;7;1;2;2;3	0	0	2.05093173293713		
chr2	152885011	152889322	+	mmuCirc_005828	Tpx2	CTO:ANNOTATED:CDS	3	487	NM_001141975:NM_001141976:NM_001141977:NM_001141978:NM_028109	0	0	0	0.0384588263746862	0.0729071053934362	0.0655022227360508	0	0	0.0795551751934235	0.0573446200926087	0;0;0;2;4;2;0;0;2;2	0	0	0.866516460645538		
chr2	153187263	153189077	+	mmuCirc_005829	Tm9sf4	CTO:ANNOTATED:CDS	3	426	NM_133847	0	0	0.0185119210755352	0	0	0.0327511113680254	0	0	0.119332762790135	0.086016930138913	0;0;1;0;0;1;0;0;3;3	0	0	1.41514544841841		
chr2	153194277	153195565	+	mmuCirc_005830	Tm9sf4	CTO:ANNOTATED:CDS	3	291	NM_133847	0	0	0	0	0	0	0	0.0329821949908028	0.318220700773694	0	0;0;0;0;0;0;0;1;8;0	0	0	2.74270033575475	rnoCirc_008344	
chr2	153320275	153320902	+	mmuCirc_005831	Kif3b	CTO:ANNOTATED:CDS	3	344	NM_008444	0.0179914506425692	0.0170667097749	0.0185119210755352	0.0192294131873431	0.0546803290450771	0.327511113680254	0.263580502141943	0.263857559926422	0.477331051160541	0.315395410509348	1;1;1;1;3;10;9;8;12;11	0	0	2.96838531320656		hsaCirc_009360
chr2	153326008	153326368	+	mmuCirc_005832	Kif3b	INTRONIC	1	361	NM_008444	0	0	0	0	0.018226776348359	0	0	0.0989465849724082	0.0795551751934235	0	0;0;0;0;1;0;0;3;2;0	0	0	1.31771823902137		
chr2	153352189	153357178	+	mmuCirc_005833	Asxl1	CTO:ANNOTATED:CDS	2	195	NM_001039939	0.0719658025702766	0.1194669684243	0.0555357632266056	0.211523545060774	0.200494539831949	1.47380001156114	1.02503528610756	1.58314535955853	3.18220700773694	1.23290933199109	4;7;3;11;11;45;35;48;80;43	1	1	3.52624129739285	rnoCirc_008342	hsaCirc_009362
chr2	153391529	153391822	+	mmuCirc_005834	Asxl1	CTO:ANNOTATED:CDS	2	219	NM_001039939	0	0	0.0185119210755352	0.0192294131873431	0	0.0982533341040761	0.175720334761295	0.0989465849724082	0.318220700773694	0.086016930138913	0;0;1;1;0;3;6;3;8;3	0	0	2.5991295260521		
chr2	154345866	154348781	-	mmuCirc_005835	Cdk5rap1	CTO:ANNOTATED:CDS	2	281	NM_025876	0.0179914506425692	0.0853335488745	0	0.0384588263746862	0	0.0655022227360508	0.205007057221511	0.329821949908027	0.636441401547388	0.20070617032413	1;5;0;2;0;2;7;10;16;7	0	0	2.66941395938378		
chr2	154528837	154531412	+	mmuCirc_005836	Cbfa2t2	CTO:ANNOTATED:CDS	2	260	NM_001285446:NM_009823:NM_172860	0	0	0	0	0	0	0	0.0659643899816055	0.198887937983559	0	0;0;0;0;0;0;0;2;5;0	0	0	2.77792985499227		hsaCirc_009376
chr2	154863923	154864049	+	mmuCirc_005837	Raly	CTO:ALT_ACCEPTOR:CDS	1	127	NM_001139511:NM_001139512:NM_001139513:NM_023130	0	0	0	0	0	0	0	0	0	0.086016930138913	0;0;0;0;0;0;0;0;0;3	0	0	2.40622276606355		
chr2	155157774	155163483	+	mmuCirc_005838	Itch	CTO:ANNOTATED:CDS:5UTR	2	293	NM_001243712:NM_008395	0.0539743519277075	0	0.0740476843021408	0.0769176527493725	0.018226776348359	0.229257779576178	0.322153947062375	0.626661704825252	1.07399486511122	0.344067720555652	3;0;4;4;1;7;11;19;27;12	0	0	3.07578321741474		
chr2	155173934	155174071	+	mmuCirc_005839	Itch	CTO:ANNOTATED:CDS	1	138	NM_001243712:NM_008395	0	0.0341334195498	0	0	0	0.0655022227360508	0.0292867224602159	0.0989465849724082	0.119332762790135	0.0573446200926087	0;2;0;0;0;2;1;3;3;2	0	0	1.85692939334556		
chr2	155182158	155202279	+	mmuCirc_005840	Itch	CTO:ANNOTATED:CDS	7	824	NM_001243712:NM_008395	0	0	0	0.0192294131873431	0.018226776348359	0.0655022227360508	0.0585734449204318	0.0989465849724082	0.159110350386847	0.0286723100463043	0;0;0;1;1;2;2;3;4;1	0	0	1.83632088815035	rnoCirc_008365	
chr2	155209059	155213102	+	mmuCirc_005841	Itch	CTO:ANNOTATED:CDS	5	661	NM_001243712:NM_008395	0	0	0	0	0.018226776348359	0.0327511113680254	0	0	0.119332762790135	0	0;0;0;0;1;1;0;0;3;0	0	0	1.08836019155041		
chr2	155277694	155277805	+	mmuCirc_005842	Map1lc3a	CTO:ALT_DONOR:ALT_ACCEPTOR:3UTR	1	112	NM_025735:NR_046364	0.0179914506425692	0	0	0	0	0.0655022227360508	0.0585734449204318	0	0.159110350386847	0.0573446200926087	1;0;0;0;0;2;2;0;4;2	0	0	2.06460167222239	rnoCirc_008368	
chr2	155314502	155336741	-	mmuCirc_005843	Pigu	CTO:ANNOTATED:CDS	5	432	NM_001004721	0	0	0	0	0	0	0	0.0989465849724082	0	0	0;0;0;0;0;0;0;3;0;0	0	0	2.57224194660756		
chr2	155386051	155386158	-	mmuCirc_005844	Trp53inp2	AS:CTO	1	108	NM_178111	0.0179914506425692	0.0512001293247	0	0	0	0	0	0	0	0.0286723100463043	1;3;0;0;0;0;0;0;0;1	0	0	-0.491484471136159		
chr2	155387046	155387164	-	mmuCirc_005845	Trp53inp2	AS:CTO	1	119	NM_178111	0.0359829012851383	0.0341334195498	0	0	0.0729071053934362	0	0	0	0	0.0573446200926087	2;2;0;0;4;0;0;0;0;2	0	0	-1.06199792380138		
chr2	155395720	155402740	-	mmuCirc_005846	Ncoa6	CTO:ANNOTATED:CDS	3	258	NM_001242558:NM_019825	0.0179914506425692	0.0170667097749	0.0185119210755352	0.0576882395620293	0	0.163755556840127	0.205007057221511	0.263857559926422	0.198887937983559	0.086016930138913	1;1;1;3;0;5;7;8;5;3	0	0	2.33165054512803		hsaCirc_009393
chr2	155432816	155440785	-	mmuCirc_005847	Ncoa6	CTO:ALT_ACCEPTOR:CDS:5UTR	4	657	NM_001242558:NM_019825	0.0539743519277075	0.0512001293247	0.0185119210755352	0.0192294131873431	0.0546803290450771	0.589520004624457	0.322153947062375	0.230875364935619	1.39221556588491	0.401412340648261	3;3;1;1;3;18;11;7;35;14	0	0	3.13543545681361		
chr2	155437860	155440785	-	mmuCirc_005848	Ncoa6	CTO:ALT_ACCEPTOR:CDS:5UTR	2	378	NM_001242558:NM_019825	0.0179914506425692	0.0341334195498	0.092559605377676	0.0384588263746862	0.0546803290450771	0.884280006936685	0.556447726744102	1.1543768246781	0.91488451472437	0.659463131065	1;2;5;2;3;27;19;35;23;23	0	0	3.7107292027024	rnoCirc_008372	
chr2	155858112	155909425	-	mmuCirc_005849	Uqcc1	CTO:ANNOTATED:CDS	4	318	NM_018888:NR_024487	0	0	0	0	0	0.0327511113680254	0.117146889840864	0.0659643899816055	0.0795551751934235	0.0286723100463043	0;0;0;0;0;1;4;2;2;1	0	0	1.97583764221869		
chr2	155887109	155911836	-	mmuCirc_005850	Uqcc1	CTO:ANNOTATED:CDS	5	447	NM_018888:NR_024487	0	0	0	0.0384588263746862	0	0.196506668208152	0.0878601673806477	0.230875364935619	0.23866552558027	0.0286723100463043	0;0;0;2;0;6;3;7;6;1	0	0	2.58900499935001		
chr2	156161568	156167750	-	mmuCirc_005851	Rbm39	CTO:ANNOTATED:CDS	6	595	NM_001291115:NM_001291114:NM_133242	0	0	0	0	0.0364535526967181	0	0.117146889840864	0.0329821949908028	0.119332762790135	0.0286723100463043	0;0;0;0;2;0;4;1;3;1	0	0	1.69241427934084		
chr2	156167538	156167750	-	mmuCirc_005852	Rbm39	CTO:ANNOTATED:CDS	2	120	NM_001291115:NM_001291114:NM_133242	0	0	0	0	0.018226776348359	0.0327511113680254	0.0878601673806477	0.131928779963211	0.198887937983559	0	0;0;0;0;1;1;3;4;5;0	0	0	1.8546304100483		
chr2	156177633	156178952	-	mmuCirc_005853	Rbm39	INTRONIC	1	1320	NM_001291115:NM_001291114:NM_133242	0	0.0170667097749	0	0.0384588263746862	0.018226776348359	0.196506668208152	0.175720334761295	0.164910974954014	0.556886226353964	0.114689240185217	0;1;0;2;1;6;6;5;14;4	0	0	2.8330938794734		
chr2	156223335	156251947	+	mmuCirc_005854	Phf20	CTO:ANNOTATED:CDS:5UTR	2	287	NM_172674	0	0.0170667097749	0	0	0	0.0982533341040761	0	0	0.0397775875967117	0	0;1;0;0;0;3;0;0;1;0	0	0	1.08442985716034		
chr2	156223335	156254310	+	mmuCirc_005855	Phf20	CTO:ANNOTATED:CDS:5UTR	3	372	NM_172674	0.125940154497984	0.0512001293247	0.148095368604282	0.134605892311402	0	1.08078667514484	0.556447726744102	1.2203412146597	1.71043626665861	0.487429270787174	7;3;8;7;0;33;19;37;43;17	1	0	3.39306255059478	rnoCirc_008396	hsaCirc_009417
chr2	156251776	156254310	+	mmuCirc_005856	Phf20	CTO:ANNOTATED:CDS	2	257	NM_172674	0.0179914506425692	0	0	0	0	0.229257779576178	0.234293779681727	0.0659643899816055	0	0	1;0;0;0;0;7;8;2;0;0	0	0	2.82868508494397	rnoCirc_008395	hsaCirc_009423
chr2	156254226	156276668	+	mmuCirc_005857	Phf20	CTO:ANNOTATED:CDS	6	1036	NM_172674	0	0.0170667097749	0	0	0	0	0	0	0.119332762790135	0	0;1;0;0;0;0;0;0;3;0	0	0	0.955169284416142		hsaCirc_009430
chr2	156264281	156267542	+	mmuCirc_005858	Phf20	CTO:ANNOTATED:CDS	2	468	NM_172674	0	0	0	0	0	0.131004445472102	0.0585734449204318	0.0989465849724082	0.0397775875967117	0.086016930138913	0;0;0;0;0;4;2;3;1;3	0	0	2.28972606407926		hsaCirc_009431
chr2	156264281	156276668	+	mmuCirc_005859	Phf20	CTO:ANNOTATED:CDS	5	951	NM_172674	0	0	0	0.0576882395620293	0	0.131004445472102	0.0878601673806477	0.164910974954014	0.159110350386847	0	0;0;0;3;0;4;3;5;4;0	0	0	2.44036223106683		hsaCirc_009433
chr2	156745835	156749356	+	mmuCirc_005860	Dlgap4	CTO:ANNOTATED:CDS:5UTR	4	944	NM_001277186:NM_001277187:NM_146128:NM_001042488:NM_001042487	0.0539743519277075	0.0341334195498	0	0.0769176527493725	0.0546803290450771	0.294760002312228	0.146433612301079	0.527715119852844	1.07399486511122	0.372740030601957	3;2;0;4;3;9;5;16;27;13	0	1	2.87526830396658		hsaCirc_009437
chr2	157033258	157037310	-	mmuCirc_005861	Soga1	CTO:ANNOTATED:CDS	2	267	NM_001164663	0	0	0	0	0	0	0	0	0.119332762790135	0.0573446200926087	0;0;0;0;0;0;0;0;3;2	0	0	2.37588178681901	rnoCirc_008390	
chr2	157053519	157060412	-	mmuCirc_005862	Soga1	CTO:ANNOTATED:CDS	2	384	NM_001164663	0	0.0170667097749	0	0.0192294131873431	0	0	0.117146889840864	0.164910974954014	0.437553463563829	0.143361550231522	0;1;0;1;0;0;4;5;11;5	0	0	2.91755352860229	rnoCirc_008388	hsaCirc_009447
chr2	157101721	157106323	-	mmuCirc_005863	Samhd1	CTO:ANNOTATED:CDS	3	336	NM_001139520:NM_018851	0	0	0	0	0	0	0	0.0659643899816055	0.159110350386847	0	0;0;0;0;0;0;0;2;4;0	0	0	2.63325798206817		
chr2	157120482	157126844	-	mmuCirc_005864	Samhd1	CTO:ANNOTATED:CDS	4	421	NM_001139520:NM_018851	0	0	0	0	0	0.0655022227360508	0.146433612301079	0.0989465849724082	0.159110350386847	0	0;0;0;0;0;2;5;3;4;0	0	0	2.72196389887202		
chr2	157121831	157126844	-	mmuCirc_005865	Samhd1	CTO:ANNOTATED:CDS	3	350	NM_001139520:NM_018851	0	0	0	0	0	0	0	0.0989465849724082	0.0795551751934235	0	0;0;0;0;0;0;0;3;2;0	0	0	2.44386913018087		
chr2	157395910	157396273	+	mmuCirc_005866	Manbal	CTO:ALT_DONOR:CDS:3UTR	1	364	NM_026968	0	0	0	0.0576882395620293	0	0.131004445472102	0.0585734449204318	0.0329821949908028	0.278443113176982	0.114689240185217	0;0;0;3;0;4;2;1;7;4	0	0	2.19786381637842		
chr2	158035996	158050213	+	mmuCirc_005867	Rprd1b	CTO:ANNOTATED:CDS:5UTR	4	504	NM_001291134:NM_001291135:NM_001291136:NM_027434	0.0359829012851383	0.0512001293247	0.0370238421510704	0.0769176527493725	0.0364535526967181	0.42576444778433	0.380727391982807	0.758590484788463	0.875106927127658	0.372740030601957	2;3;2;4;2;13;13;23;22;13	0	0	3.05255747163953		
chr2	158035996	158058827	+	mmuCirc_005868	Rprd1b	CTO:ANNOTATED:CDS:5UTR	5	680	NM_001291134:NM_001291135:NM_001291136:NM_027434	0.0359829012851383	0.0341334195498	0.0740476843021408	0	0.0364535526967181	0.818777784200635	0.351440669522591	1.02244804471489	1.11377245270793	0.516101580833478	2;2;4;0;2;25;12;31;28;18	0	0	3.84531350364709	rnoCirc_008403	hsaCirc_009462
chr2	158043406	158058827	+	mmuCirc_005869	Rprd1b	CTO:ANNOTATED:CDS:5UTR	4	550	NM_001291134:NM_001291135:NM_001291136:NM_027434	0	0	0	0.0384588263746862	0.0364535526967181	0.0982533341040761	0	0	0.159110350386847	0.0573446200926087	0;0;0;2;2;3;0;0;4;2	0	0	1.54446715479738		
chr2	158047916	158050213	+	mmuCirc_005870	Rprd1b	CTO:ANNOTATED:CDS	2	240	NM_001291134:NM_001291135:NM_001291136:NM_027434	0	0	0	0.0192294131873431	0	0	0.0878601673806477	0.0989465849724082	0.119332762790135	0.0573446200926087	0;0;0;1;0;0;3;3;3;2	0	0	2.19579000946788		hsaCirc_009463
chr2	158473123	158477763	+	mmuCirc_005871	Ralgapb	CTO:ANNOTATED:CDS	3	448	NM_001291137:NM_001291138	0	0	0	0	0	0	0.0292867224602159	0.0329821949908028	0.159110350386847	0	0;0;0;0;0;0;1;1;4;0	0	0	1.95649448821484		
chr2	158473123	158482501	+	mmuCirc_005872	Ralgapb	CTO:ANNOTATED:CDS	4	585	NM_001291137:NM_001291138	0	0	0	0.0192294131873431	0	0.131004445472102	0.0585734449204318	0.0659643899816055	0	0.086016930138913	0;0;0;1;0;4;2;2;0;3	0	0	1.68571742036179		
chr2	158482365	158484562	+	mmuCirc_005873	Ralgapb	CTO:ALT_DONOR:CDS	1	2198	NM_001291137:NM_001291138	0.0179914506425692	0	0.0185119210755352	0	0	0.0655022227360508	0	0	0.119332762790135	0	1;0;1;0;0;2;0;0;3;0	0	0	1.00848155454725		
chr2	158492364	158493013	+	mmuCirc_005874	Ralgapb	CTO:ANNOTATED:CDS	2	188	NM_001291137:NM_001291138	0	0	0	0	0.018226776348359	0.0982533341040761	0.146433612301079	0.197893169944816	0.119332762790135	0.0286723100463043	0;0;0;0;1;3;5;6;3;1	0	0	2.44304265552083		
chr2	158826305	158831872	+	mmuCirc_005875	Dhx35	CTO:ANNOTATED:CDS	4	580	NM_001291144:NM_145742	0.0179914506425692	0.0170667097749	0	0	0	0.131004445472102	0	0.131928779963211	0.278443113176982	0.086016930138913	1;1;0;0;0;4;0;4;7;3	0	0	2.06633007238223		
chr2	158826305	158832362	+	mmuCirc_005876	Dhx35	CTO:ALT_DONOR:CDS	4	1070	NM_001291144:NM_145742	0.0179914506425692	0	0.0185119210755352	0	0.0364535526967181	0.0655022227360508	0	0.0989465849724082	0	0.0286723100463043	1;0;1;0;2;2;0;3;0;1	0	0	0.861086951689022		
chr2	158826305	158832822	+	mmuCirc_005877	Dhx35	CTO:ALT_DONOR:CDS	4	1530	NM_001291144:NM_145742	0.0179914506425692	0	0	0	0	0.0327511113680254	0	0.0329821949908028	0.0397775875967117	0.114689240185217	1;0;0;0;0;1;0;1;1;4	0	0	1.55255041957187		
chr2	160670100	160684503	+	mmuCirc_005878	Top1	CTO:ANNOTATED:CDS	3	283	NM_009408	0	0.0170667097749	0.0370238421510704	0.0192294131873431	0	0.0982533341040761	0.0292867224602159	0.0659643899816055	0.0397775875967117	0	0;1;2;1;0;3;1;2;1;0	0	0	1.04368169329681		
chr2	160670100	160687743	+	mmuCirc_005879	Top1	CTO:ANNOTATED:CDS	4	379	NM_009408	0.0359829012851383	0	0	0.0192294131873431	0.018226776348359	0.196506668208152	0.263580502141943	0.197893169944816	0.556886226353964	0.114689240185217	2;0;0;1;1;6;9;6;14;4	0	0	2.98356942370111		
chr2	160670100	160690352	+	mmuCirc_005880	Top1	CTO:ANNOTATED:CDS	5	455	NM_009408	0.0179914506425692	0	0.0555357632266056	0.0192294131873431	0	0.131004445472102	0.234293779681727	0.329821949908027	0.198887937983559	0.20070617032413	1;0;3;1;0;4;8;10;5;7	0	0	2.76297949662659		
chr2	160682651	160690352	+	mmuCirc_005881	Top1	CTO:ANNOTATED:CDS	4	352	NM_009408	0.0179914506425692	0	0	0.0576882395620293	0	0.0655022227360508	0.0292867224602159	0.164910974954014	0.0795551751934235	0.0573446200926087	1;0;0;3;0;2;1;5;2;2	0	0	1.59786923182845		
chr2	160690277	160693802	+	mmuCirc_005882	Top1	CTO:ANNOTATED:CDS	2	183	NM_009408	0	0	0	0	0	0.0655022227360508	0.0878601673806477	0.0989465849724082	0	0	0;0;0;0;0;2;3;3;0;0	0	0	2.36643138146786		
chr2	160704783	160712788	+	mmuCirc_005883	Top1	CTO:ANNOTATED:CDS	3	477	NM_009408	0	0	0	0	0	0	0.0585734449204318	0.0989465849724082	0.0397775875967117	0.0573446200926087	0;0;0;0;0;0;2;3;1;2	0	0	2.01929734550199		
chr2	160750963	160752574	+	mmuCirc_005884	Plcg1	CTO:ANNOTATED:CDS	8	705	NM_021280	0.0359829012851383	0.0170667097749	0	0.0769176527493725	0.018226776348359	0.131004445472102	0.234293779681727	0.164910974954014	0.715996576740811	0.229378480370435	2;1;0;4;1;4;8;5;18;8	0	0	2.60982824649339		