chr18	33824459	33832685	-	mmuCirc_004478	Epb4.1l4a	CTO:ANNOTATED:CDS	5	415	NM_013512	0	0	0	0	0	0.0655022227360508	0.0585734449204318	0.0329821949908028	0.119332762790135	0.086016930138913	0;0;0;0;0;2;2;1;3;3	0	0	2.13643934971019	rnoCirc_005466	
chr18	33874142	33891476	-	mmuCirc_004479	Epb4.1l4a	CTO:ANNOTATED:CDS	7	591	NM_013512	0.0179914506425692	0	0	0	0	0.0327511113680254	0.146433612301079	0.0329821949908028	0.119332762790135	0.0286723100463043	1;0;0;0;0;1;5;1;3;1	0	0	1.80389461986322	rnoCirc_005474	
chr18	33921830	33929764	-	mmuCirc_004480	Epb4.1l4a	CTO:ALT_ACCEPTOR:CDS	1	7935	NM_013512	0.0359829012851383	0	0.0185119210755352	0.0576882395620293	0	0.229257779576178	0.49787428182367	0.395786339889633	0.477331051160541	0.258050790416739	2;0;1;3;0;7;17;12;12;9	0	0	3.35145813297045		
chr18	34261005	34279352	+	mmuCirc_004481	Apc	CTO:ANNOTATED:CDS:5UTR	6	741	NM_007462	0	0	0	0	0	0	0.0585734449204318	0.131928779963211	0	0.0286723100463043	0;0;0;0;0;0;2;4;0;1	0	0	2.06082211461555		
chr18	34266058	34279352	+	mmuCirc_004482	Apc	CTO:ALT_ACCEPTOR:CDS	5	2828	NM_007462	0	0	0.0185119210755352	0	0	0	0	0.0329821949908028	0.0397775875967117	0.086016930138913	0;0;1;0;0;0;0;1;1;3	0	0	1.48200998872747		
chr18	34268298	34279352	+	mmuCirc_004483	Apc	CTO:ANNOTATED:CDS	5	588	NM_007462	0.0179914506425692	0	0	0.0192294131873431	0	0.0655022227360508	0.117146889840864	0.36280414489883	0.318220700773694	0.172033860277826	1;0;0;1;0;2;4;11;8;6	0	0	2.91554355694258	rnoCirc_005475	hsaCirc_012564
chr18	34268298	34289942	+	mmuCirc_004484	Apc	CTO:ANNOTATED:CDS	6	693	NM_007462	0	0	0	0	0	0.0327511113680254	0	0.0989465849724082	0.159110350386847	0	0;0;0;0;0;1;0;3;4;0	0	0	2.37807341346571		hsaCirc_012565
chr18	34276564	34279352	+	mmuCirc_004485	Apc	CTO:ANNOTATED:CDS	2	198	NM_007462	0	0	0	0	0	0.0327511113680254	0	0.131928779963211	0.119332762790135	0.0573446200926087	0;0;0;0;0;1;0;4;3;2	0	0	2.26907208597974	rnoCirc_005477	
chr18	34454034	34487139	-	mmuCirc_004486	Fam13b	CTO:ANNOTATED:CDS	8	982	NM_146084	0	0	0	0	0	0.0982533341040761	0.0878601673806477	0.0659643899816055	0.0795551751934235	0	0;0;0;0;0;3;3;2;2;0	0	0	2.35353367525855		
chr18	34473550	34487139	-	mmuCirc_004487	Fam13b	CTO:ANNOTATED:CDS	2	297	NM_146084	0	0.0170667097749	0.0185119210755352	0	0	0.0982533341040761	0.0585734449204318	0.0329821949908028	0.119332762790135	0.0286723100463043	0;1;1;0;0;3;2;1;3;1	0	0	1.63829862209007	rnoCirc_005485	
chr18	34473550	34494776	-	mmuCirc_004488	Fam13b	CTO:ANNOTATED:CDS	4	617	NM_146084	0	0.0170667097749	0	0	0	0.0982533341040761	0.0292867224602159	0.0329821949908028	0.23866552558027	0.0573446200926087	0;1;0;0;0;3;1;1;6;2	0	0	2.0049416764047	rnoCirc_005486	hsaCirc_012725
chr18	34494157	34498159	-	mmuCirc_004489	Fam13b	CTO:ANNOTATED:CDS:5UTR	4	725	NM_146084	0	0	0	0	0.018226776348359	0.131004445472102	0	0.0659643899816055	0.0795551751934235	0.0286723100463043	0;0;0;0;1;4;0;2;2;1	0	0	1.92106807379823	rnoCirc_005489	
chr18	34497334	34498159	-	mmuCirc_004490	Fam13b	CTO:ANNOTATED:CDS:5UTR	2	405	NM_146084	0	0.0341334195498	0.0370238421510704	0	0	0.0327511113680254	0.0585734449204318	0.0989465849724082	0.159110350386847	0.086016930138913	0;2;2;0;0;1;2;3;4;3	0	0	1.71328000958944		
chr18	34614448	34614797	-	mmuCirc_004491	Brd8	CTO:ANNOTATED:CDS	2	173	NM_001289606:NM_001289607:NM_030147	0.0179914506425692	0.0341334195498	0.0370238421510704	0	0.0364535526967181	0.0982533341040761	0.263580502141943	0.230875364935619	0.278443113176982	0.086016930138913	1;2;2;0;2;3;9;7;7;3	0	0	2.19463543470759	rnoCirc_005490	
chr18	34614448	34616734	-	mmuCirc_004492	Brd8	CTO:ANNOTATED:CDS	3	243	NM_001289606:NM_001289607:NM_030147	0	0	0	0.0192294131873431	0	0	0.0585734449204318	0.0659643899816055	0.0397775875967117	0.114689240185217	0;0;0;1;0;0;2;2;1;4	0	0	1.85925314846205		
chr18	34626716	34627014	+	mmuCirc_004493	Kif20a	CTO:ANNOTATED:CDS	2	210	NM_001166407:NM_009004:NM_001166406	0	0	0	0	0	0	0	0	0.119332762790135	0	0;0;0;0;0;0;0;0;3;0	0	0	2.80046262890159		
chr18	34641096	34641650	-	mmuCirc_004494	Cdc23	CTO:ANNOTATED:CDS	3	358	NM_178347	0	0	0	0	0	0.0327511113680254	0.0292867224602159	0.0659643899816055	0.198887937983559	0	0;0;0;0;0;1;1;2;5;0	0	0	2.06406506120211		
chr18	34793004	34799359	+	mmuCirc_004495	Kdm3b	CTO:ANNOTATED:CDS	5	588	NM_001081256	0.0179914506425692	0	0	0	0	0	0	0.131928779963211	0.0397775875967117	0	1;0;0;0;0;0;0;4;1;0	0	0	1.19308438583878		
chr18	34803450	34813561	+	mmuCirc_004496	Kdm3b	CTO:ANNOTATED:CDS	5	2419	NM_001081256	0	0	0.0185119210755352	0	0	0.0655022227360508	0	0.131928779963211	0.0397775875967117	0	0;0;1;0;0;2;0;4;1;0	0	0	1.88519493078508		hsaCirc_012734
chr18	34808241	34813561	+	mmuCirc_004497	Kdm3b	CTO:ANNOTATED:CDS	4	1819	NM_001081256	0	0.0170667097749	0	0	0	0.0982533341040761	0.0292867224602159	0.131928779963211	0.119332762790135	0.086016930138913	0;1;0;0;0;3;1;4;3;3	0	0	2.22137852342488		hsaCirc_012736
chr18	34822372	34823711	+	mmuCirc_004498	Kdm3b	CTO:ANNOTATED:CDS	2	408	NM_001081256	0	0	0	0	0.018226776348359	0	0.0878601673806477	0	0	0.0286723100463043	0;0;0;0;1;0;3;0;0;1	0	0	1.38980398882558		hsaCirc_012740
chr18	34863528	34863629	-	mmuCirc_004499	Egr1	AS:CTO	1	102	NM_007913	0	0	0.0185119210755352	0	0.0546803290450771	0	0	0	0	0	0;0;1;0;3;0;0;0;0;0	0	0	-1.42301668724989	rnoCirc_005502	
chr18	35152601	35154540	+	mmuCirc_004500	Ctnna1	CTO:ANNOTATED:CDS:5UTR	2	303	NM_009818	0.0359829012851383	0	0.0185119210755352	0.0576882395620293	0.0364535526967181	0.262008890944203	0.322153947062375	0.527715119852844	0.556886226353964	0.344067720555652	2;0;1;3;2;8;11;16;14;12	0	0	3.16817882578806		
chr18	35152601	35182553	+	mmuCirc_004501	Ctnna1	CTO:ANNOTATED:CDS:5UTR	6	1064	NM_009818	0.0359829012851383	0.0170667097749	0.0185119210755352	0.0192294131873431	0	0.163755556840127	0.117146889840864	0.0659643899816055	0.318220700773694	0.086016930138913	2;1;1;1;0;5;4;2;8;3	0	0	2.05497395907798		hsaCirc_012746
chr18	35152601	35223575	+	mmuCirc_004502	Ctnna1	CTO:ANNOTATED:CDS:5UTR	8	1298	NM_009818	0	0	0	0	0	0.131004445472102	0.0292867224602159	0.0659643899816055	0	0	0;0;0;0;0;4;1;2;0;0	0	0	2.10715244074397		
chr18	35174253	35182553	+	mmuCirc_004503	Ctnna1	CTO:ANNOTATED:CDS	4	761	NM_009818	0	0	0	0	0	0.0327511113680254	0	0.0659643899816055	0.318220700773694	0.143361550231522	0;0;0;0;0;1;0;2;8;5	0	0	2.65320756566682	rnoCirc_005506	hsaCirc_012748
chr18	35222065	35223575	+	mmuCirc_004504	Ctnna1	CTO:ANNOTATED:CDS	2	234	NM_009818	0.0539743519277075	0.0512001293247	0.0370238421510704	0.0961470659367156	0.0911338817417952	0.458515559152355	0.49787428182367	0.626661704825252	0.715996576740811	0.430084650694565	3;3;2;5;5;14;17;19;18;15	0	1	2.74822738749233	rnoCirc_005508	hsaCirc_012750
chr18	35317842	35341197	-	mmuCirc_004505	Sil1	CTO:ANNOTATED:CDS	3	414	NM_030749	0	0	0	0	0	0.0982533341040761	0	0.0329821949908028	0.119332762790135	0	0;0;0;0;0;3;0;1;3;0	0	0	2.25659306608181	rnoCirc_005510	
chr18	35581170	35584881	+	mmuCirc_004506	Matr3	CTO:ANNOTATED:CDS	6	963	NM_010771	0	0	0	0	0	0	0.0292867224602159	0.0329821949908028	0	0.086016930138913	0;0;0;0;0;0;1;1;0;3	0	0	1.70430980865526		
chr18	35584515	35584881	+	mmuCirc_004507	Matr3	CTO:ANNOTATED:CDS	1	367	NM_010771	0.0539743519277075	0	0.0555357632266056	0.0576882395620293	0	0.196506668208152	0.0878601673806477	0.197893169944816	0.715996576740811	0.086016930138913	3;0;3;3;0;6;3;6;18;3	0	0	2.23178951501656		
chr18	35610871	35613502	+	mmuCirc_004508	Paip2	CTO:ANNOTATED:CDS:5UTR	2	344	NM_026420	0.305854660923676	0.3584009052729	0.536845711190521	0.596111808807637	0.583256843147489	4.19214225510725	3.57298014014634	7.1571363130042	9.18862273484041	4.10014033662152	17;21;29;31;32;128;122;217;231;143	1	1	3.4602152828715		hsaCirc_012757
chr18	35613323	35613502	+	mmuCirc_004509	Paip2	CTO:ANNOTATED:CDS	1	180	NM_026420	0	0	0	0.0192294131873431	0	0.0327511113680254	0.0585734449204318	0.0989465849724082	0.0397775875967117	0.114689240185217	0;0;0;1;0;1;2;3;1;4	0	0	1.8609433740218		
chr18	35680766	35686853	-	mmuCirc_004510	Dnajc18	CTO:ANNOTATED:CDS	4	576	NM_029669	0	0	0	0	0.0546803290450771	0	0	0.0329821949908028	0.0795551751934235	0.0286723100463043	0;0;0;0;3;0;0;1;2;1	0	0	1.03445896399995		
chr18	35713133	35713737	-	mmuCirc_004511	Ecscr	CTO:ALT_DONOR:CDS:3UTR	2	399	NM_001033141	0	0.0341334195498	0	0	0	0	0.117146889840864	0	0	0.0286723100463043	0;2;0;0;0;0;4;0;0;1	0	0	1.31211586223759		
chr18	36575019	36578774	+	mmuCirc_004512	Ankhd1	CTO:ANNOTATED:CDS	2	308	NM_175375	0	0.0170667097749	0	0	0	0.0982533341040761	0.0878601673806477	0.0329821949908028	0.0795551751934235	0.086016930138913	0;1;0;0;0;3;3;1;2;3	0	0	2.04640037235199		
chr18	36575019	36581215	+	mmuCirc_004513	Ankhd1	CTO:ANNOTATED:CDS	3	456	NM_175375	0	0.0170667097749	0.0185119210755352	0.0769176527493725	0	0.196506668208152	0.117146889840864	0.296839754917225	0.159110350386847	0.114689240185217	0;1;1;4;0;6;4;9;4;4	0	0	2.40036438095236	rnoCirc_005515	
chr18	36575019	36583759	+	mmuCirc_004514	Ankhd1	CTO:ANNOTATED:CDS	4	604	NM_175375	0.0539743519277075	0.0170667097749	0	0.0384588263746862	0.018226776348359	0.229257779576178	0.117146889840864	0.329821949908027	0.556886226353964	0.114689240185217	3;1;0;2;1;7;4;10;14;4	0	0	2.57767790589715	rnoCirc_005516	
chr18	36575019	36591541	+	mmuCirc_004515	Ankhd1	CTO:ANNOTATED:CDS	6	933	NM_175375	0	0	0	0.0192294131873431	0.018226776348359	0.0327511113680254	0.117146889840864	0.131928779963211	0.0397775875967117	0.0573446200926087	0;0;0;1;1;1;4;4;1;2	0	0	1.74531221872537		
chr18	36575019	36600875	+	mmuCirc_004516	Ankhd1	CTO:ANNOTATED:CDS	9	1473	NM_175375	0	0.0170667097749	0	0	0	0.0327511113680254	0.0585734449204318	0.0329821949908028	0.0795551751934235	0.086016930138913	0;1;0;0;0;1;2;1;2;3	0	0	1.72206918745064		
chr18	36575019	36614817	+	mmuCirc_004517	Ankhd1	CTO:ANNOTATED:CDS	13	1936	NM_175375	0	0.0170667097749	0	0.0192294131873431	0	0	0.0292867224602159	0.0659643899816055	0.119332762790135	0	0;1;0;1;0;0;1;2;3;0	0	0	1.44778033965373		
chr18	36578618	36591541	+	mmuCirc_004518	Ankhd1	CTO:ANNOTATED:CDS	5	782	NM_175375	0.0179914506425692	0	0	0	0	0.0982533341040761	0	0.164910974954014	0	0.0286723100463043	1;0;0;0;0;3;0;5;0;1	0	0	2.04333145112534		hsaCirc_012769
chr18	36581068	36583759	+	mmuCirc_004519	Ankhd1	CTO:ANNOTATED:CDS	2	296	NM_175375	0	0	0.0370238421510704	0.0384588263746862	0.0364535526967181	0.163755556840127	0.351440669522591	0.36280414489883	0.755774164337523	0.286723100463044	0;0;2;2;2;5;12;11;19;10	0	0	3.26673793148492	rnoCirc_005518	
chr18	36581068	36589581	+	mmuCirc_004520	Ankhd1	CTO:ANNOTATED:CDS	3	530	NM_175375	0	0	0.0185119210755352	0	0.018226776348359	0.0655022227360508	0.0878601673806477	0.230875364935619	0.0397775875967117	0.0286723100463043	0;0;1;0;1;2;3;7;1;1	0	0	1.83175367877291		hsaCirc_012770
chr18	36581068	36591541	+	mmuCirc_004521	Ankhd1	CTO:ANNOTATED:CDS	4	625	NM_175375	0.0179914506425692	0	0.0185119210755352	0	0	0.163755556840127	0.205007057221511	0.164910974954014	0.437553463563829	0.20070617032413	1;0;1;0;0;5;7;5;11;7	0	0	3.20186337199376		hsaCirc_012771
chr18	36581068	36594322	+	mmuCirc_004522	Ankhd1	CTO:ANNOTATED:CDS	5	863	NM_175375	0.0719658025702766	0.0341334195498	0.0740476843021408	0	0.018226776348359	0.294760002312228	0.0878601673806477	0.329821949908027	0.596663813950676	0.114689240185217	4;2;4;0;1;9;3;10;15;4	0	0	2.28564030038166		
chr18	36581068	36600875	+	mmuCirc_004523	Ankhd1	CTO:ANNOTATED:CDS	7	1165	NM_175375	0	0	0	0.0192294131873431	0	0.0655022227360508	0	0.131928779963211	0.119332762790135	0.0573446200926087	0;0;0;1;0;2;0;4;3;2	0	0	2.20027825623955		
chr18	36583612	36594322	+	mmuCirc_004524	Ankhd1	CTO:ANNOTATED:CDS	4	715	NM_175375	0.0179914506425692	0	0	0	0	0.0655022227360508	0	0.0329821949908028	0.0795551751934235	0.114689240185217	1;0;0;0;0;2;0;1;2;4	0	0	1.91071343794766		
chr18	36611800	36614817	+	mmuCirc_004525	Ankhd1	CTO:ANNOTATED:CDS	4	463	NM_175375	0.0359829012851383	0.0341334195498	0	0	0	0.0655022227360508	0.0878601673806477	0.131928779963211	0.23866552558027	0.0286723100463043	2;2;0;0;0;2;3;4;6;1	0	0	1.90139736586906		
chr18	36632067	36632853	+	mmuCirc_004526	Ankhd1	CTO:ANNOTATED:CDS	3	404	NM_175375	0	0	0	0	0	0	0.0878601673806477	0	0.0397775875967117	0	0;0;0;0;0;0;3;0;1;0	0	0	2.00534747449988	rnoCirc_005521	
chr18	36638205	36638708	+	mmuCirc_004527	Ankhd1	CTO:ANNOTATED:CDS	2	339	NM_175375	0	0	0.0185119210755352	0	0	0.0655022227360508	0.0292867224602159	0.0989465849724082	0.23866552558027	0.0286723100463043	0;0;1;0;0;2;1;3;6;1	0	0	2.00004299153814		hsaCirc_012775
chr18	36646691	36648740	+	mmuCirc_004528	Ankhd1	CTO:ANNOTATED:CDS	2	1760	NM_175375	0.0179914506425692	0	0.0185119210755352	0	0.0364535526967181	0.0982533341040761	0	0	0.0795551751934235	0	1;0;1;0;2;3;0;0;2;0	0	0	0.377815251005634		
chr18	36747348	36751267	+	mmuCirc_004529	Ik	CTO:ANNOTATED:CDS	7	718	NM_011879	0	0.0170667097749	0	0.0192294131873431	0	0	0	0	0.119332762790135	0.143361550231522	0;1;0;1;0;0;0;0;3;5	0	0	1.32279979021085	rnoCirc_005527	
chr18	36787502	36788670	+	mmuCirc_004530	Hars2	CTO:ANNOTATED:CDS	4	427	NM_080636	0.0179914506425692	0	0	0	0.018226776348359	0.327511113680254	0	0.0989465849724082	0.159110350386847	0.086016930138913	1;0;0;0;1;10;0;3;4;3	0	0	2.59999259651402		
chr18	36787899	36788670	+	mmuCirc_004531	Hars2	CTO:ANNOTATED:CDS	3	301	NM_080636	0	0	0	0	0	0.0982533341040761	0	0.0989465849724082	0.278443113176982	0.0286723100463043	0;0;0;0;0;3;0;3;7;1	0	0	2.57963405194457	rnoCirc_005528	
chr18	37855474	37856547	-	mmuCirc_004532	Diap1	CTO:ANNOTATED:CDS	4	567	NM_007858	0	0	0	0	0	0	0.0878601673806477	0	0.0397775875967117	0	0;0;0;0;0;0;3;0;1;0	0	0	2.00534747449988		
chr18	38120117	38143327	-	mmuCirc_004533		NTO	1	23211		0	0	0	0.0192294131873431	0	0.0655022227360508	0.0878601673806477	0.131928779963211	0.0397775875967117	0.0286723100463043	0;0;0;1;0;2;3;4;1;1	0	0	1.86862912972021		
chr18	38251086	38251400	+	mmuCirc_004534	0610009O20Rik	CTO:ANNOTATED:CDS	2	233	NM_024179	0.0179914506425692	0	0	0.0192294131873431	0.018226776348359	0.131004445472102	0.205007057221511	0.0329821949908028	0.159110350386847	0.0286723100463043	1;0;0;1;1;4;7;1;4;1	0	0	1.88552180643804		
chr18	38299754	38301807	+	mmuCirc_004535	Rnf14	CTO:ANNOTATED:CDS:5UTR	3	487	NM_001164622:NM_020012:NM_001164621	0.0179914506425692	0	0	0	0	0	0	0.0659643899816055	0.119332762790135	0	1;0;0;0;0;0;0;2;3;0	0	0	1.32617566274876		
chr18	38299754	38309713	+	mmuCirc_004536	Rnf14	CTO:ANNOTATED:CDS:5UTR	5	1247	NM_001164622:NM_020012:NM_001164621	0	0.0170667097749	0	0.0192294131873431	0	0.0327511113680254	0	0.0659643899816055	0.0397775875967117	0.086016930138913	0;1;0;1;0;1;0;2;1;3	0	0	1.12534165514517		
chr18	38299754	38313384	+	mmuCirc_004537	Rnf14	CTO:ANNOTATED:CDS:5UTR	6	1420	NM_001164622:NM_020012:NM_001164621	0	0	0	0	0.0364535526967181	0	0	0.0989465849724082	0	0.0286723100463043	0;0;0;0;2;0;0;3;0;1	0	0	1.17913941016345		
chr18	38313212	38314803	+	mmuCirc_004538	Rnf14	CTO:ANNOTATED:CDS	2	304	NM_001164622:NM_020012:NM_001164621	0	0	0	0	0	0	0	0	0.119332762790135	0.0286723100463043	0;0;0;0;0;0;0;0;3;1	0	0	2.04178193859134	rnoCirc_005532	
chr18	38451555	38456121	+	mmuCirc_004539	Ndfip1	CTO:ANNOTATED:CDS	3	280	NM_022996	0.0179914506425692	0	0	0	0	0.0655022227360508	0.0878601673806477	0.0989465849724082	0.477331051160541	0.114689240185217	1;0;0;0;0;2;3;3;12;4	0	0	2.71226332951017	rnoCirc_005534	
chr18	39097630	39102240	+	mmuCirc_004540	Arhgap26	CTO:ANNOTATED:CDS	3	230	NM_175164	0.0719658025702766	0	0.0185119210755352	0.0192294131873431	0.018226776348359	0.229257779576178	0.351440669522591	0.560697314843647	0.517108638757253	0.143361550231522	4;0;1;1;1;7;12;17;13;5	0	0	3.08771153211433	rnoCirc_005552	
chr18	39097630	39111900	+	mmuCirc_004541	Arhgap26	CTO:ANNOTATED:CDS	5	443	NM_175164	0.125940154497984	0.1024002586494	0.166607289679817	0.115376479124059	0.218721316180309	1.40829778882509	1.2886157882495	2.07787828442057	1.59110350386847	0.888841611435435	7;6;9;6;12;43;44;63;40;31	1	1	3.14035329566609	rnoCirc_005551	hsaCirc_012789
chr18	39097630	39121903	+	mmuCirc_004542	Arhgap26	CTO:ANNOTATED:CDS	7	678	NM_175164	0	0	0	0	0	0	0.117146889840864	0	0.0397775875967117	0	0;0;0;0;0;0;4;0;1;0	0	0	2.17862733847444		
chr18	39097630	39126933	+	mmuCirc_004543	Arhgap26	CTO:ANNOTATED:CDS	8	779	NM_175164	0	0.0170667097749	0	0	0	0.0655022227360508	0.0292867224602159	0.0989465849724082	0.0397775875967117	0	0;1;0;0;0;2;1;3;1;0	0	0	1.66472088344381	rnoCirc_005550	
chr18	39097630	39132150	+	mmuCirc_004544	Arhgap26	CTO:ANNOTATED:CDS	9	874	NM_175164	0.0179914506425692	0	0	0	0.018226776348359	0.0327511113680254	0.0292867224602159	0.0659643899816055	0.159110350386847	0.086016930138913	1;0;0;0;1;1;1;2;4;3	0	0	1.70257618433536	rnoCirc_005548	