chr15	12387537	12390049	-	mmuCirc_003272	Pdzd2	CTO:ANNOTATED:CDS	3	274	NM_001081064	0.0359829012851383	0	0	0.0576882395620293	0.018226776348359	0.42576444778433	0.117146889840864	0.230875364935619	0.357998288370406	0.172033860277826	2;0;0;3;1;13;4;7;9;6	0	0	2.80621782938891		
chr15	12406467	12419572	-	mmuCirc_003273	Pdzd2	CTO:ANNOTATED:CDS	4	496	NM_001081064	0	0	0	0	0	0	0	0.131928779963211	0.0795551751934235	0.0286723100463043	0;0;0;0;0;0;0;4;2;1	0	0	2.17464028108964		
chr15	12419458	12442612	-	mmuCirc_003274	Pdzd2	CTO:ANNOTATED:CDS	3	404	NM_001081064	0.0179914506425692	0	0	0	0	0	0.0292867224602159	0.131928779963211	0.0397775875967117	0.0573446200926087	1;0;0;0;0;0;1;4;1;2	0	0	1.36635062960588		
chr15	12419458	12445665	-	mmuCirc_003275	Pdzd2	CTO:ANNOTATED:CDS	4	547	NM_001081064	0.0359829012851383	0	0	0	0	0.0655022227360508	0.0292867224602159	0.0989465849724082	0.0397775875967117	0.0286723100463043	2;0;0;0;0;2;1;3;1;1	0	0	1.4694245172694		
chr15	12437104	12445665	-	mmuCirc_003276	Pdzd2	CTO:ANNOTATED:CDS	3	432	NM_001081064	0.0359829012851383	0.0341334195498	0.166607289679817	0.173064718686088	0.0729071053934362	0.917031118304711	1.1128954534882	1.71507413952174	1.82976902944874	0.888841611435435	2;2;9;9;4;28;38;52;46;31	0	1	3.6439333990895	rnoCirc_006432	hsaCirc_012150
chr15	12442480	12445665	-	mmuCirc_003277	Pdzd2	CTO:ANNOTATED:CDS	2	276	NM_001081064	0	0	0	0	0	0.0982533341040761	0.0878601673806477	0	0.159110350386847	0	0;0;0;0;0;3;3;0;4;0	0	0	2.71922534420942	rnoCirc_006431	
chr15	12457798	12458299	-	mmuCirc_003278	Pdzd2	CTO:ANNOTATED:CDS	1	502	NM_001081064	0.0179914506425692	0	0	0	0	0.0655022227360508	0.0585734449204318	0.131928779963211	0.0795551751934235	0.0286723100463043	1;0;0;0;0;2;2;4;2;1	0	0	1.93364995653595	rnoCirc_006428	hsaCirc_012147
chr15	12457798	12463352	-	mmuCirc_003279	Pdzd2	CTO:ALT_ACCEPTOR:CDS	1	5555	NM_001081064	0.0359829012851383	0	0	0	0	0.0327511113680254	0.0878601673806477	0	0	0	2;0;0;0;0;1;3;0;0;0	0	0	1.17265275296819		
chr15	12592081	12592910	-	mmuCirc_003280	Pdzd2	ITO:ALT_ACCEPTOR:CDS	1	830	NM_001081064	0.0539743519277075	0.0341334195498	0	0	0.0364535526967181	0.229257779576178	0.0878601673806477	0.164910974954014	0.159110350386847	0.0286723100463043	3;2;0;0;2;7;3;5;4;1	0	0	1.78093697047953		hsaCirc_012146
chr15	12889619	12890547	+	mmuCirc_003281	Drosha	CTO:ANNOTATED:CDS	3	308	NM_001130149:NM_026799	0	0.0170667097749	0	0	0	0	0	0.0329821949908028	0.159110350386847	0	0;1;0;0;0;0;0;1;4;0	0	0	1.22605345293286	rnoCirc_006424	hsaCirc_012142
chr15	12889619	12905701	+	mmuCirc_003282	Drosha	CTO:ANNOTATED:CDS	6	571	NM_001130149:NM_026799	0	0	0	0	0.018226776348359	0.229257779576178	0.0878601673806477	0.131928779963211	0.318220700773694	0.0573446200926087	0;0;0;0;1;7;3;4;8;2	0	0	2.8185181281688		
chr15	25701562	25714216	+	mmuCirc_003283	Myo10	CTO:ANNOTATED:CDS	2	347	NM_019472	0	0	0	0	0	0.0982533341040761	0.0292867224602159	0.0329821949908028	0	0	0;0;0;0;0;3;1;1;0;0	0	0	1.7568385383735		
chr15	25737450	25739369	+	mmuCirc_003284	Myo10	CTO:ANNOTATED:CDS	3	245	NM_019472	0	0	0	0	0	0	0	0.0329821949908028	0.198887937983559	0.0286723100463043	0;0;0;0;0;0;0;1;5;1	0	0	2.04690980433239		
chr15	25737450	25744256	+	mmuCirc_003285	Myo10	CTO:ANNOTATED:CDS	5	435	NM_019472	0	0	0	0.0192294131873431	0	0.0327511113680254	0.0878601673806477	0.0329821949908028	0.0397775875967117	0.0286723100463043	0;0;0;1;0;1;3;1;1;1	0	0	1.42531390908239		
chr15	26726061	26789602	-	mmuCirc_003286	Fbxl7	CTO:ALT_DONOR:CDS	1	63542	NM_176959	0	0	0	0	0	0	0	0	0.159110350386847	0.0286723100463043	0;0;0;0;0;0;0;0;4;1	0	0	2.22293902651168		
chr15	26783724	26789602	-	mmuCirc_003287	Fbxl7	CTO:ALT_DONOR:CDS	1	5879	NM_176959	0	0	0	0	0	0.0982533341040761	0.0585734449204318	0.263857559926422	0.198887937983559	0.0286723100463043	0;0;0;0;0;3;2;8;5;1	0	0	2.62003356569329		
chr15	26787291	26789602	-	mmuCirc_003288	Fbxl7	CTO:ALT_DONOR:CDS	1	2312	NM_176959	0	0.0341334195498	0.0185119210755352	0.0384588263746862	0.018226776348359	0.163755556840127	0.0878601673806477	0.0989465849724082	0.318220700773694	0.0573446200926087	0;2;1;2;1;5;3;3;8;2	0	0	1.87408263415069		
chr15	26789513	26843510	-	mmuCirc_003289	Fbxl7	CTO:ALT_ACCEPTOR:CDS	1	53998	NM_176959	0	0	0	0	0.0546803290450771	0.131004445472102	0	0	0.0397775875967117	0.0573446200926087	0;0;0;0;3;4;0;0;1;2	0	0	1.51556548465623		
chr15	27544251	27557247	+	mmuCirc_003290	Ank	CTO:ANNOTATED:CDS	3	420	NM_020332	0	0	0	0	0	0	0	0.0329821949908028	0.119332762790135	0	0;0;0;0;0;0;0;1;3;0	0	0	2.10298512151359		
chr15	27544251	27571654	+	mmuCirc_003291	Ank	CTO:ANNOTATED:CDS	7	915	NM_020332	0	0.0170667097749	0	0	0	0.0982533341040761	0.0292867224602159	0.0659643899816055	0.0397775875967117	0.086016930138913	0;1;0;0;0;3;1;2;1;3	0	0	1.81289010854305		
chr15	27553689	27571654	+	mmuCirc_003292	Ank	CTO:ANNOTATED:CDS	6	698	NM_020332	0	0	0	0	0	0	0.117146889840864	0.0659643899816055	0.0795551751934235	0.0286723100463043	0;0;0;0;0;0;4;2;2;1	0	0	2.11999668051153	rnoCirc_006465	hsaCirc_012129
chr15	27562724	27571654	+	mmuCirc_003293	Ank	CTO:ANNOTATED:CDS	4	495	NM_020332	0.0719658025702766	0.0170667097749	0	0.0576882395620293	0.0729071053934362	0.393013336416305	0.292867224602159	0.263857559926422	0.875106927127658	0.315395410509348	4;1;0;3;4;12;10;8;22;11	0	1	2.88995256174914	rnoCirc_006466	hsaCirc_012128
chr15	27616324	27623358	-	mmuCirc_003294	Otulin	CTO:ANNOTATED:CDS	3	316	NM_001013792	0	0	0	0	0.018226776348359	0.0982533341040761	0.0585734449204318	0	0.159110350386847	0	0;0;0;0;1;3;2;0;4;0	0	0	1.69151100774871	rnoCirc_006470	hsaCirc_012123
chr15	27664344	27664813	-	mmuCirc_003295	Fam105a	CTO:ANNOTATED:CDS	3	284	NM_001242423:NM_001242424:NM_198301	0	0	0	0	0	0.0982533341040761	0	0	0.0397775875967117	0	0;0;0;0;0;3;0;0;1;0	0	0	2.07170681577516		
chr15	27871161	27891472	-	mmuCirc_003296	Trio	CTO:ANNOTATED:CDS	4	678	NM_001081302	0	0	0	0	0	0.0655022227360508	0	0.0989465849724082	0.0795551751934235	0.114689240185217	0;0;0;0;0;2;0;3;2;4	0	0	2.4338157210805		hsaCirc_012119
chr15	27889288	27905331	-	mmuCirc_003297	Trio	CTO:ANNOTATED:CDS	6	1384	NM_001081302	0	0	0	0	0	0.0655022227360508	0.0292867224602159	0.0989465849724082	0.0795551751934235	0.0573446200926087	0;0;0;0;0;2;1;3;2;2	0	0	2.04724003520062		
chr15	27897834	27905331	-	mmuCirc_003298	Trio	CTO:ANNOTATED:CDS	4	1021	NM_001081302	0	0	0.0185119210755352	0.0576882395620293	0	0.163755556840127	0.0585734449204318	0.0989465849724082	0.0397775875967117	0.0286723100463043	0;0;1;3;0;5;2;3;1;1	0	0	1.54114086964879		
chr15	27901168	27912734	-	mmuCirc_003299	Trio	CTO:ANNOTATED:CDS	4	944	NM_001081302	0	0	0	0.0192294131873431	0	0.0327511113680254	0	0.0659643899816055	0.159110350386847	0.0573446200926087	0;0;0;1;0;1;0;2;4;2	0	0	1.91127066071957		
chr15	31502720	31509822	-	mmuCirc_003300	March6	CTO:ANNOTATED:CDS	3	315	NM_172606	0	0	0.0185119210755352	0.0192294131873431	0	0	0	0.131928779963211	0	0	0;0;1;1;0;0;0;4;0;0	0	0	0.504041217926552		
chr15	32269683	32271404	+	mmuCirc_003301	Sema5a	INTRONIC	1	1722	NM_009154	0.0179914506425692	0	0	0.0384588263746862	0.018226776348359	0.0327511113680254	0	0.131928779963211	0.198887937983559	0	1;0;0;2;1;1;0;4;5;0	0	0	1.09224152794533		
chr15	32347220	32351512	+	mmuCirc_003302	Sema5a	CTO:ALT_DONOR:5UTR	1	4293	NM_009154	0	0	0	0	0	0.131004445472102	0	0	0	0.0286723100463043	0;0;0;0;0;4;0;0;0;1	0	0	2.09981018267116		
chr15	32669405	32673535	+	mmuCirc_003303	Sema5a	CTO:ANNOTATED:CDS	2	445	NM_009154	0	0	0	0	0	0	0	0.0659643899816055	0.119332762790135	0	0;0;0;0;0;0;0;2;3;0	0	0	2.45210089414782	rnoCirc_006480	
chr15	33233664	33250133	+	mmuCirc_003304	Cpq	CTO:ALT_ACCEPTOR:CDS	1	16470	NM_018755:NM_176073	0	0.0170667097749	0.0185119210755352	0	0	0.0982533341040761	0.0292867224602159	0.197893169944816	0.397775875967117	0.114689240185217	0;1;1;0;0;3;1;6;10;4	0	0	2.5222695803369		
chr15	33249926	33302547	+	mmuCirc_003305	Cpq	CTO:ANNOTATED:CDS	2	416	NM_018755:NM_176073	0.0539743519277075	0.0170667097749	0.0740476843021408	0	0.0546803290450771	0.360262225048279	0.175720334761295	0.329821949908027	0.477331051160541	0.229378480370435	3;1;4;0;3;11;6;10;12;8	0	0	2.60666462855025		hsaCirc_015203
chr15	34114024	34116376	+	mmuCirc_003306	Mtdh	CTO:ANNOTATED:CDS	3	328	NM_026002	0	0	0	0.0192294131873431	0	0.0655022227360508	0	0.0659643899816055	0.0795551751934235	0.086016930138913	0;0;0;1;0;2;0;2;2;3	0	0	1.98737110232458	rnoCirc_011102	
chr15	34114024	34118110	+	mmuCirc_003307	Mtdh	CTO:ANNOTATED:CDS	4	559	NM_026002	0.0359829012851383	0.0170667097749	0.0555357632266056	0	0.018226776348359	0.42576444778433	0.0585734449204318	0.527715119852844	0.397775875967117	0.114689240185217	2;1;3;0;1;13;2;16;10;4	0	0	2.62739430517997	rnoCirc_011103	hsaCirc_015209
chr15	34114024	34123766	+	mmuCirc_003308	Mtdh	CTO:ANNOTATED:CDS	5	658	NM_026002	0	0.0341334195498	0.0185119210755352	0	0.018226776348359	0.131004445472102	0.0878601673806477	0.560697314843647	0.477331051160541	0.344067720555652	0;2;1;0;1;4;3;17;12;12	0	0	3.14263704423357	rnoCirc_011104	
chr15	34258681	34277527	+	mmuCirc_003309	Laptm4b	CTO:ANNOTATED:CDS	5	504	NM_033521	0	0	0	0	0	0.0327511113680254	0	0.0989465849724082	0	0.0573446200926087	0;0;0;0;0;1;0;3;0;2	0	0	1.97424812679709		hsaCirc_015213
chr15	34272344	34277527	+	mmuCirc_003310	Laptm4b	CTO:ANNOTATED:CDS	4	392	NM_033521	0	0	0	0	0.018226776348359	0.0327511113680254	0	0.0329821949908028	0.318220700773694	0	0;0;0;0;1;1;0;1;8;0	0	0	1.48750465431479		hsaCirc_015215
chr15	34399050	34410236	+	mmuCirc_003311	Matn2	CTO:ANNOTATED:CDS	4	492	NM_016762	0	0	0	0	0.018226776348359	0.0327511113680254	0	0.0989465849724082	0.278443113176982	0.086016930138913	0;0;0;0;1;1;0;3;7;3	0	0	2.33561667902304		
chr15	35072430	35073221	-	mmuCirc_003312	Stk3	CTO:ANNOTATED:CDS	2	333	NM_019635	0.0179914506425692	0	0.0370238421510704	0.0192294131873431	0	0.229257779576178	0.117146889840864	0.263857559926422	0.119332762790135	0.143361550231522	1;0;2;1;0;7;4;8;3;5	0	0	2.53311905420225		
chr15	35072430	35115645	-	mmuCirc_003313	Stk3	CTO:ANNOTATED:CDS	5	658	NM_019635	0.0179914506425692	0	0.0185119210755352	0.0769176527493725	0	0.0982533341040761	0.0585734449204318	0.164910974954014	0.119332762790135	0.086016930138913	1;0;1;4;0;3;2;5;3;3	0	0	1.76111115190035	rnoCirc_011112	
chr15	35099434	35115645	-	mmuCirc_003314	Stk3	CTO:ANNOTATED:CDS	3	325	NM_019635	0.0179914506425692	0.0512001293247	0.0555357632266056	0.153835305498745	0.109360658090154	0.327511113680254	0.907888396266692	0.989465849724082	2.0286569674323	0.917513921481739	1;3;3;8;6;10;31;30;51;32	0	1	3.41078539370179	rnoCirc_011113	hsaCirc_015226
chr15	35417511	35423297	+	mmuCirc_003315	Vps13b	CTO:ANNOTATED:CDS	3	471	NM_177151	0	0	0	0	0.018226776348359	0.0655022227360508	0.0585734449204318	0.197893169944816	0.159110350386847	0	0;0;0;0;1;2;2;6;4;0	0	0	1.94874921407916		
chr15	35417511	35430284	+	mmuCirc_003316	Vps13b	CTO:ANNOTATED:CDS	4	646	NM_177151	0	0	0	0	0.018226776348359	0.196506668208152	0	0.0659643899816055	0.119332762790135	0	0;0;0;0;1;6;0;2;3;0	0	0	1.85148944980367		
chr15	35533296	35534360	+	mmuCirc_003317	Vps13b	CTO:ANNOTATED:CDS	2	309	NM_177151	0.0539743519277075	0	0.0185119210755352	0.0769176527493725	0.0546803290450771	0.524017781888406	0.322153947062375	0.428768534880436	0.91488451472437	0.172033860277826	3;0;1;4;3;16;11;13;23;6	0	1	3.03004845700028	rnoCirc_011117	hsaCirc_015231
chr15	35533296	35572169	+	mmuCirc_003318	Vps13b	CTO:ANNOTATED:CDS	3	419	NM_177151	0.0359829012851383	0	0.0185119210755352	0	0	0.0327511113680254	0	0.230875364935619	0.23866552558027	0	2;0;1;0;0;1;0;7;6;0	0	0	2.10360831008586	rnoCirc_011118	
chr15	35533296	35576526	+	mmuCirc_003319	Vps13b	CTO:ANNOTATED:CDS	4	567	NM_177151	0	0	0	0.0384588263746862	0	0.196506668208152	0.0292867224602159	0.0659643899816055	0.0795551751934235	0	0;0;0;2;0;6;1;2;2;0	0	0	1.90233830184961	rnoCirc_011119	
chr15	35533296	35607364	+	mmuCirc_003320	Vps13b	CTO:ANNOTATED:CDS	6	930	NM_177151	0.0179914506425692	0	0.0185119210755352	0	0	0	0	0.263857559926422	0.0795551751934235	0.172033860277826	1;0;1;0;0;0;0;8;2;6	0	0	1.8837251235454		
chr15	35533296	35623805	+	mmuCirc_003321	Vps13b	CTO:ANNOTATED:CDS	8	1355	NM_177151	0	0	0	0	0	0	0	0.0659643899816055	0.0397775875967117	0.086016930138913	0;0;0;0;0;0;0;2;1;3	0	0	2.02985553392988		
chr15	35617598	35623805	+	mmuCirc_003322	Vps13b	CTO:ANNOTATED:CDS	2	425	NM_177151	0	0	0	0	0	0	0.0292867224602159	0.164910974954014	0.119332762790135	0.0286723100463043	0;0;0;0;0;0;1;5;3;1	0	0	2.14838046822134		hsaCirc_015240
chr15	35617598	35652366	+	mmuCirc_003323	Vps13b	CTO:ANNOTATED:CDS	7	1300	NM_177151	0.0179914506425692	0.0170667097749	0	0.0192294131873431	0	0.360262225048279	0.146433612301079	0.263857559926422	0.397775875967117	0.114689240185217	1;1;0;1;0;11;5;8;10;4	0	0	3.09627565405579	rnoCirc_011124	hsaCirc_015241
chr15	35617598	35674952	+	mmuCirc_003324	Vps13b	CTO:ANNOTATED:CDS	10	1775	NM_177151	0	0	0	0	0.018226776348359	0.0982533341040761	0	0.0659643899816055	0.0795551751934235	0	0;0;0;0;1;3;0;2;2;0	0	0	1.51211522126721		
chr15	35668701	35674952	+	mmuCirc_003325	Vps13b	CTO:ANNOTATED:CDS	3	475	NM_177151	0.0179914506425692	0	0.0555357632266056	0.0961470659367156	0.0364535526967181	0.262008890944203	0.0585734449204318	0.395786339889633	0.397775875967117	0.143361550231522	1;0;3;5;2;8;2;12;10;5	0	0	2.14127100144117	rnoCirc_011126	
chr15	35770456	35770863	+	mmuCirc_003326	Vps13b	CTO:ANNOTATED:CDS	1	408	NM_177151	0	0	0	0.0192294131873431	0	0.0982533341040761	0.322153947062375	0.197893169944816	0.198887937983559	0	0;0;0;1;0;3;11;6;5;0	0	0	3.14652912635866	rnoCirc_011128	
chr15	35792039	35794489	+	mmuCirc_003327	Vps13b	CTO:ANNOTATED:CDS	3	593	NM_177151	0.0719658025702766	0	0.0185119210755352	0.0192294131873431	0.0364535526967181	0.0327511113680254	0.0878601673806477	0.428768534880436	0.596663813950676	0.20070617032413	4;0;1;1;2;1;3;13;15;7	0	0	2.22265120230587	rnoCirc_011129	hsaCirc_015246
chr15	37972903	37989652	-	mmuCirc_003328	Ubr5	CTO:ANNOTATED:CDS	14	1952	NM_001081359:NM_001112721	0.0179914506425692	0	0.0370238421510704	0.0192294131873431	0.0364535526967181	0.458515559152355	0.0585734449204318	0.395786339889633	0.596663813950676	0.114689240185217	1;0;2;1;2;14;2;12;15;4	0	0	2.7448082014397		
chr15	37986079	37989396	-	mmuCirc_003329	Ubr5	CTO:ANNOTATED:CDS	3	456	NM_001081359:NM_001112721	0.0179914506425692	0	0	0.0384588263746862	0.0364535526967181	0.0655022227360508	0	0.0989465849724082	0.278443113176982	0.143361550231522	1;0;0;2;2;2;0;3;7;5	0	0	1.90685611147378	rnoCirc_011141	
chr15	37989283	37989396	-	mmuCirc_003330	Ubr5	CTO:ANNOTATED:CDS	1	114	NM_001081359:NM_001112721	0	0	0	0.0192294131873431	0.0364535526967181	0.0655022227360508	0.0292867224602159	0.0989465849724082	0.0795551751934235	0.114689240185217	0;0;0;1;2;2;1;3;2;4	0	0	1.71349236009902	rnoCirc_011142	
chr15	38037816	38041964	-	mmuCirc_003331	Ubr5	CTO:ANNOTATED:CDS	4	712	NM_001081359:NM_001112721	0	0	0	0	0	0	0	0	0.119332762790135	0.143361550231522	0;0;0;0;0;0;0;0;3;5	0	0	2.91522959287182		
chr15	38037816	38048149	-	mmuCirc_003332	Ubr5	CTO:ANNOTATED:CDS	8	1036	NM_001081359:NM_001112721	0	0.0170667097749	0	0.0384588263746862	0	0.0327511113680254	0	0.0329821949908028	0.119332762790135	0	0;1;0;2;0;1;0;1;3;0	0	0	0.791906701565522		
chr15	38040753	38047624	-	mmuCirc_003333	Ubr5	CTO:ANNOTATED:CDS	6	779	NM_001081359:NM_001112721	0	0.0170667097749	0.0185119210755352	0	0	0.0655022227360508	0.0878601673806477	0.131928779963211	0.0397775875967117	0	0;1;1;0;0;2;3;4;1;0	0	0	1.79913775123841		
chr15	38493474	38498841	-	mmuCirc_003334	Azin1	CTO:ANNOTATED:CDS	5	628	NM_001102458:NM_018745	0	0.0170667097749	0	0.0192294131873431	0	0.196506668208152	0.117146889840864	0.0329821949908028	0.198887937983559	0.172033860277826	0;1;0;1;0;6;4;1;5;6	0	0	2.49456934304187		
chr15	38498669	38501600	-	mmuCirc_003335	Azin1	CTO:ANNOTATED:CDS:5UTR	3	544	NM_001102458:NM_018745	0.0359829012851383	0	0	0	0	0	0	0	0.159110350386847	0	2;0;0;0;0;0;0;0;4;0	0	0	0.838895274481829		hsaCirc_015268
chr15	38676028	38681165	+	mmuCirc_003336	Atp6v1c1	CTO:ANNOTATED:CDS	4	372	NM_025494	0.0359829012851383	0	0	0.0384588263746862	0.018226776348359	0.229257779576178	0.117146889840864	0.329821949908027	0.477331051160541	0.0573446200926087	2;0;0;2;1;7;4;10;12;2	0	0	2.6332420846532		
chr15	38679320	38683009	+	mmuCirc_003337	Atp6v1c1	CTO:ANNOTATED:CDS	3	260	NM_025494	0	0	0	0	0	0	0.0292867224602159	0	0.119332762790135	0.0573446200926087	0;0;0;0;0;0;1;0;3;2	0	0	2.01765420647155		
chr15	38681067	38683009	+	mmuCirc_003338	Atp6v1c1	CTO:ANNOTATED:CDS	2	168	NM_025494	0	0	0	0	0	0.0327511113680254	0	0.131928779963211	0.0397775875967117	0.0286723100463043	0;0;0;0;0;1;0;4;1;1	0	0	1.79680767372352		