chr2	125757194	125760406	-	mmuCirc_005684	Secisbp2l	CTO:ANNOTATED:CDS	4	526	NM_177608	0	0	0	0	0	0.0327511113680254	0	0.0329821949908028	0.119332762790135	0	0;0;0;0;0;1;0;1;3;0	0	0	1.86839057735816		
chr2	125767375	125768333	-	mmuCirc_005685	Secisbp2l	CTO:ANNOTATED:CDS	3	368	NM_177608	0	0	0	0	0	0.196506668208152	0.0878601673806477	0.0989465849724082	0.23866552558027	0.0286723100463043	0;0;0;0;0;6;3;3;6;1	0	0	2.68315778080178	rnoCirc_008229	hsaCirc_005374
chr2	125767375	125771544	-	mmuCirc_005686	Secisbp2l	CTO:ANNOTATED:CDS	4	504	NM_177608	0	0	0.0370238421510704	0	0	0.0982533341040761	0.0292867224602159	0.263857559926422	0.159110350386847	0.172033860277826	0;0;2;0;0;3;1;8;4;6	0	0	2.52132072562601		
chr2	125767375	125775731	-	mmuCirc_005687	Secisbp2l	CTO:ANNOTATED:CDS	6	1008	NM_177608	0	0	0	0	0	0	0	0.0659643899816055	0.119332762790135	0.086016930138913	0;0;0;0;0;0;0;2;3;3	0	0	2.4368081847864	rnoCirc_008230	hsaCirc_005376
chr2	125771409	125775731	-	mmuCirc_005688	Secisbp2l	CTO:ANNOTATED:CDS	3	640	NM_177608	0	0	0	0	0	0	0	0	0.119332762790135	0.0286723100463043	0;0;0;0;0;0;0;0;3;1	0	0	2.04178193859134		
chr2	125833724	125836239	-	mmuCirc_005689	Cops2	CTO:ANNOTATED:CDS	3	240	NM_001285507:NM_001285512:NM_001285513:NM_009939	0	0	0.0185119210755352	0.0384588263746862	0	0.0982533341040761	0.175720334761295	0.0989465849724082	0.23866552558027	0.086016930138913	0;0;1;2;0;3;6;3;6;3	0	0	2.40665706888224		
chr2	126717995	126725430	+	mmuCirc_005690	Usp8	CTO:ANNOTATED:CDS:5UTR	3	434	NM_001252580:NM_019729	0.0179914506425692	0	0	0.0192294131873431	0	0.0655022227360508	0.0292867224602159	0.197893169944816	0.0397775875967117	0.0286723100463043	1;0;0;1;0;2;1;6;1;1	0	0	1.56156108198356		
chr2	126725345	126736511	+	mmuCirc_005691	Usp8	CTO:ANNOTATED:CDS	5	600	NM_001252580:NM_019729	0	0	0.0185119210755352	0	0	0.0327511113680254	0	0	0.159110350386847	0.086016930138913	0;0;1;0;0;1;0;0;4;3	0	0	1.50572399237859		
chr2	126797111	126799234	-	mmuCirc_005692	Trpm7	CTO:ANNOTATED:CDS	4	639	NM_001164325:NM_021450	0.0179914506425692	0	0	0.0576882395620293	0	0.0327511113680254	0.0878601673806477	0.0659643899816055	0.0795551751934235	0.0573446200926087	1;0;0;3;0;1;3;2;2;2	0	0	1.46349143188406	rnoCirc_008235	hsaCirc_005392
chr2	126797467	126799234	-	mmuCirc_005693	Trpm7	CTO:ANNOTATED:CDS	3	433	NM_001164325:NM_021450	0.0179914506425692	0.0341334195498	0	0.0192294131873431	0	0.524017781888406	0.205007057221511	0.560697314843647	0.835329339530947	0.286723100463044	1;2;0;1;0;16;7;17;21;10	0	0	3.82806753431512	rnoCirc_008236	hsaCirc_005395
chr2	126797662	126799234	-	mmuCirc_005694	Trpm7	CTO:ANNOTATED:CDS	2	350	NM_001164325:NM_021450	0	0	0	0	0	0	0.0292867224602159	0.131928779963211	0.0397775875967117	0.086016930138913	0;0;0;0;0;0;1;4;1;3	0	0	2.05308744235147		hsaCirc_005396
chr2	126805017	126813408	-	mmuCirc_005695	Trpm7	CTO:ANNOTATED:CDS	4	943	NM_001164325:NM_021450	0	0	0	0	0	0.0982533341040761	0.0585734449204318	0.0329821949908028	0.0397775875967117	0.0286723100463043	0;0;0;0;0;3;2;1;1;1	0	0	1.76121286165778		hsaCirc_005398
chr2	126810163	126813408	-	mmuCirc_005696	Trpm7	CTO:ANNOTATED:CDS	2	781	NM_001164325:NM_021450	0	0	0	0	0.018226776348359	0.0655022227360508	0.0292867224602159	0.131928779963211	0.357998288370406	0.0573446200926087	0;0;0;0;1;2;1;4;9;2	0	0	2.31590189003983		
chr2	126823976	126825789	-	mmuCirc_005697	Trpm7	CTO:ANNOTATED:CDS	3	429	NM_001164325:NM_021450	0	0.0170667097749	0	0	0	0.0655022227360508	0.0878601673806477	0.164910974954014	0.0397775875967117	0.0286723100463043	0;1;0;0;0;2;3;5;1;1	0	0	1.94167860245318		
chr2	126831197	126837435	-	mmuCirc_005698	Trpm7	CTO:ANNOTATED:CDS	4	431	NM_001164325:NM_021450	0	0	0.0185119210755352	0.0576882395620293	0	0.196506668208152	0.0292867224602159	0	0.23866552558027	0.114689240185217	0;0;1;3;0;6;1;0;6;4	0	0	1.65582317411848	rnoCirc_008239	
chr2	126917211	126917881	-	mmuCirc_005699	Sppl2a	CTO:ANNOTATED:CDS	2	157	NM_023220	0	0	0	0	0	0.0327511113680254	0.0585734449204318	0.0989465849724082	0.0397775875967117	0	0;0;0;0;0;1;2;3;1;0	0	0	1.88127248157971		
chr2	127028172	127037859	+	mmuCirc_005700	Ap4e1	CTO:ANNOTATED:CDS	4	523	NM_175550	0	0	0	0	0	0.0655022227360508	0.0878601673806477	0	0.0397775875967117	0.0286723100463043	0;0;0;0;0;2;3;0;1;1	0	0	1.84743953060229		
chr2	127033530	127037859	+	mmuCirc_005701	Ap4e1	CTO:ANNOTATED:CDS	3	401	NM_175550	0	0	0	0	0	0	0.0585734449204318	0.0659643899816055	0	0.114689240185217	0;0;0;0;0;0;2;2;0;4	0	0	2.27644789085264		
chr2	127043421	127043756	+	mmuCirc_005702	Ap4e1	CTO:ANNOTATED:CDS	2	233	NM_175550	0	0	0	0.0192294131873431	0	0.0655022227360508	0.0878601673806477	0	0.0397775875967117	0.0573446200926087	0;0;0;1;0;2;3;0;1;2	0	0	1.77150551595568	rnoCirc_008242	
chr2	127046846	127049446	-	mmuCirc_005703	Ap4e1	AS:CTO	1	2601	NM_175550	0	0	0.0185119210755352	0	0	0.0655022227360508	0.0292867224602159	0.131928779963211	0.119332762790135	0.143361550231522	0;0;1;0;0;2;1;4;3;5	0	0	2.24152766950869		
chr2	127049260	127052294	+	mmuCirc_005704	Ap4e1	CTO:ANNOTATED:CDS	2	418	NM_175550	0.0179914506425692	0.0170667097749	0.0185119210755352	0	0	0.163755556840127	0.0585734449204318	0	0	0	1;1;1;0;0;5;2;0;0;0	0	0	0.804217945678171		hsaCirc_005416
chr2	127080530	127086082	+	mmuCirc_005705	Blvra	CTO:ANNOTATED:CDS:5UTR	3	368	NM_026678	0.0179914506425692	0	0.092559605377676	0.0576882395620293	0.0364535526967181	0.262008890944203	0.234293779681727	0.560697314843647	0.875106927127658	0.372740030601957	1;0;5;3;2;8;8;17;22;13	0	0	3.05044913590397		
chr2	127080530	127086942	+	mmuCirc_005706	Blvra	CTO:ANNOTATED:CDS:5UTR	4	466	NM_026678	0.0359829012851383	0.0170667097749	0.0185119210755352	0	0	0.0655022227360508	0.0585734449204318	0	0.198887937983559	0.0286723100463043	2;1;1;0;0;2;2;0;5;1	0	0	1.09696202642902		
chr2	127237461	127238820	+	mmuCirc_005707	Snrnp200	CTO:ANNOTATED:CDS	5	686	NM_177214	0	0	0	0	0.0364535526967181	0.196506668208152	0.0585734449204318	0.0659643899816055	0.198887937983559	0.086016930138913	0;0;0;0;2;6;2;2;5;3	0	0	2.37507989400698		
chr2	127284095	127284581	+	mmuCirc_005708	Stard7	CTO:ANNOTATED:CDS	2	259	NM_139308	0.0359829012851383	0	0	0.0192294131873431	0	0.196506668208152	0.0585734449204318	0.329821949908027	0.278443113176982	0.143361550231522	2;0;0;1;0;6;2;10;7;5	0	0	2.80227777649781		hsaCirc_008389
chr2	127290772	127295568	+	mmuCirc_005709	Stard7	CTO:ANNOTATED:CDS	4	379	NM_139308	0.0179914506425692	0	0	0	0	0	0	0	0.159110350386847	0	1;0;0;0;0;0;0;0;4;0	0	0	1.11855100234645		
chr2	128641342	128653245	-	mmuCirc_005710	Anapc1	CTO:ANNOTATED:CDS	8	1207	NM_008569	0	0	0	0	0	0.0655022227360508	0.0878601673806477	0	0	0.0573446200926087	0;0;0;0;0;2;3;0;0;2	0	0	2.15945104751082		
chr2	128668925	128684663	-	mmuCirc_005711	Anapc1	CTO:ANNOTATED:CDS	12	1437	NM_008569	0.0179914506425692	0.0170667097749	0	0.0192294131873431	0	0.327511113680254	0.0878601673806477	0.395786339889633	0.119332762790135	0.143361550231522	1;1;0;1;0;10;3;12;3;5	0	0	2.79411450225301		
chr2	128675671	128676247	-	mmuCirc_005712	Anapc1	CTO:ANNOTATED:CDS	2	367	NM_008569	0.0179914506425692	0	0.0185119210755352	0	0.018226776348359	0.360262225048279	0.117146889840864	0.197893169944816	0.636441401547388	0.172033860277826	1;0;1;0;1;11;4;6;16;6	0	0	3.193288299778		
chr2	128675671	128680445	-	mmuCirc_005713	Anapc1	CTO:ANNOTATED:CDS	6	677	NM_008569	0	0	0	0	0	0.0655022227360508	0	0	0.119332762790135	0	0;0;0;0;0;2;0;0;3;0	0	0	2.44821227701495		
chr2	128678211	128680445	-	mmuCirc_005714	Anapc1	CTO:ANNOTATED:CDS	4	310	NM_008569	0.0179914506425692	0	0	0	0	0	0.0878601673806477	0.0659643899816055	0.119332762790135	0.0286723100463043	1;0;0;0;0;0;3;2;3;1	0	0	1.53854370183901		
chr2	128736563	128738369	+	mmuCirc_005715	Mertk	CTO:ANNOTATED:CDS	2	275	NM_008587	0.0179914506425692	0	0.111071526453211	0.0192294131873431	0.0364535526967181	0.818777784200635	0.234293779681727	0.329821949908027	0.795551751934235	0.401412340648261	1;0;6;1;2;25;8;10;20;14	0	0	3.36541955319667		hsaCirc_008469
chr2	128771347	128779872	+	mmuCirc_005716	Mertk	CTO:ANNOTATED:CDS	5	571	NM_008587	0.0179914506425692	0	0	0.0192294131873431	0.018226776348359	0.0327511113680254	0.0292867224602159	0.0659643899816055	0.119332762790135	0.0573446200926087	1;0;0;1;1;1;1;2;3;2	0	0	1.34474183389344		
chr2	128776286	128779872	+	mmuCirc_005717	Mertk	CTO:ANNOTATED:CDS	4	417	NM_008587	0.0179914506425692	0	0	0.0384588263746862	0	0.0655022227360508	0.175720334761295	0.197893169944816	0.397775875967117	0.0573446200926087	1;0;0;2;0;2;6;6;10;2	0	0	2.53901906134115		
chr2	128828406	128830600	+	mmuCirc_005718	Tmem87b	CTO:ANNOTATED:CDS	2	142	NM_028248	0	0	0	0	0	0.163755556840127	0.0878601673806477	0	0	0	0;0;0;0;0;5;3;0;0;0	0	0	2.81540312291388		
chr2	128837302	128841483	+	mmuCirc_005719	Tmem87b	CTO:ANNOTATED:CDS	4	334	NM_028248	0	0	0	0	0	0.131004445472102	0	0.0329821949908028	0.119332762790135	0.086016930138913	0;0;0;0;0;4;0;1;3;3	0	0	2.38217803153799		
chr2	128991091	128997872	+	mmuCirc_005720	Zc3h6	CTO:ANNOTATED:CDS	3	572	NM_178404	0	0	0	0.0192294131873431	0	0	0	0	0.159110350386847	0	0;0;0;1;0;0;0;0;4;0	0	0	2.19084104970051		
chr2	129075856	129081345	+	mmuCirc_005721	Ttl	CTO:ANNOTATED:CDS	2	369	NM_027192	0	0	0	0.0384588263746862	0	0.0982533341040761	0.0585734449204318	0	0	0	0;0;0;2;0;3;2;0;0;0	0	0	0.996809967935703		
chr2	129810488	129811237	+	mmuCirc_005722	Stk35	CTO:ANNOTATED:CDS:3UTR	1	750	NM_001038635:NM_183262	0.0359829012851383	0.0512001293247	0	0.0192294131873431	0.018226776348359	0.327511113680254	0.117146889840864	0.329821949908027	0.715996576740811	0.516101580833478	2;3;0;1;1;10;4;10;18;18	0	0	3.14957246843709	rnoCirc_008245	
chr2	130439620	130440579	+	mmuCirc_005723	Vps16	CTO:ANNOTATED:CDS	4	432	NM_030559	0	0.0170667097749	0.0185119210755352	0	0.0364535526967181	0.0655022227360508	0.117146889840864	0.428768534880436	0.0795551751934235	0.315395410509348	0;1;1;0;2;2;4;13;2;11	0	0	2.4824610755223	rnoCirc_008251	
chr2	130503474	130504335	+	mmuCirc_005724	Ptpra	CTO:ANNOTATED:CDS:5UTR	2	421	NM_001163688:NM_008980	0.0359829012851383	0	0.0185119210755352	0	0	0.0327511113680254	0.0585734449204318	0.164910974954014	0.159110350386847	0.0286723100463043	2;0;1;0;0;1;2;5;4;1	0	0	1.71951779204225	rnoCirc_008252	hsaCirc_009264
chr2	130503474	130519508	+	mmuCirc_005725	Ptpra	CTO:ANNOTATED:CDS:5UTR	5	717	NM_001163688:NM_008980	0.0179914506425692	0	0	0	0	0	0	0	0.159110350386847	0	1;0;0;0;0;0;0;0;4;0	0	0	1.11855100234645	rnoCirc_008253	
chr2	130517731	130519508	+	mmuCirc_005726	Ptpra	CTO:ANNOTATED:CDS	3	296	NM_001163688:NM_008980	0	0.0170667097749	0	0	0	0.0327511113680254	0.0292867224602159	0.0989465849724082	0.23866552558027	0.0286723100463043	0;1;0;0;0;1;1;3;6;1	0	0	1.87172711037583		hsaCirc_009265
chr2	130517731	130537649	+	mmuCirc_005727	Ptpra	CTO:ANNOTATED:CDS	8	707	NM_001163688:NM_008980	0	0	0	0	0	0	0	0	0.119332762790135	0.086016930138913	0;0;0;0;0;0;0;0;3;3	0	0	2.60334269748257		
chr2	130549485	130549842	+	mmuCirc_005728	Ptpra	CTO:ANNOTATED:CDS	2	278	NM_001163688:NM_008980	0	0.0170667097749	0	0	0	0.0327511113680254	0.0878601673806477	0.0659643899816055	0.0397775875967117	0	0;1;0;0;0;1;3;2;1;0	0	0	1.65587788434295	rnoCirc_008254	
chr2	130712260	130713503	-	mmuCirc_005729	4930402H24Rik	CTO:ANNOTATED:CDS	3	385	NM_029432	0.0179914506425692	0.0170667097749	0	0.0192294131873431	0.018226776348359	0.393013336416305	0.263580502141943	0.461750729871238	0.397775875967117	0.258050790416739	1;1;0;1;1;12;9;14;10;9	0	0	3.44872670085407	rnoCirc_008256	
chr2	130712260	130719975	-	mmuCirc_005730	4930402H24Rik	CTO:ANNOTATED:CDS	5	608	NM_029432	0	0	0	0	0.018226776348359	0.0327511113680254	0	0.0989465849724082	0	0.172033860277826	0;0;0;0;1;1;0;3;0;6	0	0	2.10004956770936	rnoCirc_008257	
chr2	130736467	130741963	-	mmuCirc_005731	4930402H24Rik	CTO:ANNOTATED:CDS	6	701	NM_029432	0	0	0.0370238421510704	0	0	0.0655022227360508	0	0.0659643899816055	0.119332762790135	0	0;0;2;0;0;2;0;2;3;0	0	0	1.82953282166709		
chr2	130764453	130770789	-	mmuCirc_005732	4930402H24Rik	CTO:ANNOTATED:CDS	4	328	NM_029432	0	0	0.0370238421510704	0	0	0	0	0.0329821949908028	0.119332762790135	0.086016930138913	0;0;2;0;0;0;0;1;3;3	0	0	1.70020925355601	rnoCirc_008266	
chr2	130764453	130778504	-	mmuCirc_005733	4930402H24Rik	CTO:ANNOTATED:CDS	8	584	NM_029432	0	0	0	0	0	0	0.0292867224602159	0.0989465849724082	0.0397775875967117	0	0;0;0;0;0;0;1;3;1;0	0	0	1.81768188957208		
chr2	130765688	130770789	-	mmuCirc_005734	4930402H24Rik	CTO:ANNOTATED:CDS	3	240	NM_029432	0	0	0	0	0	0.0982533341040761	0	0	0	0.0286723100463043	0;0;0;0;0;3;0;0;0;1	0	0	1.92345510174967		
chr2	130806871	130814303	-	mmuCirc_005735	4930402H24Rik	CTO:ANNOTATED:CDS	4	407	NM_029432	0	0	0	0	0	0	0.0585734449204318	0.0989465849724082	0.0397775875967117	0.0573446200926087	0;0;0;0;0;0;2;3;1;2	0	0	2.01929734550199		
chr2	130806871	130822500	-	mmuCirc_005736	4930402H24Rik	CTO:ANNOTATED:CDS	6	607	NM_029432	0	0.0341334195498	0	0.0576882395620293	0.0364535526967181	0.262008890944203	0	0.428768534880436	0.397775875967117	0.401412340648261	0;2;0;3;2;8;0;13;10;14	0	0	2.43922123686054	rnoCirc_008268	
chr2	130944882	130964928	+	mmuCirc_005737	Atrn	CTO:ANNOTATED:CDS	8	1263	NM_009730	0	0	0	0	0	0.0327511113680254	0	0.0989465849724082	0	0.0286723100463043	0;0;0;0;0;1;0;3;0;1	0	0	1.75151489464531		
chr2	131271559	131274263	+	mmuCirc_005738	Pank2	CTO:ALT_ACCEPTOR:CDS	1	2705	NM_153501	0.0179914506425692	0	0.0370238421510704	0.0192294131873431	0.0911338817417952	0.556768893256432	0.263580502141943	0.59367950983445	0.437553463563829	0.372740030601957	1;0;2;1;5;17;9;18;11;13	0	0	3.30859798980686	rnoCirc_008271	
chr2	131271559	131282768	+	mmuCirc_005739	Pank2	CTO:ALT_ACCEPTOR:CDS	3	3136	NM_153501	0	0	0	0	0	0.131004445472102	0	0.0989465849724082	0	0.0573446200926087	0;0;0;0;0;4;0;3;0;2	0	0	2.4800206694684		
chr2	131271559	131287597	+	mmuCirc_005740	Pank2	CTO:ALT_ACCEPTOR:CDS	4	3260	NM_153501	0	0	0	0.0192294131873431	0	0.0655022227360508	0.0292867224602159	0.131928779963211	0.159110350386847	0	0;0;0;1;0;2;1;4;4;0	0	0	2.12833132545978	rnoCirc_008272	
chr2	131273911	131274263	+	mmuCirc_005741	Pank2	CTO:ANNOTATED:CDS	1	353	NM_153501	0	0	0	0	0	0.0327511113680254	0.0585734449204318	0.0329821949908028	0.0795551751934235	0.086016930138913	0;0;0;0;0;1;2;1;2;3	0	0	1.9000939994645		
chr2	131273911	131282768	+	mmuCirc_005742	Pank2	CTO:ANNOTATED:CDS	3	784	NM_153501	0.0179914506425692	0.0170667097749	0	0.0192294131873431	0	0.196506668208152	0.0292867224602159	0.0659643899816055	0.119332762790135	0.0573446200926087	1;1;0;1;0;6;1;2;3;2	0	0	1.76106134357298	rnoCirc_008273	hsaCirc_009278
chr2	131273911	131287597	+	mmuCirc_005743	Pank2	CTO:ANNOTATED:CDS	4	908	NM_153501	0.0179914506425692	0	0.0185119210755352	0	0.018226776348359	0.163755556840127	0.0878601673806477	0.461750729871238	0.437553463563829	0.114689240185217	1;0;1;0;1;5;3;14;11;4	0	0	2.93657777605175	rnoCirc_008274	
chr2	131280157	131282768	+	mmuCirc_005744	Pank2	CTO:ANNOTATED:CDS	2	431	NM_153501	0	0	0	0	0	0.0655022227360508	0	0.0989465849724082	0.0795551751934235	0.0286723100463043	0;0;0;0;0;2;0;3;2;1	0	0	2.06670035844278		
chr2	131287474	131288685	+	mmuCirc_005745	Pank2	CTO:ALT_DONOR:CDS	1	1212	NM_153501	0	0	0	0	0	0.0655022227360508	0.0292867224602159	0.131928779963211	0.23866552558027	0.0573446200926087	0;0;0;0;0;2;1;4;6;2	0	0	2.39336021582218		
chr2	131511984	131516443	+	mmuCirc_005746	Smox	CTO:ANNOTATED:CDS:5UTR	2	461	NM_001177833:NM_001177834:NM_001177835:NM_001177836:NM_001177837:NM_001177838:NM_001177839:NM_001177840:NM_145533	0.395811914136521	0.1194669684243	0.314702658284099	0.519194156058264	0.473896185057335	3.17685780269846	2.66509174387965	4.41961412876757	8.91017962166343	3.21129872518609	22;7;17;27;26;97;91;134;224;112	1	1	3.53975135641086	rnoCirc_008278	
chr2	131511984	131520268	+	mmuCirc_005747	Smox	CTO:ANNOTATED:CDS:5UTR	3	635	NM_001177833:NM_001177834:NM_001177835:NM_001177836:NM_001177837:NM_001177838:NM_001177839:NM_001177840:NM_145533	0	0	0	0	0	0.0982533341040761	0.117146889840864	0.0329821949908028	0.0795551751934235	0.0573446200926087	0;0;0;0;0;3;4;1;2;2	0	0	2.20275276569026		
chr2	132071311	132078501	-	mmuCirc_005748	Slc23a2	CTO:ANNOTATED:CDS	5	614	NM_018824	0	0	0	0	0	0	0	0	0.159110350386847	0	0;0;0;0;0;0;0;0;4;0	0	0	3.16277680474228		
chr2	132089096	132094240	-	mmuCirc_005749	Slc23a2	CTO:ANNOTATED:CDS	3	374	NM_018824	0.0179914506425692	0	0	0	0.018226776348359	0.360262225048279	0.205007057221511	0.164910974954014	0.278443113176982	0.114689240185217	1;0;0;0;1;11;7;5;7;4	0	0	3.14805368684584		
chr2	132089096	132101726	-	mmuCirc_005750	Slc23a2	CTO:ANNOTATED:CDS:5UTR	4	629	NM_018824	0	0	0	0	0	0.0327511113680254	0	0	0	0.086016930138913	0;0;0;0;0;1;0;0;0;3	0	0	1.90271212755542	rnoCirc_008279	