chr2	160753643	160753744	+	mmuCirc_005885	Plcg1	CTO:ANNOTATED:CDS	1	102	NM_021280	0.0179914506425692	0.0341334195498	0.0370238421510704	0.0576882395620293	0.0364535526967181	0.294760002312228	0.380727391982807	0.329821949908027	0.437553463563829	0.20070617032413	1;2;2;3;2;9;13;10;11;7	0	0	2.61613635337485		
chr2	160992115	161026335	-	mmuCirc_005886	Chd6	CTO:ANNOTATED:CDS	10	1737	NM_173368	0	0	0	0	0	0.0655022227360508	0.0292867224602159	0.0989465849724082	0.0795551751934235	0.0286723100463043	0;0;0;0;0;2;1;3;2;1	0	0	1.91360009590955		
chr2	161008355	161021088	-	mmuCirc_005887	Chd6	CTO:ANNOTATED:CDS	7	1350	NM_173368	0	0	0	0.0384588263746862	0.0364535526967181	0.131004445472102	0.0585734449204318	0.164910974954014	0.0795551751934235	0.0573446200926087	0;0;0;2;2;4;2;5;2;2	0	0	1.864326379901		
chr2	161008355	161026335	-	mmuCirc_005888	Chd6	CTO:ANNOTATED:CDS	9	1572	NM_173368	0	0	0	0	0	0.131004445472102	0.0292867224602159	0.197893169944816	0	0.086016930138913	0;0;0;0;0;4;1;6;0;3	0	0	2.51737249959808		
chr2	163247767	163276214	+	mmuCirc_005889	Tox2	CTO:ANNOTATED:CDS	2	312	NM_001098799	0	0	0.0185119210755352	0	0.0364535526967181	0	0	0.0989465849724082	0	0.0286723100463043	0;0;1;0;2;0;0;3;0;1	0	0	0.706486864994066		
chr2	163627872	163629217	-	mmuCirc_005890	Serinc3	CTO:ANNOTATED:CDS	2	272	NM_012032	0	0	0	0	0	0	0.0585734449204318	0.0989465849724082	0.159110350386847	0.143361550231522	0;0;0;0;0;0;2;3;4;5	0	0	2.68476428063095		hsaCirc_009482
chr2	163627872	163639327	-	mmuCirc_005891	Serinc3	CTO:ANNOTATED:CDS	7	1016	NM_012032	0	0	0	0	0	0	0	0	0.159110350386847	0.0286723100463043	0;0;0;0;0;0;0;0;4;1	0	0	2.22293902651168		hsaCirc_009484
chr2	163629127	163639327	-	mmuCirc_005892	Serinc3	CTO:ANNOTATED:CDS	6	835	NM_012032	0	0	0	0.0192294131873431	0	0.0982533341040761	0.0878601673806477	0.0989465849724082	0.198887937983559	0.0286723100463043	0;0;0;1;0;3;3;3;5;1	0	0	2.26608544366466		
chr2	163630926	163634514	-	mmuCirc_005893	Serinc3	CTO:ANNOTATED:CDS	3	388	NM_012032	0	0	0	0	0	0	0.0292867224602159	0	0.159110350386847	0	0;0;0;0;0;0;1;0;4;0	0	0	2.23198792525946		
chr2	163632106	163639327	-	mmuCirc_005894	Serinc3	CTO:ANNOTATED:CDS	4	574	NM_012032	0	0	0	0	0	0.0327511113680254	0	0	0.119332762790135	0.0286723100463043	0;0;0;0;0;1;0;0;3;1	0	0	1.82758845540999		hsaCirc_009486
chr2	163634435	163637004	-	mmuCirc_005895	Serinc3	CTO:ANNOTATED:CDS	2	274	NM_012032	0	0	0	0	0	0	0	0	0.0397775875967117	0.086016930138913	0;0;0;0;0;0;0;0;1;3	0	0	1.9929137211978		
chr2	163634435	163639327	-	mmuCirc_005896	Serinc3	CTO:ANNOTATED:CDS	3	436	NM_012032	0.0179914506425692	0.0341334195498	0.0555357632266056	0.0384588263746862	0.0364535526967181	0.196506668208152	0.175720334761295	0.230875364935619	0.357998288370406	0	1;2;3;2;2;6;6;7;9;0	0	0	1.45848571514241		hsaCirc_009487
chr2	163636811	163639327	-	mmuCirc_005897	Serinc3	CTO:ANNOTATED:CDS	2	356	NM_012032	0.0539743519277075	0.0512001293247	0.0555357632266056	0.115376479124059	0	0.163755556840127	0.175720334761295	0.329821949908027	0.954662102321082	0.20070617032413	3;3;3;6;0;5;6;10;24;7	1	0	2.25898037225045		
chr2	164043550	164047574	+	mmuCirc_005898	Pabpc1l	CTO:ANNOTATED:CDS	4	409	NM_001114079	0	0	0	0	0.0546803290450771	0	0	0	0	0	0;0;0;0;3;0;0;0;0;0	0	0	-1.900728284161		
chr2	164096739	164096906	+	mmuCirc_005899	Stk4	CTO:ANNOTATED:CDS	1	168	NM_021420	0.0179914506425692	0	0.0185119210755352	0	0.018226776348359	0.196506668208152	0.117146889840864	0.0329821949908028	0.556886226353964	0.20070617032413	1;0;1;0;1;6;4;1;14;7	0	0	2.62564074143492		
chr2	164099697	164100596	+	mmuCirc_005900	Stk4	CTO:ANNOTATED:CDS	2	316	NM_021420	0	0	0	0.0192294131873431	0.018226776348359	0.0982533341040761	0.0292867224602159	0.0329821949908028	0.0397775875967117	0.114689240185217	0;0;0;1;1;3;1;1;1;4	0	0	1.53903273838901		hsaCirc_009489
chr2	164799720	164799945	-	mmuCirc_005901	Acot8	CTO:ANNOTATED:CDS	1	226	NM_133240	0	0	0	0	0.018226776348359	0	0.0292867224602159	0.131928779963211	0.119332762790135	0.143361550231522	0;0;0;0;1;0;1;4;3;5	0	0	2.28059949236407		hsaCirc_009492
chr2	165009323	165013162	-	mmuCirc_005902	Ncoa5	CTO:ANNOTATED:CDS	3	591	NM_144892	0	0	0	0	0.018226776348359	0.0327511113680254	0.0292867224602159	0.131928779963211	0.0795551751934235	0.0286723100463043	0;0;0;0;1;1;1;4;2;1	0	0	1.65794756695904	rnoCirc_008437	
chr2	165294241	165298742	-	mmuCirc_005903	Elmo2	CTO:ANNOTATED:CDS	9	1077	NM_080287:NM_207706:NM_207705	0	0	0	0	0	0	0	0.131928779963211	0	0	0;0;0;0;0;0;0;4;0;0	0	0	2.92532328123365		
chr2	165787164	165796161	-	mmuCirc_005904	Zmynd8	CTO:ANNOTATED:CDS	5	634	NM_001252585:NM_001291158:NM_001281926:NM_001252584:NM_027230	0	0	0.0370238421510704	0.0576882395620293	0.018226776348359	0.131004445472102	0.322153947062375	0.395786339889633	0.278443113176982	0.20070617032413	0;0;2;3;1;4;11;12;7;7	0	0	2.87009147257006		
chr2	165805187	165807929	-	mmuCirc_005905	Zmynd8	CTO:ANNOTATED:CDS	2	602	NM_001252585:NM_001291158:NM_001281926:NM_001252584:NM_027230	0.0359829012851383	0.0512001293247	0	0.0769176527493725	0.0546803290450771	0.163755556840127	0.205007057221511	0.461750729871238	0.437553463563829	0.20070617032413	2;3;0;4;3;5;7;14;11;7	0	1	2.35347977628983	rnoCirc_008441	
chr2	165812349	165820688	-	mmuCirc_005906	Zmynd8	CTO:ANNOTATED:CDS	3	810	NM_001252585:NM_001291158:NM_001281926:NM_001252584:NM_027230	0	0	0.0185119210755352	0	0	0.0982533341040761	0	0	0.0397775875967117	0	0;0;1;0;0;3;0;0;1;0	0	0	1.06603618040385	rnoCirc_008443	hsaCirc_009500
chr2	165828208	165840090	-	mmuCirc_005907	Zmynd8	CTO:ANNOTATED:CDS	6	913	NM_001252585:NM_001291158:NM_001281926:NM_001252584:NM_027230:NM_001252587	0	0	0	0	0	0.0655022227360508	0.0292867224602159	0.0989465849724082	0.0795551751934235	0	0;0;0;0;0;2;1;3;2;0	0	0	2.07122480781667		
chr2	165828208	165842877	-	mmuCirc_005908	Zmynd8	CTO:ANNOTATED:CDS	7	1027	NM_001252585:NM_001291158:NM_001281926:NM_001252584:NM_027230:NM_001252587	0	0.0170667097749	0	0.0384588263746862	0	0.0982533341040761	0	0.0989465849724082	0.198887937983559	0.086016930138913	0;1;0;2;0;3;0;3;5;3	0	0	1.71136985853349		
chr2	166048455	166051706	+	mmuCirc_005909	Ncoa3	CTO:ANNOTATED:CDS	4	555	NM_008679	0	0	0.0185119210755352	0.0192294131873431	0.018226776348359	0.229257779576178	0.322153947062375	0.461750729871238	0.6762189891441	0.344067720555652	0;0;1;1;1;7;11;14;17;12	0	0	3.75642701150566		
chr2	166116872	166132854	-	mmuCirc_005910	Sulf2	CTO:ANNOTATED:CDS:5UTR	2	507	NM_001252578:NM_001252579:NM_028072	0	0	0	0	0	0	0.0292867224602159	0.0989465849724082	0.159110350386847	0.172033860277826	0;0;0;0;0;0;1;3;4;6	0	0	2.57487665197434	rnoCirc_008445	
chr2	166609738	166613260	-	mmuCirc_005911	Prex1	CTO:ANNOTATED:CDS	3	417	NM_177782	0	0	0	0	0	0.131004445472102	0.0292867224602159	0.0659643899816055	0.0795551751934235	0.0573446200926087	0;0;0;0;0;4;1;2;2;2	0	0	2.1176509161445		
chr2	166826927	166836457	+	mmuCirc_005912	Arfgef2	CTO:ANNOTATED:CDS	5	738	NM_001085495	0	0.0170667097749	0	0.0384588263746862	0.0364535526967181	0.0982533341040761	0.0292867224602159	0.0659643899816055	0.278443113176982	0.114689240185217	0;1;0;2;2;3;1;2;7;4	0	0	1.73701692330363	rnoCirc_008452	
chr2	166834471	166836457	+	mmuCirc_005913	Arfgef2	CTO:ANNOTATED:CDS	3	583	NM_001085495	0.0899572532128458	0.0512001293247	0.092559605377676	0.269211784622804	0.127587434438513	0.917031118304711	0.702881339045181	1.1873590196689	1.43199315348162	0.573446200926087	5;3;5;14;7;28;24;36;36;20	1	1	2.83868773682873	rnoCirc_008454	
chr2	166853255	166855013	+	mmuCirc_005914	Arfgef2	CTO:ANNOTATED:CDS	2	249	NM_001085495	0	0.0341334195498	0	0	0	0.0327511113680254	0	0	0.23866552558027	0.0286723100463043	0;2;0;0;0;1;0;0;6;1	0	0	1.23469977378538		
chr2	166859263	166861735	+	mmuCirc_005915	Arfgef2	CTO:ANNOTATED:CDS	5	727	NM_001085495	0	0	0	0	0	0.0327511113680254	0.0292867224602159	0.131928779963211	0.0397775875967117	0	0;0;0;0;0;1;1;4;1;0	0	0	1.80133212309741		
chr2	166871459	166873992	+	mmuCirc_005916	Arfgef2	CTO:ANNOTATED:CDS	3	422	NM_001085495	0	0	0	0	0	0.0327511113680254	0	0.0989465849724082	0	0	0;0;0;0;0;1;0;3;0;0	0	0	1.98572171782742		
chr2	166885779	166893618	+	mmuCirc_005917	Arfgef2	CTO:ANNOTATED:CDS	4	557	NM_001085495	0	0	0	0.0192294131873431	0	0.0327511113680254	0	0.197893169944816	0.477331051160541	0.0286723100463043	0;0;0;1;0;1;0;6;12;1	0	0	2.44801266403555		
chr2	166890269	166891905	+	mmuCirc_005918	Arfgef2	CTO:ANNOTATED:CDS	2	308	NM_001085495	0.0179914506425692	0	0	0	0	0	0	0	0.159110350386847	0	1;0;0;0;0;0;0;0;4;0	0	0	1.11855100234645		
chr2	166928958	166929987	+	mmuCirc_005919	Cse1l	CTO:ANNOTATED:CDS	2	269	NM_023565	0.0179914506425692	0.0341334195498	0	0.0192294131873431	0	0.163755556840127	0.175720334761295	0.131928779963211	0.23866552558027	0.0573446200926087	1;2;0;1;0;5;6;4;6;2	0	0	2.34518955044398		
chr2	166939635	166941492	+	mmuCirc_005920	Cse1l	CTO:ANNOTATED:CDS	4	544	NM_023565	0.0899572532128458	0.0170667097749	0.0185119210755352	0.0961470659367156	0	0.491266670520381	0.0585734449204318	0.263857559926422	0.795551751934235	0.344067720555652	5;1;1;5;0;15;2;8;20;12	0	0	2.63615995520656		
chr2	166941218	166941492	+	mmuCirc_005921	Cse1l	CTO:ANNOTATED:CDS	2	184	NM_023565	0	0	0	0	0	0.0982533341040761	0	0.0989465849724082	0.0795551751934235	0.0286723100463043	0;0;0;0;0;3;0;3;2;1	0	0	2.18366211596527		
chr2	166960023	166964717	-	mmuCirc_005922	Stau1	CTO:ncRNA	3	404	NR_111895:NM_001109905:NM_001109906:NM_001291160:NM_011490	0	0	0	0.0192294131873431	0.018226776348359	0.0655022227360508	0.117146889840864	0.131928779963211	0.636441401547388	0.229378480370435	0;0;0;1;1;2;4;4;16;8	0	0	2.91385506128601		hsaCirc_009533
chr2	166963429	166964717	-	mmuCirc_005923	Stau1	CTO:ncRNA	2	305	NR_111895:NM_001109905:NM_001109906:NM_001291160:NM_011490	0	0	0	0	0.018226776348359	0	0.0878601673806477	0	0.159110350386847	0.0573446200926087	0;0;0;0;1;0;3;0;4;2	0	0	2.20352815961626		
chr2	167019627	167020714	+	mmuCirc_005924	Ddx27	CTO:ANNOTATED:CDS	4	351	NM_153065	0	0	0.0185119210755352	0	0	0.0982533341040761	0	0.0329821949908028	0.0795551751934235	0	0;0;1;0;0;3;0;1;2;0	0	0	1.77983593091975		
chr2	167221209	167227585	-	mmuCirc_005925	Ptgis	CTO:ANNOTATED:CDS	4	599	NM_008968	0.0179914506425692	0	0.0370238421510704	0	0.018226776348359	0.0655022227360508	0.0292867224602159	0.0659643899816055	0.318220700773694	0.086016930138913	1;0;2;0;1;2;1;2;8;3	0	0	1.72303847239535		
chr2	167424119	167434862	+	mmuCirc_005926	Slc9a8	CTO:ANNOTATED:CDS	2	260	NM_148929:NM_178371	0.0179914506425692	0.0170667097749	0	0.0384588263746862	0.018226776348359	0	0.0292867224602159	0.0659643899816055	0.119332762790135	0.0573446200926087	1;1;0;2;1;0;1;2;3;2	0	0	0.771779701929862	rnoCirc_008457	
chr2	167465341	167469075	+	mmuCirc_005927	Slc9a8	CTO:ANNOTATED:CDS	3	312	NM_148929:NM_178371	0	0	0	0.0576882395620293	0.018226776348359	0.0327511113680254	0	0.0989465849724082	0.0397775875967117	0.0286723100463043	0;0;0;3;1;1;0;3;1;1	0	0	0.985467399210096	rnoCirc_008460	
chr2	167507047	167511326	+	mmuCirc_005928	Rnf114	CTO:ANNOTATED:CDS	3	373	NM_030743	0.0539743519277075	0.0682668390996	0.129583447528746	0.230752958248117	0.0911338817417952	0.917031118304711	0.585734449204318	1.28630560464131	2.42643284339942	0.688135441111304	3;4;7;12;5;28;20;39;61;24	1	1	3.10525591660061	rnoCirc_008461	
chr2	167510876	167511326	+	mmuCirc_005929	Rnf114	CTO:ANNOTATED:CDS	2	222	NM_030743	0.0359829012851383	0	0	0.0576882395620293	0.0729071053934362	0.589520004624457	0.351440669522591	0.626661704825252	1.23310521549806	0.659463131065	2;0;0;3;4;18;12;19;31;23	0	1	3.91136330315712		
chr2	167510876	167512624	+	mmuCirc_005930	Rnf114	CTO:ANNOTATED:CDS	3	330	NM_030743	0.107948703855415	0.0682668390996	0.092559605377676	0.230752958248117	0.236948092528668	1.01528445240879	0.702881339045181	1.1873590196689	2.30710008060928	0.974858541574348	6;4;5;12;13;31;24;36;58;34	1	1	2.92810158715339	rnoCirc_008462	hsaCirc_009545
chr2	168197963	168198913	-	mmuCirc_005931	Adnp	INTRONIC	1	951	NM_009628	0	0.0341334195498	0	0	0.018226776348359	0.0655022227360508	0.0585734449204318	0	0.23866552558027	0.0286723100463043	0;2;0;0;1;2;2;0;6;1	0	0	1.66875445056421		
chr2	168504445	168507370	-	mmuCirc_005932	Nfatc2	CTO:ANNOTATED:CDS	3	873	NM_001136073:NM_001291175:NM_001291176:NM_001291177:NM_001291178:NM_010899:NM_001291168:NM_001291169:NM_001291170:NM_001291171:NM_001291173:NM_001291174	0	0.0341334195498	0.148095368604282	0.0192294131873431	0.0546803290450771	0.622271115992482	0.263580502141943	0.626661704825252	0.477331051160541	0.401412340648261	0;2;8;1;3;19;9;19;12;14	0	0	3.09972796974769	rnoCirc_008468	
chr2	168567139	168571113	-	mmuCirc_005933	Nfatc2	CTO:ANNOTATED:CDS:5UTR	2	688	NM_001136073:NM_001291175:NM_001291176:NM_001291177:NM_001291178:NM_010899:NM_001291168:NM_001291169:NM_001291170:NM_001291171:NM_001291173:NM_001291174:NM_001037177:NM_001291179:NR_111898:NM_001037178:NM_001291172:NR_111897	0	0.0170667097749	0	0	0.018226776348359	0.0982533341040761	0	0.0989465849724082	0.0795551751934235	0.0573446200926087	0;1;0;0;1;3;0;3;2;2	0	0	1.51562811138989	rnoCirc_008469	
chr2	168567139	168571633	-	mmuCirc_005934	Nfatc2	CTO:ANNOTATED:CDS:5UTR	2	1208	NM_001136073:NM_001291175:NM_001291176:NM_001291177:NM_001291178:NM_010899:NM_001291168:NM_001291169:NM_001291170:NM_001291171:NM_001291173:NM_001291174:NM_001037177:NM_001291179:NR_111898:NM_001037178:NM_001291172:NR_111897	0	0	0.0185119210755352	0	0	0.131004445472102	0.0585734449204318	0.0659643899816055	0.278443113176982	0.0573446200926087	0;0;1;0;0;4;2;2;7;2	0	0	2.37993600057125	rnoCirc_008470	hsaCirc_009553
chr2	168639070	168639990	-	mmuCirc_005935	Atp9a	CTO:ANNOTATED:CDS	2	167	NM_001289445:NM_015731:NM_001289446	0.0179914506425692	0	0.0185119210755352	0.0384588263746862	0.018226776348359	0.0982533341040761	0.175720334761295	0.131928779963211	0.437553463563829	0.0286723100463043	1;0;1;2;1;3;6;4;11;1	0	0	2.04516787156144		
chr2	168668006	168710976	-	mmuCirc_005936	Atp9a	CTO:ANNOTATED:CDS	13	1438	NM_001289445:NM_015731:NM_001289446	0.0179914506425692	0	0	0.0384588263746862	0	0.0327511113680254	0.0585734449204318	0.0659643899816055	0.198887937983559	0	1;0;0;2;0;1;2;2;5;0	0	0	1.61400183689282		
chr2	168681976	168710976	-	mmuCirc_005937	Atp9a	CTO:ANNOTATED:CDS	8	731	NM_001289445:NM_015731:NM_001289446	0	0	0.0185119210755352	0	0.0364535526967181	0	0.0878601673806477	0.197893169944816	0.159110350386847	0.086016930138913	0;0;1;0;2;0;3;6;4;3	0	0	2.25081736201598		
chr2	168683713	168710976	-	mmuCirc_005938	Atp9a	CTO:ANNOTATED:CDS	7	655	NM_001289445:NM_015731:NM_001289446	0	0	0	0	0	0.0982533341040761	0.0292867224602159	0.0989465849724082	0.119332762790135	0.143361550231522	0;0;0;0;0;3;1;3;3;5	0	0	2.45354182666922		
chr2	168689299	168710976	-	mmuCirc_005939	Atp9a	CTO:ANNOTATED:CDS	5	479	NM_001289445:NM_015731:NM_001289446	0	0	0	0	0	0.131004445472102	0	0	0.119332762790135	0	0;0;0;0;0;4;0;0;3;0	0	0	2.85849087298141		
chr2	168700926	168710976	-	mmuCirc_005940	Atp9a	CTO:ALT_DONOR:CDS	3	4565	NM_001289445:NM_015731:NM_001289446	0	0	0	0	0	0	0	0	0.119332762790135	0	0;0;0;0;0;0;0;0;3;0	0	0	2.80046262890159		
chr2	168705123	168710976	-	mmuCirc_005941	Atp9a	CTO:ANNOTATED:CDS	3	368	NM_001289445:NM_015731:NM_001289446	0	0.0341334195498	0	0	0.0364535526967181	0.622271115992482	0.380727391982807	0.72560828979766	1.39221556588491	0.716807751157609	0;2;0;0;2;19;13;22;35;25	0	0	4.59229093597753		
chr2	168706195	168710976	-	mmuCirc_005942	Atp9a	CTO:ANNOTATED:CDS	2	259	NM_001289445:NM_015731:NM_001289446	0	0.0170667097749	0	0	0	0	0	0.0989465849724082	0.159110350386847	0.0573446200926087	0;1;0;0;0;0;0;3;4;2	0	0	1.69904890900424		
chr2	169883526	169886459	+	mmuCirc_005943	Tshz2	CTO:ALT_DONOR:CDS	1	2934	NM_080455	0.0359829012851383	0.0341334195498	0.0370238421510704	0.0384588263746862	0	0.163755556840127	0.205007057221511	0.36280414489883	0.397775875967117	0.258050790416739	2;2;2;2;0;5;7;11;10;9	0	0	2.63031815740696	rnoCirc_008471	
chr2	173688147	173695999	+	mmuCirc_005944	Rab22a	CTO:ANNOTATED:CDS	4	371	NM_024436	0	0.0512001293247	0	0.0384588263746862	0.018226776348359	0.294760002312228	0.351440669522591	0.197893169944816	0.755774164337523	0.344067720555652	0;3;0;2;1;9;12;6;19;12	0	0	3.3573209503444		
chr2	173695110	173695999	+	mmuCirc_005945	Rab22a	CTO:ANNOTATED:CDS	3	289	NM_024436	0.0359829012851383	0	0.0370238421510704	0	0.0364535526967181	0.131004445472102	0.0878601673806477	0.329821949908027	0.278443113176982	0.20070617032413	2;0;2;0;2;4;3;10;7;7	0	0	2.46919630753028		
chr2	174426489	174426946	+	mmuCirc_005946	Nelfcd	CTO:ANNOTATED:CDS	2	271	NM_020580	0.0179914506425692	0	0	0.0192294131873431	0	0.0655022227360508	0.0292867224602159	0.0989465849724082	0.159110350386847	0.0286723100463043	1;0;0;1;0;2;1;3;4;1	0	0	1.70353408308894	rnoCirc_008490	
chr2	174778588	174779751	+	mmuCirc_005947	Edn3	CTO:ANNOTATED:CDS	2	243	NM_007903	0	0	0	0	0	0	0	0	0.119332762790135	0.0286723100463043	0;0;0;0;0;0;0;0;3;1	0	0	2.04178193859134		
chr2	179921152	179921967	-	mmuCirc_005948	Taf4a	CTO:ANNOTATED:CDS	2	177	NM_001081092	0.0359829012851383	0.0512001293247	0.0740476843021408	0.0192294131873431	0.018226776348359	0.262008890944203	0.439300836903238	0.72560828979766	0.278443113176982	0.258050790416739	2;3;4;1;1;8;15;22;7;9	0	0	2.7598529996913		
chr2	179921152	179939954	-	mmuCirc_005949	Taf4a	CTO:ANNOTATED:CDS	13	1727	NM_001081092	0	0	0	0	0	0.0327511113680254	0	0	0.159110350386847	0.0286723100463043	0;0;0;0;0;1;0;0;4;1	0	0	1.94835984735689		
chr2	179923979	179926330	-	mmuCirc_005950	Taf4a	CTO:ANNOTATED:CDS	3	416	NM_001081092	0.0179914506425692	0	0	0.0192294131873431	0	0.0982533341040761	0.0292867224602159	0.0989465849724082	0.23866552558027	0.143361550231522	1;0;0;1;0;3;1;3;6;5	0	0	2.25253036631785		
chr2	179935029	179938530	-	mmuCirc_005951	Taf4a	CTO:ANNOTATED:CDS	3	363	NM_001081092	0	0	0	0	0	0.0327511113680254	0	0.0989465849724082	0	0.0286723100463043	0;0;0;0;0;1;0;3;0;1	0	0	1.75151489464531		