chr14	64851885	64887660	-	mmuCirc_003071	Hmbox1	CTO:ANNOTATED:CDS	3	351	NM_177338	0	0	0	0	0	0.0655022227360508	0.0878601673806477	0	0	0.0286723100463043	0;0;0;0;0;2;3;0;0;1	0	0	1.93671781535904	rnoCirc_004242	hsaCirc_014856
chr14	64887575	64897126	-	mmuCirc_003072	Hmbox1	CTO:ANNOTATED:CDS	2	563	NM_177338	0	0.0170667097749	0	0	0	0.0655022227360508	0	0.0659643899816055	0.159110350386847	0.0286723100463043	0;1;0;0;0;2;0;2;4;1	0	0	1.55109101549529	rnoCirc_004244	hsaCirc_014853
chr14	64896650	64897126	-	mmuCirc_003073	Hmbox1	CTO:ANNOTATED:CDS	1	477	NM_177338	0	0	0	0	0	0.131004445472102	0.0878601673806477	0.0659643899816055	0.119332762790135	0.114689240185217	0;0;0;0;0;4;3;2;3;4	0	0	2.60067477537131	rnoCirc_004246	hsaCirc_014852
chr14	65066683	65080475	-	mmuCirc_003074	Extl3	CTO:ANNOTATED:CDS:5UTR	3	2830	NM_018788	0	0.0170667097749	0.0370238421510704	0	0	0.131004445472102	0	0.329821949908027	0.0795551751934235	0.086016930138913	0;1;2;0;0;4;0;10;2;3	0	0	1.87301955972687		
chr14	65066683	65080805	-	mmuCirc_003075	Extl3	CTO:ALT_ACCEPTOR:CDS:5UTR	3	3160	NM_018788	0	0	0	0	0	0	0	0.0329821949908028	0	0.086016930138913	0;0;0;0;0;0;0;1;0;3	0	0	1.90586519009457		
chr14	65080380	65080805	-	mmuCirc_003076	Extl3	CTO:ALT_ACCEPTOR:5UTR	1	426	NM_018788	0	0	0	0	0	0	0.0292867224602159	0.131928779963211	0	0	0;0;0;0;0;0;1;4;0;0	0	0	2.11326116350514		
chr14	65547134	65549485	-	mmuCirc_003077	Elp3	CTO:ANNOTATED:CDS	3	376	NM_001253812:NM_028811:NR_045599	0	0	0	0	0	0.0982533341040761	0.0585734449204318	0.0659643899816055	0.198887937983559	0	0;0;0;0;0;3;2;2;5;0	0	0	2.52342761988368		
chr14	65547134	65565473	-	mmuCirc_003078	Elp3	CTO:ANNOTATED:CDS	7	950	NM_001253812:NM_028811:NR_045599	0	0	0	0	0	0.0327511113680254	0	0	0.278443113176982	0	0;0;0;0;0;1;0;0;7;0	0	0	2.64929277335934		hsaCirc_014843
chr14	65730521	65731195	+	mmuCirc_003079	Scara5	CTO:ANNOTATED:CDS	1	675	NM_001168318:NM_028903	0.0179914506425692	0	0	0	0.018226776348359	0.0327511113680254	0	0.131928779963211	0	0	1;0;0;0;1;1;0;4;0;0	0	0	0.821422142311309	rnoCirc_004252	
chr14	66187443	66190234	-	mmuCirc_003080	Ptk2b	CTO:ANNOTATED:CDS	3	347	NM_001162366:NM_001162365:NM_172498	0	0	0	0	0	0.0655022227360508	0	0	0.159110350386847	0.0573446200926087	0;0;0;0;0;2;0;0;4;2	0	0	2.40334655820234		
chr14	66303181	66304235	+	mmuCirc_003081	Trim35	CTO:ANNOTATED:CDS	2	327	NM_029979	0	0	0.0185119210755352	0	0	0.0327511113680254	0.0878601673806477	0.131928779963211	0.23866552558027	0.086016930138913	0;0;1;0;0;1;3;4;6;3	0	0	2.38190972018186		hsaCirc_014838
chr14	66813126	66834376	-	mmuCirc_003082	Dpysl2	CTO:ANNOTATED:CDS	8	968	NM_009955	0.0179914506425692	0	0	0.0192294131873431	0	0	0	0.131928779963211	0.119332762790135	0	1;0;0;1;0;0;0;4;3;0	0	0	1.27605845168136		
chr14	66824345	66829982	-	mmuCirc_003083	Dpysl2	CTO:ANNOTATED:CDS	4	333	NM_009955	0.0539743519277075	0	0	0.0192294131873431	0.0364535526967181	0.0655022227360508	0	0.230875364935619	0.23866552558027	0.143361550231522	3;0;0;1;2;2;0;7;6;5	0	0	2.02796199683489		
chr14	66824345	66834376	-	mmuCirc_003084	Dpysl2	CTO:ANNOTATED:CDS	5	498	NM_009955	0	0	0.0185119210755352	0	0.018226776348359	0.0655022227360508	0.0292867224602159	0.0329821949908028	0.0795551751934235	0.114689240185217	0;0;1;0;1;2;1;1;2;4	0	0	1.59796779279605	rnoCirc_004223	
chr14	67371693	67390566	+	mmuCirc_003085	Ebf2	CTO:ANNOTATED:CDS	4	458	NM_001276387:NM_010095	0.0179914506425692	0	0	0	0.018226776348359	0	0	0.0989465849724082	0.119332762790135	0	1;0;0;0;1;0;0;3;3;0	0	0	0.878111558040535		hsaCirc_014829
chr14	69740725	69747961	+	mmuCirc_003086		NTO	1	7237		0	0.0341334195498	0.0185119210755352	0	0	0	0.117146889840864	0	0.0397775875967117	0.0286723100463043	0;2;1;0;0;0;4;0;1;1	0	0	0.814632827617116		
chr14	70141611	70142531	-	mmuCirc_003087	Ccar2	CTO:ANNOTATED:CDS	3	637	NM_146055	0	0.0170667097749	0	0	0	0.131004445472102	0.0585734449204318	0.0989465849724082	0.318220700773694	0.114689240185217	0;1;0;0;0;4;2;3;8;4	0	0	2.68082691482945	rnoCirc_004256	
chr14	70191433	70191575	-	mmuCirc_003088	Sorbs3	CTO:ANNOTATED:CDS:5UTR	1	143	NM_001271409:NM_001271408:NM_001271407:NM_011366	0	0	0	0	0	0.131004445472102	0.0585734449204318	0	0.278443113176982	0.0573446200926087	0;0;0;0;0;4;2;0;7;2	0	0	2.68531148345024		
chr14	70224310	70267506	-	mmuCirc_003089	Ppp3cc	CTO:ANNOTATED:CDS	11	1269	NM_008915	0	0.0170667097749	0	0	0	0.0982533341040761	0.0292867224602159	0.0329821949908028	0.0795551751934235	0	0;1;0;0;0;3;1;1;2;0	0	0	1.67397196720134		
chr14	70235140	70240981	-	mmuCirc_003090	Ppp3cc	CTO:ANNOTATED:CDS	4	368	NM_008915	0	0	0	0.0192294131873431	0	0.131004445472102	0	0.0329821949908028	0	0.0573446200926087	0;0;0;1;0;4;0;1;0;2	0	0	1.32534798022037		
chr14	70235140	70247719	-	mmuCirc_003091	Ppp3cc	CTO:ANNOTATED:CDS	6	654	NM_008915	0	0	0.0185119210755352	0	0	0	0	0	0.119332762790135	0	0;0;1;0;0;0;0;0;3;0	0	0	0.927578769281409		
chr14	70235140	70256471	-	mmuCirc_003092	Ppp3cc	CTO:ANNOTATED:CDS	7	766	NM_008915	0.0179914506425692	0	0	0	0	0.163755556840127	0.0585734449204318	0	0.318220700773694	0.0286723100463043	1;0;0;0;0;5;2;0;8;1	0	0	2.4027693232769		
chr14	70235140	70267506	-	mmuCirc_003093	Ppp3cc	CTO:ANNOTATED:CDS	9	1089	NM_008915	0.0719658025702766	0.0170667097749	0.0555357632266056	0.0192294131873431	0.0729071053934362	0.42576444778433	0.117146889840864	0.857537069760872	0.91488451472437	0.286723100463044	4;1;3;1;4;13;4;26;23;10	0	0	2.8001445766385	rnoCirc_004260	
chr14	70236478	70267506	-	mmuCirc_003094	Ppp3cc	CTO:ANNOTATED:CDS	8	1020	NM_008915	0	0	0.0185119210755352	0	0	0.131004445472102	0.0878601673806477	0.131928779963211	0.318220700773694	0.20070617032413	0;0;1;0;0;4;3;4;8;7	0	0	2.97431513935489		
chr14	70240729	70240981	-	mmuCirc_003095	Ppp3cc	CTO:ANNOTATED:CDS	2	173	NM_008915	0.0179914506425692	0	0.0185119210755352	0	0	0.0982533341040761	0.234293779681727	0.329821949908027	0.357998288370406	0.0573446200926087	1;0;1;0;0;3;8;10;9;2	0	0	2.9362821967606	rnoCirc_004261	
chr14	70245853	70267506	-	mmuCirc_003096	Ppp3cc	CTO:ANNOTATED:CDS	5	721	NM_008915	0	0.0170667097749	0	0	0	0.0655022227360508	0	0.0989465849724082	0.119332762790135	0.086016930138913	0;1;0;0;0;2;0;3;3;3	0	0	1.79695304132634	rnoCirc_004263	hsaCirc_014811
chr14	70256360	70267506	-	mmuCirc_003097	Ppp3cc	CTO:ANNOTATED:CDS	3	435	NM_008915	0.0539743519277075	0.0512001293247	0.0370238421510704	0.0769176527493725	0.018226776348359	0.491266670520381	0.322153947062375	0.791572679779266	0.954662102321082	0.315395410509348	3;3;2;4;1;15;11;24;24;11	0	0	3.06960683421081		hsaCirc_014810
chr14	70266630	70267506	-	mmuCirc_003098	Ppp3cc	CTO:ANNOTATED:CDS	2	323	NM_008915	0	0	0	0	0	0.196506668208152	0.0292867224602159	0.0989465849724082	0.159110350386847	0	0;0;0;0;0;6;1;3;4;0	0	0	2.61813933783579	rnoCirc_004265	hsaCirc_014809
chr14	70591575	70594047	-	mmuCirc_003099	Fam160b2	CTO:ANNOTATED:CDS	2	252	NM_194345	0	0	0	0	0	0	0	0.0989465849724082	0	0.0286723100463043	0;0;0;0;0;0;0;3;0;1	0	0	1.92767159744432		
chr14	70678079	70682850	-	mmuCirc_003100	Xpo7	CTO:ALT_ACCEPTOR:CDS	4	363	NM_023045	0.0539743519277075	0.0341334195498	0.0185119210755352	0.115376479124059	0.0364535526967181	0.229257779576178	0.322153947062375	0.164910974954014	0.994439689917794	0.114689240185217	3;2;1;6;2;7;11;5;25;4	0	0	2.16723638230782	rnoCirc_004272	
chr14	70696551	70701785	-	mmuCirc_003101	Xpo7	CTO:ANNOTATED:CDS	3	337	NM_023045	0	0	0	0	0	0	0.0585734449204318	0	0.159110350386847	0.0573446200926087	0;0;0;0;0;0;2;0;4;2	0	0	2.36270652127021		
chr14	72563484	72584844	-	mmuCirc_003102	Fndc3a	CTO:ANNOTATED:CDS	11	1335	NM_207636	0	0	0.0185119210755352	0	0	0.0982533341040761	0.0585734449204318	0.164910974954014	0.119332762790135	0.172033860277826	0;0;1;0;0;3;2;5;3;6	0	0	2.57301121376199		
chr14	72589754	72599142	-	mmuCirc_003103	Fndc3a	CTO:ANNOTATED:CDS	2	315	NM_207636	0	0	0	0	0	0.0327511113680254	0.0292867224602159	0.0659643899816055	0.159110350386847	0.0286723100463043	0;0;0;0;0;1;1;2;4;1	0	0	1.85000354944827		
chr14	72599066	72683771	-	mmuCirc_003104	Fndc3a	CTO:ANNOTATED:CDS:5UTR	3	291	NM_207636	0	0	0	0	0.018226776348359	0.0982533341040761	0	0.0659643899816055	0.0397775875967117	0	0;0;0;0;1;3;0;2;1;0	0	0	1.32814231191168		
chr14	72652016	72683771	-	mmuCirc_003105	Fndc3a	CTO:ANNOTATED:CDS:5UTR	2	214	NM_207636	0.0179914506425692	0.0341334195498	0.0185119210755352	0.0576882395620293	0.0911338817417952	0.556768893256432	0.49787428182367	0.59367950983445	1.90932420464216	0.745480061203913	1;2;1;3;5;17;17;18;48;26	0	1	3.71893743961553		hsaCirc_004436
chr14	73211604	73216779	-	mmuCirc_003106	Rb1	CTO:ANNOTATED:CDS	3	408	NM_009029	0	0	0	0	0	0.131004445472102	0.0292867224602159	0	0.119332762790135	0.0286723100463043	0;0;0;0;0;4;1;0;3;1	0	0	2.07532051000513	rnoCirc_004284	
chr14	73262529	73265632	-	mmuCirc_003107	Rb1	CTO:ANNOTATED:CDS	5	480	NM_009029	0	0	0.0185119210755352	0.0384588263746862	0.018226776348359	0.0655022227360508	0.146433612301079	0.131928779963211	0.437553463563829	0.143361550231522	0;0;1;2;1;2;5;4;11;5	0	0	2.43934312099395	rnoCirc_004286	
chr14	73262529	73269198	-	mmuCirc_003108	Rb1	CTO:ANNOTATED:CDS	6	568	NM_009029	0	0	0.0185119210755352	0.0192294131873431	0	0	0.0292867224602159	0.197893169944816	0.119332762790135	0.0573446200926087	0;0;1;1;0;0;1;6;3;2	0	0	1.89531771088125	rnoCirc_004287	hsaCirc_004434
chr14	73262529	73273746	-	mmuCirc_003109	Rb1	CTO:ANNOTATED:CDS	8	756	NM_009029	0.0179914506425692	0	0	0.0192294131873431	0.018226776348359	0.0982533341040761	0	0.0329821949908028	0	0.086016930138913	1;0;0;1;1;3;0;1;0;3	0	0	0.885836309254652		
chr14	73264293	73265632	-	mmuCirc_003110	Rb1	CTO:ANNOTATED:CDS	4	283	NM_009029	0	0.0170667097749	0	0	0	0.0982533341040761	0	0.0989465849724082	0.0397775875967117	0.0573446200926087	0;1;0;0;0;3;0;3;1;2	0	0	1.555366492565		
chr14	73278414	73280264	-	mmuCirc_003111	Rb1	CTO:ANNOTATED:CDS	2	221	NM_009029	0	0	0.0185119210755352	0	0	0	0.0292867224602159	0.0329821949908028	0.23866552558027	0	0;0;1;0;0;0;1;1;6;0	0	0	1.81813915059978		
chr14	73362961	73368427	-	mmuCirc_003112	Itm2b	CTO:ALT_DONOR:CDS:3UTR	5	781	NM_008410	0	0.0170667097749	0	0	0.0364535526967181	0.196506668208152	0.205007057221511	0.230875364935619	0.397775875967117	0	0;1;0;0;2;6;7;7;10;0	0	0	2.51492113076421	rnoCirc_004290	hsaCirc_004431
chr14	73364574	73364684	+	mmuCirc_003113	Itm2b	AS:CTO	1	111	NM_008410	0.359829012851383	0.0682668390996	0.314702658284099	0.192294131873431	0.145814210786872	0.0655022227360508	0.0292867224602159	0.0659643899816055	0	0.0286723100463043	20;4;17;10;8;2;1;2;0;1	1	1	-2.02588896049778	rnoCirc_004291	
chr14	74775581	74786390	-	mmuCirc_003114	Lrch1	CTO:ANNOTATED:CDS	3	326	NM_001033439:NM_001252132	0.179914506425692	0.1024002586494	0.277678816133028	0.249982371435461	0.164040987135231	1.60480445703324	1.69862990269252	3.10032632913546	4.69375533641199	1.54830474250043	10;6;15;13;9;49;58;94;118;54	1	1	3.48826131187941		hsaCirc_004427
chr14	74775581	74796091	-	mmuCirc_003115	Lrch1	CTO:ANNOTATED:CDS	6	534	NM_001033439:NM_001252132	0	0	0.0185119210755352	0.0192294131873431	0	0.0655022227360508	0.0292867224602159	0.131928779963211	0.119332762790135	0.0573446200926087	0;0;1;1;0;2;1;4;3;2	0	0	1.83140139607921		hsaCirc_004425
chr14	74775581	74805552	-	mmuCirc_003116	Lrch1	CTO:ANNOTATED:CDS	9	745	NM_001033439:NM_001252132	0.0179914506425692	0	0	0.0192294131873431	0	0.196506668208152	0.146433612301079	0.230875364935619	0.0795551751934235	0.0573446200926087	1;0;0;1;0;6;5;7;2;2	0	0	2.50226001634357		
chr14	74775581	74807541	-	mmuCirc_003117	Lrch1	CTO:ANNOTATED:CDS	10	813	NM_001033439:NM_001252132	0.0179914506425692	0	0	0	0.018226776348359	0.0327511113680254	0.0292867224602159	0.230875364935619	0.23866552558027	0.20070617032413	1;0;0;0;1;1;1;7;6;7	0	0	2.32922240751426		
chr14	74795297	74807541	-	mmuCirc_003118	Lrch1	CTO:ANNOTATED:CDS	6	406	NM_001033439:NM_001252132	0	0.0170667097749	0	0	0	0.0655022227360508	0	0.131928779963211	0.198887937983559	0.0286723100463043	0;1;0;0;0;2;0;4;5;1	0	0	1.77327658903284		
chr14	74835649	74858121	-	mmuCirc_003119	Lrch1	CTO:ANNOTATED:CDS	2	272	NM_001033439:NM_001252132	0	0.0170667097749	0	0	0.0364535526967181	0.0655022227360508	0	0.0989465849724082	0	0.0573446200926087	0;1;0;0;2;2;0;3;0;2	0	0	1.05807909546031	rnoCirc_004294	
chr14	75291569	75294002	+	mmuCirc_003120	Zc3h13	CTO:ALT_ACCEPTOR:CDS:5UTR	3	348	NM_026083	0.0359829012851383	0	0	0	0.0364535526967181	0	0.0585734449204318	0	0.159110350386847	0	2;0;0;0;2;0;2;0;4;0	0	0	0.538691997183459	rnoCirc_004300	
chr14	75291572	75294002	+	mmuCirc_003121	Zc3h13	CTO:ANNOTATED:CDS:5UTR	3	345	NM_026083	0.0179914506425692	0	0	0	0	0.0982533341040761	0.0292867224602159	0.0659643899816055	0	0	1;0;0;0;0;3;1;2;0;0	0	0	1.68102412011319	rnoCirc_004301	hsaCirc_004422
chr14	75305789	75316078	+	mmuCirc_003122	Zc3h13	CTO:ANNOTATED:CDS	4	605	NM_026083	0	0	0	0	0	0	0	0.0659643899816055	0.0397775875967117	0.114689240185217	0;0;0;0;0;0;0;2;1;4	0	0	2.14496884485268		hsaCirc_004418
chr14	75770171	75771533	-	mmuCirc_003123	Slc25a30	CTO:ANNOTATED:CDS	2	181	NM_026232	0.0359829012851383	0	0.0555357632266056	0.0769176527493725	0.109360658090154	0.720524450096558	0.761454783965613	0.626661704825252	1.39221556588491	0.315395410509348	2;0;3;4;6;22;26;19;35;11	0	1	3.47017603651471	rnoCirc_004304	
chr14	76124486	76126331	+	mmuCirc_003124	Nufip1	CTO:ANNOTATED:CDS	2	287	NM_013745	0	0	0	0.0192294131873431	0	0	0.0878601673806477	0.0329821949908028	0.159110350386847	0	0;0;0;1;0;0;3;1;4;0	0	0	2.0091463121646		
chr14	77067860	77068949	+	mmuCirc_003125	Ccdc122	CTO:ANNOTATED:CDS:5UTR	2	207	NM_175369	0	0	0	0.0192294131873431	0.018226776348359	0.0982533341040761	0.146433612301079	0.164910974954014	0.159110350386847	0.0573446200926087	0;0;0;1;1;3;5;5;4;2	0	0	2.40740025505871		
chr14	77927170	77939935	+	mmuCirc_003126	Epsti1	CTO:ANNOTATED:CDS	5	375	NM_178825:NM_029495	0	0	0.0185119210755352	0.0576882395620293	0.018226776348359	0.0655022227360508	0.146433612301079	0.131928779963211	0.119332762790135	0.086016930138913	0;0;1;3;1;2;5;4;3;3	0	0	1.88945213331413		hsaCirc_004395
chr14	78498835	78502236	-	mmuCirc_003127	Akap11	CTO:ANNOTATED:CDS	2	208	NM_001164503	0.0539743519277075	0.0341334195498	0	0.0192294131873431	0	0.0327511113680254	0.0292867224602159	0.230875364935619	0.0397775875967117	0	3;2;0;1;0;1;1;7;1;0	0	0	0.90835592110708		
chr14	78498835	78503025	-	mmuCirc_003128	Akap11	CTO:ALT_ACCEPTOR:CDS	3	295	NM_001164503	0	0	0	0	0	0.0655022227360508	0	0.0659643899816055	0.159110350386847	0.0286723100463043	0;0;0;0;0;2;0;2;4;1	0	0	2.16139478438643	rnoCirc_004315	
chr14	78518173	78518896	-	mmuCirc_003129	Akap11	CTO:ANNOTATED:CDS	2	165	NM_001164503	0	0	0	0	0	0	0.0292867224602159	0	0	0.086016930138913	0;0;0;0;0;0;1;0;0;3	0	0	1.85371090592009		
chr14	78624377	78628165	-	mmuCirc_003130	Dgkh	CTO:ANNOTATED:CDS:5UTR	4	471	NM_001253766:NM_001281794:NR_104044:NM_001081336	0.0359829012851383	0	0	0.0576882395620293	0	0	0.0292867224602159	0.0989465849724082	0.119332762790135	0.0573446200926087	2;0;0;3;0;0;1;3;3;2	0	0	1.03650441802272	rnoCirc_004320	
chr14	78651681	78653796	-	mmuCirc_003131	Dgkh	CTO:ANNOTATED:CDS	2	192	NM_001081336	0	0	0.0740476843021408	0	0.0364535526967181	0.0982533341040761	0.0292867224602159	0.164910974954014	0.357998288370406	0.430084650694565	0;0;4;0;2;3;1;5;9;15	0	0	2.4151484823378	rnoCirc_004321	
chr14	78925262	78937209	+	mmuCirc_003132	Vwa8	CTO:ANNOTATED:CDS	5	597	NM_173758:NM_027906	0.0179914506425692	0	0	0.0192294131873431	0.0546803290450771	0.0327511113680254	0.0585734449204318	0.0659643899816055	0.357998288370406	0.114689240185217	1;0;0;1;3;1;2;2;9;4	0	0	1.73410282379496		
chr14	78925262	78949577	+	mmuCirc_003133	Vwa8	CTO:ANNOTATED:CDS	8	942	NM_173758:NM_027906	0	0	0	0	0.018226776348359	0.0327511113680254	0.205007057221511	0.0659643899816055	0.159110350386847	0.0286723100463043	0;0;0;0;1;1;7;2;4;1	0	0	2.10122670090718		hsaCirc_004381
chr14	78933666	78949577	+	mmuCirc_003134	Vwa8	CTO:ANNOTATED:CDS	7	774	NM_173758:NM_027906	0	0	0.0185119210755352	0	0	0.0327511113680254	0.0292867224602159	0.0329821949908028	0.0397775875967117	0.086016930138913	0;0;1;0;0;1;1;1;1;3	0	0	1.42928610020127		hsaCirc_004380
chr14	78933666	78984302	+	mmuCirc_003135	Vwa8	CTO:ANNOTATED:CDS	9	1049	NM_173758:NM_027906	0	0	0	0	0	0.0327511113680254	0	0	0.119332762790135	0.0286723100463043	0;0;0;0;0;1;0;0;3;1	0	0	1.82758845540999		hsaCirc_004376
chr14	78933666	78995163	+	mmuCirc_003136	Vwa8	CTO:ANNOTATED:CDS	11	1296	NM_173758:NM_027906	0.0179914506425692	0.0170667097749	0.0185119210755352	0.0384588263746862	0	0.0982533341040761	0.0585734449204318	0.230875364935619	0.318220700773694	0	1;1;1;2;0;3;2;7;8;0	0	0	1.98952947895634		
chr14	78933666	79026077	+	mmuCirc_003137	Vwa8	CTO:ANNOTATED:CDS	15	1698	NM_173758:NM_027906	0	0	0	0	0	0.0327511113680254	0.0585734449204318	0.131928779963211	0.198887937983559	0.0573446200926087	0;0;0;0;0;1;2;4;5;2	0	0	2.34039761598795		