chr16	91664198	91664822	+	mmuCirc_003875	Son	CTO:ANNOTATED:CDS	2	336	NM_178880	0	0	0	0	0	0	0.0585734449204318	0.0329821949908028	0.159110350386847	0.0286723100463043	0;0;0;0;0;0;2;1;4;1	0	0	1.95635687037022		
chr16	91664198	91665113	+	mmuCirc_003876	Son	CTO:ALT_DONOR:CDS	2	627	NM_178880	0	0	0	0	0	0.0982533341040761	0	0.0329821949908028	0.0795551751934235	0.143361550231522	0;0;0;0;0;3;0;1;2;5	0	0	2.32870235998502		
chr16	91664634	91664822	+	mmuCirc_003877	Son	CTO:ANNOTATED:CDS	1	189	NM_178880	0	0	0	0.0384588263746862	0	0.0327511113680254	0.0292867224602159	0.131928779963211	0.0397775875967117	0.086016930138913	0;0;0;2;0;1;1;4;1;3	0	0	1.61282607854202		
chr16	91782161	91785351	+	mmuCirc_003878	Itsn1	CTO:ANNOTATED:CDS:5UTR	3	217	NM_001110276:NM_001110275:NM_010587	0	0	0.0185119210755352	0	0.018226776348359	0.131004445472102	0.0878601673806477	0.131928779963211	0.0795551751934235	0.172033860277826	0;0;1;0;1;4;3;4;2;6	0	0	2.39436583237024	rnoCirc_002288	hsaCirc_009650
chr16	91782161	91793767	+	mmuCirc_003879	Itsn1	CTO:ANNOTATED:CDS:5UTR	4	378	NM_001110276:NM_001110275:NM_010587	0.0179914506425692	0.0170667097749	0.0185119210755352	0.0384588263746862	0.0364535526967181	0.262008890944203	0.117146889840864	0.428768534880436	1.07399486511122	0.372740030601957	1;1;1;2;2;8;4;13;27;13	0	0	3.06931881568942	rnoCirc_002289	
chr16	91815402	91820819	+	mmuCirc_003880	Itsn1	CTO:ANNOTATED:CDS	5	805	NM_001110276:NM_001110275:NM_010587	0	0	0	0	0	0.0655022227360508	0	0.131928779963211	0.0795551751934235	0.086016930138913	0;0;0;0;0;2;0;4;2;3	0	0	2.43575107154492	rnoCirc_002292	
chr16	91837061	91841610	+	mmuCirc_003881	Itsn1	CTO:ANNOTATED:CDS	3	477	NM_001110275:NM_010587	0	0	0	0	0	0.0327511113680254	0.0292867224602159	0.0659643899816055	0.0397775875967117	0.086016930138913	0;0;0;0;0;1;1;2;1;3	0	0	1.75799342732271		
chr16	91926459	91926982	-	mmuCirc_003882	Atp5o	CTO:ANNOTATED:CDS	2	243	NM_138597	0	0.0341334195498	0.0555357632266056	0.0192294131873431	0	0.262008890944203	0.175720334761295	0.527715119852844	0.318220700773694	0.0573446200926087	0;2;3;1;0;8;6;16;8;2	0	0	2.71786463028221		hsaCirc_009653
chr16	93609795	93629007	+	mmuCirc_003883	Cbr1	ITO:ALT_DONOR:CDS:3UTR	1	19213	NM_007620	0.305854660923676	0.1536003879741	0.185119210755352	0.30767061099749	0.200494539831949	0	0.175720334761295	0.0659643899816055	0.119332762790135	0.20070617032413	17;9;10;16;11;0;6;2;3;7	1	1	-1.26802250173915		
chr16	93801561	93806471	+	mmuCirc_003884	Dopey2	CTO:ANNOTATED:CDS	3	328	NM_027293	0	0	0	0.0192294131873431	0.018226776348359	0.0327511113680254	0	0.131928779963211	0.0795551751934235	0	0;0;0;1;1;1;0;4;2;0	0	0	1.18337544642392		
chr16	93803462	93809421	+	mmuCirc_003885	Dopey2	CTO:ANNOTATED:CDS	5	611	NM_027293	0	0	0	0	0	0	0	0.0329821949908028	0.119332762790135	0.0573446200926087	0;0;0;0;0;0;0;1;3;2	0	0	2.05242372925454		
chr16	93847276	93853217	+	mmuCirc_003886	Morc3	CTO:ALT_ACCEPTOR:CDS	3	432	NM_001045529	0.0179914506425692	0	0.0185119210755352	0.0192294131873431	0.018226776348359	0.0982533341040761	0.0292867224602159	0.0989465849724082	0.0795551751934235	0.0286723100463043	1;0;1;1;1;3;1;3;2;1	0	0	1.25166966418203		
chr16	93847288	93853217	+	mmuCirc_003887	Morc3	CTO:ALT_ACCEPTOR:CDS	3	420	NM_001045529	0.233888858353399	0.0682668390996	0.0370238421510704	0.230752958248117	0.0911338817417952	0.360262225048279	0.263580502141943	0.758590484788463	0.795551751934235	0.516101580833478	13;4;2;12;5;11;9;23;20;18	0	1	2.00191147605447	rnoCirc_002303	hsaCirc_009661
chr16	93847360	93849277	+	mmuCirc_003888	Morc3	CTO:ALT_ACCEPTOR:CDS	2	219	NM_001045529	0	0	0	0	0	0	0	0	0.119332762790135	0	0;0;0;0;0;0;0;0;3;0	0	0	2.80046262890159		
chr16	93849130	93853898	+	mmuCirc_003889	Morc3	CTO:ANNOTATED:CDS	3	397	NM_001045529	0.179914506425692	0.0853335488745	0.111071526453211	0.115376479124059	0.218721316180309	2.3253289071298	0.937175118726908	2.70453998924583	2.66509836897969	1.978389393195	10;5;6;6;12;71;32;82;67;69	1	1	3.69782077725745		
chr16	93853089	93853898	+	mmuCirc_003890	Morc3	CTO:ANNOTATED:CDS	2	249	NM_001045529	0	0	0	0	0	0.0982533341040761	0	0	0.0397775875967117	0.0286723100463043	0;0;0;0;0;3;0;0;1;1	0	0	1.80883829327713		
chr16	93864960	93866538	+	mmuCirc_003891	Morc3	CTO:ANNOTATED:CDS	2	222	NM_001045529	0.0179914506425692	0	0.0185119210755352	0	0	0.163755556840127	0.146433612301079	0.296839754917225	0.119332762790135	0.0573446200926087	1;0;1;0;0;5;5;9;3;2	0	0	2.6246112073467		hsaCirc_009663
chr16	94262592	94268698	-	mmuCirc_003892	Hlcs	CTO:ANNOTATED:CDS:5UTR	3	1278	NM_139145	0	0	0	0	0	0.0327511113680254	0	0.0659643899816055	0.397775875967117	0.114689240185217	0;0;0;0;0;1;0;2;10;4	0	0	2.65979015751203	rnoCirc_002309	
chr16	94383912	94385423	+	mmuCirc_003893	Ttc3	CTO:ANNOTATED:CDS:5UTR	4	437	NM_009441	0.0179914506425692	0.0170667097749	0.0370238421510704	0.0384588263746862	0.018226776348359	0.196506668208152	0.146433612301079	0.36280414489883	0.556886226353964	0.258050790416739	1;1;2;2;1;6;5;11;14;9	0	0	2.71797438957547	rnoCirc_002317	
chr16	94383912	94393174	+	mmuCirc_003894	Ttc3	CTO:ANNOTATED:CDS:5UTR	9	856	NM_009441	0.125940154497984	0.0682668390996	0.111071526453211	0.403817676934205	0.328081974270463	0.949782229672736	0.673594616584965	1.08841243469649	2.86398630696325	1.40494319226891	7;4;6;21;18;29;23;33;72;49	1	1	2.71729116362225	rnoCirc_002319	
chr16	94383912	94403368	+	mmuCirc_003895	Ttc3	CTO:ANNOTATED:CDS:5UTR	10	911	NM_009441	0.341837562208814	0.2560006466235	0.370238421510704	0.673029461557009	0.473896185057335	4.45415114605145	2.22579090697641	6.0027594883261	7.63729681856866	3.52669413569543	19;15;20;35;26;136;76;182;192;123	1	1	3.38214373277149	rnoCirc_002321	
chr16	94383912	94412123	+	mmuCirc_003896	Ttc3	CTO:ANNOTATED:CDS:5UTR	14	1308	NM_009441	0	0.0170667097749	0.0370238421510704	0.0192294131873431	0.0364535526967181	0.163755556840127	0.0292867224602159	0.164910974954014	0.0795551751934235	0.143361550231522	0;1;2;1;2;5;1;5;2;5	0	0	1.63689548027269		
chr16	94384784	94384934	+	mmuCirc_003897	Ttc3	CTO:ANNOTATED:CDS	1	151	NM_009441	0	0	0	0	0	0.131004445472102	0	0.0659643899816055	0	0	0;0;0;0;0;4;0;2;0;0	0	0	2.51012913822764	rnoCirc_002323	
chr16	94387337	94403368	+	mmuCirc_003898	Ttc3	CTO:ANNOTATED:CDS	6	474	NM_009441	0	0	0	0	0	0.0982533341040761	0.0585734449204318	0.164910974954014	0.0795551751934235	0.114689240185217	0;0;0;0;0;3;2;5;2;4	0	0	2.56273374641247		
chr16	94388265	94403368	+	mmuCirc_003899	Ttc3	CTO:ANNOTATED:CDS	5	420	NM_009441	0	0	0	0	0	0.0655022227360508	0.175720334761295	0.0989465849724082	0	0.143361550231522	0;0;0;0;0;2;6;3;0;5	0	0	2.74723054473642		
chr16	94392015	94403368	+	mmuCirc_003900	Ttc3	CTO:ANNOTATED:CDS	3	213	NM_009441	0	0	0	0.0576882395620293	0	0	0	0.0329821949908028	0.119332762790135	0	0;0;0;3;0;0;0;1;3;0	0	0	1.12413701144861		
chr16	94403314	94412123	+	mmuCirc_003901	Ttc3	CTO:ANNOTATED:CDS	5	452	NM_009441	0.0179914506425692	0	0	0	0	0.360262225048279	0.146433612301079	0.329821949908027	0.755774164337523	0.143361550231522	1;0;0;0;0;11;5;10;19;5	0	0	3.76324662724172	rnoCirc_002324	
chr16	94403314	94420360	+	mmuCirc_003902	Ttc3	CTO:ANNOTATED:CDS	10	927	NM_009441	0	0	0	0	0	0	0	0.164910974954014	0.159110350386847	0.0286723100463043	0;0;0;0;0;0;0;5;4;1	0	0	2.55154566764981		
chr16	94419398	94424187	+	mmuCirc_003903	Ttc3	CTO:ANNOTATED:CDS	4	438	NM_009441	0	0	0	0	0	0	0.0292867224602159	0.0659643899816055	0.159110350386847	0.114689240185217	0;0;0;0;0;0;1;2;4;4	0	0	2.32981942718623		
chr16	94442471	94451159	+	mmuCirc_003904	Ttc3	CTO:ANNOTATED:CDS	4	1377	NM_009441	0.0179914506425692	0	0.0370238421510704	0	0	0.0982533341040761	0	0.0659643899816055	0	0	1;0;2;0;0;3;0;2;0;0	0	0	1.11515403307013		
chr16	94452964	94454523	+	mmuCirc_003905	Ttc3	CTO:ANNOTATED:CDS	2	166	NM_009441	0	0.0170667097749	0	0.0192294131873431	0	0.0327511113680254	0.0292867224602159	0.131928779963211	0.0795551751934235	0.0573446200926087	0;1;0;1;0;1;1;4;2;2	0	0	1.60609225188742		
chr16	94456711	94462630	+	mmuCirc_003906	Ttc3	CTO:ANNOTATED:CDS	6	897	NM_009441	0	0	0	0	0	0	0	0	0.159110350386847	0	0;0;0;0;0;0;0;0;4;0	0	0	3.16277680474228		
chr16	94611419	94659693	+	mmuCirc_003907	Dyrk1a	CTO:ANNOTATED:CDS:5UTR	2	283	NM_007890:NM_001113389	0.0179914506425692	0.0512001293247	0	0	0.0364535526967181	0.229257779576178	0.117146889840864	0.164910974954014	0.397775875967117	0.258050790416739	1;3;0;0;2;7;4;5;10;9	0	0	2.71065807167609	rnoCirc_002335	hsaCirc_009672
chr16	94611419	94677592	+	mmuCirc_003908	Dyrk1a	CTO:ANNOTATED:CDS:5UTR	8	1315	NM_007890:NM_001113389	0.0359829012851383	0.0170667097749	0.0185119210755352	0	0	0.0655022227360508	0	0.131928779963211	0.0795551751934235	0	2;1;1;0;0;2;0;4;2;0	0	0	1.00409152848236	rnoCirc_002338	hsaCirc_009674
chr16	94659497	94677592	+	mmuCirc_003909	Dyrk1a	CTO:ANNOTATED:CDS	7	1229	NM_007890:NM_001113389	0.0359829012851383	0.0341334195498	0	0.0192294131873431	0	0.0327511113680254	0	0.131928779963211	0.0795551751934235	0.0286723100463043	2;2;0;1;0;1;0;4;2;1	0	0	0.805936159414612	rnoCirc_002342	hsaCirc_009676
chr16	94677452	94686603	+	mmuCirc_003910	Dyrk1a	CTO:ANNOTATED:CDS	3	573	NM_007890:NM_001113389	0.0179914506425692	0	0	0.0384588263746862	0	0.0655022227360508	0.0585734449204318	0.0659643899816055	0.119332762790135	0	1;0;0;2;0;2;2;2;3;0	0	0	1.62527746549086		
chr16	96052525	96061099	-	mmuCirc_003911	Brwd1	CTO:ANNOTATED:CDS	7	699	NM_145125:NM_001103179	0	0	0	0	0	0	0	0.0989465849724082	0	0	0;0;0;0;0;0;0;3;0;0	0	0	2.57224194660756		
chr16	96052525	96068627	-	mmuCirc_003912	Brwd1	CTO:ANNOTATED:CDS:3UTR	11	1332	NM_145125:NM_001103179	0	0	0	0	0.018226776348359	0.0655022227360508	0.0292867224602159	0.0329821949908028	0.0397775875967117	0.086016930138913	0;0;0;0;1;2;1;1;1;3	0	0	1.5707824968257	rnoCirc_002354	
chr16	96064750	96068627	-	mmuCirc_003913	Brwd1	CTO:ANNOTATED:CDS:3UTR	4	633	NM_145125:NM_001103179	0	0	0.0185119210755352	0	0.0364535526967181	0.131004445472102	0.0585734449204318	0.164910974954014	0.278443113176982	0.143361550231522	0;0;1;0;2;4;2;5;7;5	0	0	2.51726620618643		hsaCirc_009701
chr16	97890014	97912704	-	mmuCirc_003914	C2cd2	CTO:ANNOTATED:CDS	3	324	NM_174847	0	0	0	0	0	0	0	0.0989465849724082	0.0397775875967117	0.0286723100463043	0;0;0;0;0;0;0;3;1;1	0	0	1.8116492904069	rnoCirc_002363	
chr17	3448378	3454351	+	mmuCirc_003915	Tiam2	CTO:ANNOTATED:CDS	5	700	NM_001122998:NM_011878	0	0	0	0	0	0	0	0.0659643899816055	0.119332762790135	0.0573446200926087	0;0;0;0;0;0;0;2;3;2	0	0	2.28516757767736	rnoCirc_000192	hsaCirc_013829
chr17	3543097	3555083	-	mmuCirc_003916	Tfb1m	CTO:ANNOTATED:CDS	3	413	NM_146074	0	0	0	0	0	0.0982533341040761	0	0	0	0.0573446200926087	0;0;0;0;0;3;0;0;0;2	0	0	2.25755494997734		hsaCirc_013831
chr17	5040580	5097732	+	mmuCirc_003917	Arid1b	CTO:ANNOTATED:CDS	2	354	NM_001085355	0	0	0	0.0576882395620293	0	0.0327511113680254	0	0	0	0	0;0;0;3;0;1;0;0;0;0	0	0	-0.279247365541338	rnoCirc_000194	hsaCirc_013833
chr17	5040580	5127024	+	mmuCirc_003918	Arid1b	CTO:ANNOTATED:CDS	3	465	NM_001085355	0	0.0170667097749	0	0	0	0.131004445472102	0.0878601673806477	0.197893169944816	0.437553463563829	0.143361550231522	0;1;0;0;0;4;3;6;11;5	0	0	3.08977987562557	rnoCirc_000195	
chr17	5097574	5127024	+	mmuCirc_003919	Arid1b	CTO:ANNOTATED:CDS	2	270	NM_001085355	0	0	0.0370238421510704	0.0192294131873431	0	0.0327511113680254	0	0	0.0795551751934235	0.114689240185217	0;0;2;1;0;1;0;0;2;4	0	0	0.995689874542235	rnoCirc_000196	
chr17	5242828	5264121	+	mmuCirc_003920	Arid1b	CTO:ANNOTATED:CDS	2	334	NM_001085355	0.0179914506425692	0	0.0185119210755352	0	0	0.0655022227360508	0.0292867224602159	0.0989465849724082	0	0.0286723100463043	1;0;1;0;0;2;1;3;0;1	0	0	1.34538106885136	rnoCirc_000198	hsaCirc_013837
chr17	5264032	5279382	+	mmuCirc_003921	Arid1b	CTO:ANNOTATED:CDS	2	270	NM_001085355	0	0	0	0	0	0.0327511113680254	0.0292867224602159	0.0989465849724082	0.23866552558027	0	0;0;0;0;0;1;1;3;6;0	0	0	2.24141459091684		hsaCirc_013840
chr17	5264032	5291283	+	mmuCirc_003922	Arid1b	CTO:ANNOTATED:CDS	3	598	NM_001085355	0	0	0	0	0	0.0655022227360508	0	0.0329821949908028	0.119332762790135	0	0;0;0;0;0;2;0;1;3;0	0	0	2.10064405605183		
chr17	5279203	5291283	+	mmuCirc_003923	Arid1b	CTO:ANNOTATED:CDS	2	508	NM_001085355	0	0	0	0	0	0.0327511113680254	0.0292867224602159	0.0989465849724082	0	0.0286723100463043	0;0;0;0;0;1;1;3;0;1	0	0	1.63893593242814		
chr17	5886997	5891899	+	mmuCirc_003924	Snx9	CTO:ANNOTATED:CDS	3	288	NM_025664	0	0	0	0.0192294131873431	0.0364535526967181	0.0655022227360508	0.0585734449204318	0.230875364935619	0.23866552558027	0.086016930138913	0;0;0;1;2;2;2;7;6;3	0	0	2.26982823264959	rnoCirc_000200	hsaCirc_013841
chr17	5886997	5899495	+	mmuCirc_003925	Snx9	CTO:ANNOTATED:CDS	4	457	NM_025664	0	0.0170667097749	0	0	0	0.0982533341040761	0	0.131928779963211	0.159110350386847	0.0286723100463043	0;1;0;0;0;3;0;4;4;1	0	0	1.8089772458812		
chr17	5899327	5904973	+	mmuCirc_003926	Snx9	CTO:ANNOTATED:CDS	3	405	NM_025664	0	0	0	0	0	0.0655022227360508	0	0	0.119332762790135	0	0;0;0;0;0;2;0;0;3;0	0	0	2.44821227701495		
chr17	6016266	6019478	+	mmuCirc_003927	Synj2	CTO:ANNOTATED:CDS	3	416	NM_001113352:NM_001113353:NM_001113351:NM_011523:NM_001290698	0.0359829012851383	0	0.0185119210755352	0	0.018226776348359	0.360262225048279	0.146433612301079	0.230875364935619	0.556886226353964	0.229378480370435	2;0;1;0;1;11;5;7;14;8	0	0	3.21606032869415		
chr17	6137211	6139156	+	mmuCirc_003928	Tulp4	INTRONIC	1	1946	NM_001103181	1.15145284112443	1.1434695549183	1.25881063313639	1.05761772530387	1.2029672389917	5.69869337803642	2.9579589684818	9.20203240243397	8.19418304492262	7.31143906180761	64;67;68;55;66;174;101;279;206;255	1	1	2.40150828870952	rnoCirc_000204	hsaCirc_013845
chr17	6137211	6176957	+	mmuCirc_003929	Tulp4	CTO:ALT_ACCEPTOR:CDS:5UTR	1	39747	NM_001103181	0	0.0512001293247	0	0	0.0364535526967181	0.0982533341040761	0.0878601673806477	0	0.0397775875967117	0.0573446200926087	0;3;0;0;2;3;3;0;1;2	0	0	1.29921515318813		
chr17	6137211	6185298	+	mmuCirc_003930	Tulp4	CTO:ALT_ACCEPTOR:CDS:5UTR	3	2237	NM_001103181:NM_054040	0	0.0682668390996	0.0555357632266056	0.0192294131873431	0.0546803290450771	0.0655022227360508	0.146433612301079	0.296839754917225	0.198887937983559	0.114689240185217	0;4;3;1;3;2;5;9;5;4	0	0	1.68210122303676		
chr17	6176829	6207057	+	mmuCirc_003931	Tulp4	CTO:ANNOTATED:CDS:5UTR	5	774	NM_001103181:NM_054040	0	0	0	0.0192294131873431	0.018226776348359	0	0.0585734449204318	0.0989465849724082	0.198887937983559	0	0;0;0;1;1;0;2;3;5;0	0	0	1.52297125329764		
chr17	6198672	6207057	+	mmuCirc_003932	Tulp4	CTO:ANNOTATED:CDS:5UTR	3	483	NM_001103181:NM_054040	0	0	0.0185119210755352	0.0384588263746862	0	0.0982533341040761	0.0878601673806477	0.131928779963211	0.0795551751934235	0	0;0;1;2;0;3;3;4;2;0	0	0	1.93574821669799		
chr17	6201700	6207057	+	mmuCirc_003933	Tulp4	CTO:ANNOTATED:CDS	2	302	NM_001103181:NM_054040	0.0179914506425692	0.0170667097749	0	0.0769176527493725	0.0729071053934362	0.491266670520381	0.263580502141943	0.494732924862041	0.994439689917794	0.774152371250217	1;1;0;4;4;15;9;15;25;27	0	1	3.57099572677043		
chr17	7227913	7236127	+	mmuCirc_003934	Rps6ka2	CTO:ANNOTATED:CDS	2	199	NM_011299	0	0	0.0185119210755352	0.0192294131873431	0	0	0.117146889840864	0.0329821949908028	0.119332762790135	0.0573446200926087	0;0;1;1;0;0;4;1;3;2	0	0	1.75442008574997		
chr17	8182228	8186581	+	mmuCirc_003935	Fgfr1op	CTO:ANNOTATED:CDS	3	409	NM_001197046:NM_201230	0	0	0	0.0384588263746862	0	0.0327511113680254	0	0.164910974954014	0.119332762790135	0.0286723100463043	0;0;0;2;0;1;0;5;3;1	0	0	1.78602586260324		hsaCirc_013885
chr17	10213359	10217803	-	mmuCirc_003936	Qk	CTO:ANNOTATED:CDS:3UTR	3	2504	NM_001159517:NM_001159516:NM_021881	0	0.0512001293247	0	0	0	0.196506668208152	0.292867224602159	0.395786339889633	0.357998288370406	0.20070617032413	0;3;0;0;0;6;10;12;9;7	0	0	3.53081432625585		
chr17	10213359	10239036	-	mmuCirc_003937	Qk	CTO:ANNOTATED:CDS:3UTR	4	2648	NM_001159517:NM_001159516:NM_021881	0	0	0	0	0	0.131004445472102	0.0292867224602159	0.0659643899816055	0.159110350386847	0.0573446200926087	0;0;0;0;0;4;1;2;4;2	0	0	2.28710701434213		
chr17	10238893	10239036	-	mmuCirc_003938	Qk	CTO:ANNOTATED:CDS	1	144	NM_001159517:NM_001159516:NM_021881	0.0359829012851383	0.0170667097749	0.0555357632266056	0.0192294131873431	0.0364535526967181	0.360262225048279	0.117146889840864	0.263857559926422	0.318220700773694	0.143361550231522	2;1;3;1;2;11;4;8;8;5	0	0	2.240457457681		
chr17	10238893	10274063	-	mmuCirc_003939	Qk	CTO:ANNOTATED:CDS	2	261	NM_001159517:NM_001159516:NM_021881	0.0539743519277075	0.0341334195498	0.0555357632266056	0.0769176527493725	0.0911338817417952	0.360262225048279	0.146433612301079	0.461750729871238	0.755774164337523	0.172033860277826	3;2;3;4;5;11;5;14;19;6	0	1	2.08903508044523		hsaCirc_013873
chr17	10238893	10282981	-	mmuCirc_003940	Qk	CTO:ANNOTATED:CDS	3	404	NM_001159517:NM_001159516:NM_021881	0.539743519277075	0.1877338075239	0.444286105812845	1.26914127036465	0.984245922811388	2.81659557765018	2.81152535618073	4.7824182736664	14.3199315348162	5.47641121884413	30;11;24;66;54;86;96;145;360;191	1	1	3.0817404841312		hsaCirc_013871
chr17	10238893	10284044	-	mmuCirc_003941	Qk	CTO:ALT_ACCEPTOR:CDS	3	1467	NM_001159517:NM_001159516:NM_021881	0	0.0170667097749	0	0.0192294131873431	0.0364535526967181	0.229257779576178	0.0585734449204318	0.0329821949908028	0.357998288370406	0.20070617032413	0;1;0;1;2;7;2;1;9;7	0	0	2.27287094445862		