chr3	68616440	68621066	+	mmuCirc_006086	Gm21949:Schip1	CTO:ANNOTATED:CDS	4	534	NM_001113419:NM_001113420:NM_001113421:NM_001282045:NM_001282044:NM_013928	0	0.0341334195498	0	0.0961470659367156	0.0729071053934362	0.131004445472102	0.205007057221511	0.329821949908027	0.397775875967117	0.143361550231522	0;2;0;5;4;4;7;10;10;5	0	1	2.35228618965097	rnoCirc_006691	
chr3	68694161	68695580	+	mmuCirc_006087	Il12a	CTO:ANNOTATED:CDS	4	342	NM_001159424:NM_008351	0	0	0	0	0	0	0	0	0	0.086016930138913	0;0;0;0;0;0;0;0;0;3	0	0	2.40622276606355		
chr3	68695437	68695580	+	mmuCirc_006088	Il12a	CTO:ANNOTATED:CDS	1	144	NM_001159424:NM_008351	0	0	0	0	0	0	0	0.0329821949908028	0.159110350386847	0	0;0;0;0;0;0;0;1;4;0	0	0	2.28414220943394		
chr3	68950354	68967956	-	mmuCirc_006089	Ift80	CTO:ANNOTATED:CDS	4	518	NM_026641	0	0	0	0	0	0	0.0878601673806477	0	0.0397775875967117	0.0286723100463043	0;0;0;0;0;0;3;0;1;1	0	0	1.76459873242695		
chr3	69016093	69019325	+	mmuCirc_006090	Smc4	CTO:ANNOTATED:CDS	4	585	NM_133786	0	0.0341334195498	0	0	0	0	0.0585734449204318	0.131928779963211	0.0397775875967117	0	0;2;0;0;0;0;2;4;1;0	0	0	1.6808167491583		
chr3	69074074	69102248	-	mmuCirc_006091	Kpna4	CTO:ALT_DONOR:CDS:3UTR	16	1512	NM_008467	0	0.0170667097749	0	0	0	0.163755556840127	0	0	0	0	0;1;0;0;0;5;0;0;0;0	0	0	1.15479595654537		
chr3	69092810	69102248	-	mmuCirc_006092	Kpna4	CTO:ANNOTATED:CDS	7	487	NM_008467	0	0	0	0.0769176527493725	0	0.196506668208152	0.0292867224602159	0.0659643899816055	0.0397775875967117	0.0573446200926087	0;0;0;4;0;6;1;2;1;2	0	0	1.61908478318087		
chr3	69724257	69731655	+	mmuCirc_006093	Nmd3	CTO:ANNOTATED:CDS	5	533	NM_133787	0	0	0	0	0.018226776348359	0.0655022227360508	0.0585734449204318	0.0659643899816055	0.159110350386847	0	0;0;0;0;1;2;2;2;4;0	0	0	1.68038723205979	rnoCirc_006685	hsaCirc_010904
chr3	69726361	69731655	+	mmuCirc_006094	Nmd3	CTO:ANNOTATED:CDS	4	398	NM_133787	0	0.0170667097749	0	0	0	0	0.0585734449204318	0.0659643899816055	0.159110350386847	0.20070617032413	0;1;0;0;0;0;2;2;4;7	0	0	2.45362219429142		
chr3	69730405	69731655	+	mmuCirc_006095	Nmd3	CTO:ANNOTATED:CDS	2	220	NM_133787	0.0359829012851383	0.0512001293247	0	0.115376479124059	0	0.163755556840127	0.205007057221511	0.428768534880436	0.795551751934235	0.344067720555652	2;3;0;6;0;5;7;13;20;12	0	0	2.92791641545486		
chr3	79098220	79112302	-	mmuCirc_006096	Rapgef2	CTO:ANNOTATED:CDS	4	606	NM_001099624	0	0	0	0	0	0	0	0.0989465849724082	0	0	0;0;0;0;0;0;0;3;0;0	0	0	2.57224194660756		hsaCirc_011985
chr3	79103963	79112302	-	mmuCirc_006097	Rapgef2	CTO:ANNOTATED:CDS	2	310	NM_001099624	0	0.0341334195498	0	0.0384588263746862	0.0546803290450771	0.196506668208152	0.234293779681727	0.395786339889633	0.556886226353964	0.143361550231522	0;2;0;2;3;6;8;12;14;5	0	0	2.89561541465164	rnoCirc_006698	hsaCirc_011984
chr3	79172908	79175049	-	mmuCirc_006098		NTO	1	2142		0	0	0	0	0.018226776348359	0.0982533341040761	0.0878601673806477	0.0659643899816055	0.278443113176982	0.0573446200926087	0;0;0;0;1;3;3;2;7;2	0	0	2.40294796927804	rnoCirc_006699	hsaCirc_011981
chr3	79195935	79215027	-	mmuCirc_006099	4921511C10Rik	AS:ITO:ncRNA	1	19093	NR_045502	0	0	0	0.0384588263746862	0	0.0655022227360508	0.0292867224602159	0.131928779963211	0.0795551751934235	0.0286723100463043	0;0;0;2;0;2;1;4;2;1	0	0	1.67473218968616	rnoCirc_006702	hsaCirc_011979
chr3	79210691	79249914	-	mmuCirc_006100	4921511C10Rik	AS:ITO:ncRNA	1	39224	NR_045502	0	0	0	0	0	0	0.0585734449204318	0.0989465849724082	0.0397775875967117	0	0;0;0;0;0;0;2;3;1;0	0	0	2.04196281242384		
chr3	79479487	79481879	-	mmuCirc_006101	Fnip2	CTO:ANNOTATED:CDS	2	1478	NM_001162999	0.0179914506425692	0.0170667097749	0.0185119210755352	0	0.018226776348359	0	0	0.230875364935619	0.198887937983559	0	1;1;1;0;1;0;0;7;5;0	0	0	0.681066392385438		hsaCirc_011978
chr3	79488959	79508187	-	mmuCirc_006102	Fnip2	CTO:ANNOTATED:CDS	7	911	NM_001162999	0	0	0	0	0	0.196506668208152	0	0	0	0.0286723100463043	0;0;0;0;0;6;0;0;0;1	0	0	2.35972040124887		
chr3	79488959	79518191	-	mmuCirc_006103	Fnip2	CTO:ANNOTATED:CDS	11	1358	NM_001162999	0	0	0.0185119210755352	0	0	0	0	0.0329821949908028	0.119332762790135	0	0;0;1;0;0;0;0;1;3;0	0	0	1.63033257634421		
chr3	79506207	79512598	-	mmuCirc_006104	Fnip2	CTO:ANNOTATED:CDS	4	346	NM_001162999	0	0	0	0	0	0	0.0585734449204318	0	0.159110350386847	0.0286723100463043	0;0;0;0;0;0;2;0;4;1	0	0	2.13997328911843		
chr3	79506207	79518191	-	mmuCirc_006105	Fnip2	CTO:ANNOTATED:CDS	6	620	NM_001162999	0.0359829012851383	0	0.0185119210755352	0.0384588263746862	0	0.0655022227360508	0.146433612301079	0.0659643899816055	0.0397775875967117	0	2;0;1;2;0;2;5;2;1;0	0	0	1.21461711700097	rnoCirc_006707	hsaCirc_011975
chr3	79512331	79518191	-	mmuCirc_006106	Fnip2	CTO:ANNOTATED:CDS	4	447	NM_001162999	0	0	0	0	0.018226776348359	0.0327511113680254	0.175720334761295	0.164910974954014	0.0397775875967117	0.086016930138913	0;0;0;0;1;1;6;5;1;3	0	0	2.18998521768781		
chr3	79515103	79518191	-	mmuCirc_006107	Fnip2	CTO:ANNOTATED:CDS	2	274	NM_001162999	0.0179914506425692	0	0	0.0192294131873431	0.018226776348359	0	0.0878601673806477	0.0659643899816055	0.159110350386847	0.0573446200926087	1;0;0;1;1;0;3;2;4;2	0	0	1.36334261663034		
chr3	79622738	79623678	-	mmuCirc_006108	Etfdh	CTO:ANNOTATED:CDS	2	368	NM_025794	0	0	0	0	0	0.0655022227360508	0	0	0.119332762790135	0	0;0;0;0;0;2;0;0;3;0	0	0	2.44821227701495		
chr3	81131018	81141600	+	mmuCirc_006109	Pdgfc	CTO:ALT_ACCEPTOR:CDS	1	10583	NM_019971	0	0	0	0	0	0.0982533341040761	0.0292867224602159	0.0329821949908028	0	0	0;0;0;0;0;3;1;1;0;0	0	0	1.7568385383735		
chr3	84177632	84178178	-	mmuCirc_006110	Trim2	CTO:ANNOTATED:CDS	2	272	NM_001271728:NM_030706:NM_001271727:NM_001271725:NM_001271726	0	0	0	0	0	0	0	0.0989465849724082	0.0795551751934235	0.086016930138913	0;0;0;0;0;0;0;3;2;3	0	0	2.43132034214176		
chr3	84464272	84474777	-	mmuCirc_006111	Fhdc1	CTO:ANNOTATED:CDS:5UTR	3	803	NM_001205355:NM_001033301	0	0	0	0	0	0.0327511113680254	0.0585734449204318	0	0.0397775875967117	0.086016930138913	0;0;0;0;0;1;2;0;1;3	0	0	1.8397676864437	rnoCirc_006719	
chr3	84519482	84534695	-	mmuCirc_006112	Arfip1	CTO:ANNOTATED:CDS	4	540	NM_001081093:NM_001293801	0	0	0	0	0	0.0655022227360508	0	0	0	0.086016930138913	0;0;0;0;0;2;0;0;0;3	0	0	2.25109234559593		
chr3	84527686	84548035	-	mmuCirc_006113	Arfip1	CTO:ANNOTATED:CDS:5UTR	4	420	NM_001081093:NM_001293801	0	0	0.0185119210755352	0.0384588263746862	0.018226776348359	0.0655022227360508	0.117146889840864	0.0659643899816055	0.0795551751934235	0.0573446200926087	0;0;1;2;1;2;4;2;2;2	0	0	1.56336776885006	rnoCirc_006725	hsaCirc_011952
chr3	84863964	84904079	+	mmuCirc_006114	Fbxw7	CTO:ANNOTATED:CDS:5UTR	4	849	NM_001177773:NM_001177774	0	0	0	0	0	0	0.0878601673806477	0.131928779963211	0	0.0286723100463043	0;0;0;0;0;0;3;4;0;1	0	0	2.21317160072748		hsaCirc_011951
chr3	84903501	84904079	+	mmuCirc_006115	Fbxw7	CTO:ANNOTATED:CDS:5UTR	1	579	NM_001177773:NM_001177774	0.0539743519277075	0	0.111071526453211	0.0769176527493725	0.018226776348359	0.327511113680254	0.439300836903238	0.560697314843647	0.23866552558027	0.114689240185217	3;0;6;4;1;10;15;17;6;4	0	0	2.42679943795995	rnoCirc_006731	
chr3	85720416	85730885	-	mmuCirc_006116	Fam160a1	CTO:ANNOTATED:CDS	3	873	NM_172682	0.0539743519277075	0.0341334195498	0	0.0576882395620293	0.018226776348359	0.393013336416305	0.175720334761295	0.329821949908027	0.715996576740811	0.45875696074087	3;2;0;3;1;12;6;10;18;16	0	0	3.07088227834209	rnoCirc_006733	
chr3	85720416	85741374	-	mmuCirc_006117	Fam160a1	CTO:ANNOTATED:CDS:5UTR	4	1097	NM_172682	0.0179914506425692	0	0.092559605377676	0.0576882395620293	0	0.163755556840127	0.117146889840864	0.164910974954014	0.278443113176982	0.086016930138913	1;0;5;3;0;5;4;5;7;3	0	0	2.02314869132294	rnoCirc_006734	hsaCirc_011948
chr3	85720416	85748513	-	mmuCirc_006118	Fam160a1	ITO:ALT_ACCEPTOR:CDS:5UTR	1	28098	NM_172682	0	0	0.0185119210755352	0	0	0.0982533341040761	0.0292867224602159	0.263857559926422	0.0795551751934235	0.0573446200926087	0;0;1;0;0;3;1;8;2;2	0	0	2.20271908583828		
chr3	85730259	85730885	-	mmuCirc_006119	Fam160a1	CTO:ANNOTATED:CDS	1	627	NM_172682	0	0	0	0	0	0	0	0.0659643899816055	0.159110350386847	0.0286723100463043	0;0;0;0;0;0;0;2;4;1	0	0	2.18320573747247	rnoCirc_006735	
chr3	85730259	85741374	-	mmuCirc_006120	Fam160a1	CTO:ANNOTATED:CDS:5UTR	2	851	NM_172682	0.0539743519277075	0	0	0.0192294131873431	0	0.131004445472102	0.117146889840864	0.296839754917225	0.556886226353964	0.0286723100463043	3;0;0;1;0;4;4;9;14;1	0	0	2.59084116660212	rnoCirc_006736	hsaCirc_011947
chr3	85785218	85817291	-	mmuCirc_006121		NTO	1	32074		0	0	0	0	0	0	0.0585734449204318	0.0329821949908028	0.159110350386847	0	0;0;0;0;0;0;2;1;4;0	0	0	2.1807754110666	rnoCirc_006737	
chr3	86083227	86085357	+	mmuCirc_006122	Sh3d19	ITO:ALT_ACCEPTOR:CDS:5UTR	1	2131	NM_001082414	0	0	0	0.0192294131873431	0	0	0.0292867224602159	0.0989465849724082	0	0.0573446200926087	0;0;0;1;0;0;1;3;0;2	0	0	1.21320154551971	rnoCirc_006738	
chr3	86093690	86104347	+	mmuCirc_006123	Sh3d19	CTO:ANNOTATED:CDS	4	548	NM_001082414	0	0	0	0	0	0.131004445472102	0	0.0329821949908028	0.23866552558027	0.114689240185217	0;0;0;0;0;4;0;1;6;4	0	0	2.69165132806366		
chr3	86093690	86107352	+	mmuCirc_006124	Sh3d19	CTO:ANNOTATED:CDS	6	758	NM_001082414	0	0.0170667097749	0	0	0	0	0	0.0329821949908028	0.0397775875967117	0.086016930138913	0;1;0;0;0;0;0;1;1;3	0	0	1.12530274911297		hsaCirc_011939
chr3	86114787	86121186	+	mmuCirc_006125	Sh3d19	CTO:ANNOTATED:CDS	4	446	NM_001082414	0	0	0	0	0.018226776348359	0.0655022227360508	0.0585734449204318	0.0659643899816055	0.159110350386847	0.086016930138913	0;0;0;0;1;2;2;2;4;3	0	0	2.1616317852725		
chr3	86291427	86304733	+	mmuCirc_006126	Lrba	CTO:ANNOTATED:CDS	7	944	NM_001077687:NM_001077688:NM_030695	0	0.0512001293247	0	0.0384588263746862	0.018226776348359	0.229257779576178	0.0878601673806477	0.296839754917225	0.755774164337523	0.143361550231522	0;3;0;2;1;7;3;9;19;5	0	0	2.8100030947286	rnoCirc_006739	
chr3	86291427	86310539	+	mmuCirc_006127	Lrba	CTO:ANNOTATED:CDS	9	1206	NM_001077687:NM_001077688:NM_030695	0	0	0	0	0	0	0	0	0.0397775875967117	0.086016930138913	0;0;0;0;0;0;0;0;1;3	0	0	1.9929137211978	rnoCirc_006740	
chr3	86291427	86328356	+	mmuCirc_006128	Lrba	CTO:ANNOTATED:CDS	18	2217	NM_001077687:NM_001077688:NM_030695	0	0.1024002586494	0.0555357632266056	0.0192294131873431	0.0364535526967181	0.262008890944203	0.0292867224602159	0.230875364935619	0.318220700773694	0.0286723100463043	0;6;3;1;2;8;1;7;8;1	0	0	1.42621326038146		
chr3	86295089	86304733	+	mmuCirc_006129	Lrba	CTO:ANNOTATED:CDS	6	848	NM_001077687:NM_001077688:NM_030695	0	0.0170667097749	0	0	0.018226776348359	0.0982533341040761	0	0.0659643899816055	0.0795551751934235	0.0573446200926087	0;1;0;0;1;3;0;2;2;2	0	0	1.42192755394719		
chr3	86445307	86542711	+	mmuCirc_006130	Lrba	CTO:ANNOTATED:CDS	4	576	NM_001077687:NM_001077688:NM_030695	0	0	0	0	0.0364535526967181	0	0.0878601673806477	0.0329821949908028	0	0.0286723100463043	0;0;0;0;2;0;3;1;0;1	0	0	1.20754492017088		hsaCirc_011926
chr3	86532085	86542711	+	mmuCirc_006131	Lrba	CTO:ANNOTATED:CDS	3	409	NM_001077687:NM_001077688:NM_030695	0.0179914506425692	0	0.0370238421510704	0.0384588263746862	0	0.229257779576178	0.117146889840864	0.296839754917225	0.397775875967117	0.172033860277826	1;0;2;2;0;7;4;9;10;6	0	0	2.81323665387619	rnoCirc_006749	hsaCirc_011925
chr3	86799011	86799594	-	mmuCirc_006132	Dclk2	CTO:ANNOTATED:CDS	2	212	NM_001195496:NM_001195497:NM_001195498:NM_001195499:NM_027539:NM_001195500	0	0	0	0	0	0	0	0.0989465849724082	0	0	0;0;0;0;0;0;0;3;0;0	0	0	2.57224194660756		
chr3	87529224	87555148	+	mmuCirc_006133	Etv3	ITO:ALT_DONOR:CDS:3UTR	1	25925	NM_001083318:NM_001286844:NM_012051	0.377820463493952	0.341334195498	0.296190737208563	0.288441197810147	0.364535526967181	1.57205334566522	1.08360873102799	1.81402072449415	1.51154832867505	1.11822009180587	21;20;16;15;20;48;37;55;38;39	1	1	2.00503591130604	rnoCirc_006753	
chr3	87926731	87928048	-	mmuCirc_006134	Rrnad1	CTO:ANNOTATED:CDS	4	525	NM_153562	0	0	0.0185119210755352	0.0192294131873431	0	0.294760002312228	0.0585734449204318	0.0989465849724082	0.198887937983559	0.0286723100463043	0;0;1;1;0;9;2;3;5;1	0	0	2.26808900667052		
chr3	88155678	88163087	+	mmuCirc_006135	Mef2d	CTO:ANNOTATED:CDS:5UTR	7	1116	NM_133665	0.0179914506425692	0.0512001293247	0.0370238421510704	0	0.018226776348359	0.196506668208152	0.117146889840864	0.197893169944816	0.437553463563829	0.258050790416739	1;3;2;0;1;6;4;6;11;9	0	0	2.55379602524878	rnoCirc_006760	
chr3	88155678	88167734	+	mmuCirc_006136	Mef2d	CTO:ANNOTATED:CDS:5UTR	8	1336	NM_133665	0	0	0	0.0384588263746862	0	0	0.0585734449204318	0.0659643899816055	0.119332762790135	0.0286723100463043	0;0;0;2;0;0;2;2;3;1	0	0	1.65348099629139	rnoCirc_006761	
chr3	88158034	88159592	+	mmuCirc_006137	Mef2d	CTO:ANNOTATED:CDS	3	406	NM_133665	0	0	0	0	0	0.0327511113680254	0	0	0	0.086016930138913	0;0;0;0;0;1;0;0;0;3	0	0	1.90271212755542	rnoCirc_006762	
chr3	88158221	88159592	+	mmuCirc_006138	Mef2d	CTO:ALT_ACCEPTOR:CDS	2	1169	NM_133665	0.0359829012851383	0	0	0.0192294131873431	0	0.0982533341040761	0.146433612301079	0.0989465849724082	0.318220700773694	0.114689240185217	2;0;0;1;0;3;5;3;8;4	0	0	2.51349191324624	rnoCirc_006763	
chr3	88161191	88163087	+	mmuCirc_006139	Mef2d	CTO:ANNOTATED:CDS	2	321	NM_133665	0	0	0.0370238421510704	0.0192294131873431	0.018226776348359	0.131004445472102	0.0878601673806477	0.428768534880436	0.119332762790135	0.114689240185217	0;0;2;1;1;4;3;13;3;4	0	0	2.39388995828758		hsaCirc_001043
chr3	88346445	88349444	+	mmuCirc_006140	Smg5	CTO:ANNOTATED:CDS	4	364	NM_178246	0	0.0170667097749	0.0370238421510704	0.0576882395620293	0.018226776348359	0.262008890944203	0.146433612301079	0.296839754917225	0.755774164337523	0.20070617032413	0;1;2;3;1;8;5;9;19;7	0	0	2.86157518697631		
chr3	88350016	88351581	+	mmuCirc_006141	Smg5	CTO:ANNOTATED:CDS	3	950	NM_178246	0	0	0	0.0192294131873431	0	0.0655022227360508	0	0.0659643899816055	0.159110350386847	0.0286723100463043	0;0;0;1;0;2;0;2;4;1	0	0	1.91841084562599		
chr3	88693076	88693584	+	mmuCirc_006142	2810403A07Rik	CTO:ANNOTATED:CDS	2	217	NM_028814	0	0	0	0	0.018226776348359	0	0	0	0.198887937983559	0.0286723100463043	0;0;0;0;1;0;0;0;5;1	0	0	1.90031912778697		hsaCirc_001037
chr3	88696565	88698909	+	mmuCirc_006143	2810403A07Rik	CTO:ANNOTATED:CDS	2	273	NM_028814	0	0	0.0185119210755352	0	0	0	0	0	0.119332762790135	0	0;0;1;0;0;0;0;0;3;0	0	0	0.927578769281409		
chr3	88696565	88700514	+	mmuCirc_006144	2810403A07Rik	CTO:ANNOTATED:CDS	4	585	NM_028814	0	0	0	0	0	0.0327511113680254	0.0585734449204318	0.0659643899816055	0	0.086016930138913	0;0;0;0;0;1;2;2;0;3	0	0	1.9708013072092	rnoCirc_006769	hsaCirc_001036
chr3	88699951	88700514	+	mmuCirc_006145	2810403A07Rik	CTO:ANNOTATED:CDS	2	312	NM_028814	0	0	0.0555357632266056	0	0	0.196506668208152	0.0585734449204318	0.197893169944816	0.278443113176982	0.086016930138913	0;0;3;0;0;6;2;6;7;3	0	0	2.64887547919308		hsaCirc_001035
chr3	88813684	88890957	+	mmuCirc_006146	5830417I10Rik:Gon4l	ITO:ncRNA	1	77274	NR_028359:NM_001242372:NM_027389	0.629700772489921	0.4096010345976	0.684941079794803	0.384588263746862	0.473896185057335	0.818777784200635	0.527161004283886	1.05543023970569	1.31266039069149	1.69166629273196	35;24;37;20;26;25;18;32;33;59	1	1	0.967945013524968		
chr3	88902757	88903101	+	mmuCirc_006147	Gon4l	CTO:ANNOTATED:CDS	2	264	NM_001242372:NM_027389	0.0179914506425692	0	0	0	0	0.0327511113680254	0.117146889840864	0	0.0795551751934235	0.086016930138913	1;0;0;0;0;1;4;0;2;3	0	0	1.99322394235811		
chr3	88910314	88910810	-	mmuCirc_006148	Msto1	CTO:ANNOTATED:CDS	2	290	NM_144898	0	0	0	0	0	0.0982533341040761	0.0878601673806477	0.0659643899816055	0.198887937983559	0.0286723100463043	0;0;0;0;0;3;3;2;5;1	0	0	2.36677203723032		
chr3	88933565	88942828	-	mmuCirc_006149	Dap3	CTO:ANNOTATED:CDS	3	261	NM_001164533:NM_022994	0	0	0	0	0	0	0	0	0.119332762790135	0	0;0;0;0;0;0;0;0;3;0	0	0	2.80046262890159		
chr3	88965812	88966328	+	mmuCirc_006150	Ash1l	CTO:ANNOTATED:CDS:5UTR	1	517	NM_138679	0.0359829012851383	0	0	0.0192294131873431	0	0.0982533341040761	0.0878601673806477	0.0989465849724082	0.278443113176982	0.0573446200926087	2;0;0;1;0;3;3;3;7;2	0	0	2.19218083321619	rnoCirc_006776	hsaCirc_001014
chr3	88999728	89007877	+	mmuCirc_006151	Ash1l	CTO:ALT_ACCEPTOR:CDS	2	2883	NM_138679	0.0179914506425692	0.0170667097749	0	0	0.0364535526967181	0.0982533341040761	0.351440669522591	0.164910974954014	0.23866552558027	0.229378480370435	1;1;0;0;2;3;12;5;6;8	0	0	2.80160910098781	rnoCirc_006779	
chr3	89001773	89007877	+	mmuCirc_006152	Ash1l	CTO:ANNOTATED:CDS	2	838	NM_138679	0.143931605140553	0.0512001293247	0.129583447528746	0.0576882395620293	0	0.589520004624457	0.585734449204318	1.38525218961372	1.27288280309478	1.08954778175957	8;3;7;3;0;18;20;42;32;38	1	0	3.61313986413881	rnoCirc_006781	hsaCirc_001013