chr3	89001773	89026506	+	mmuCirc_006153	Ash1l	CTO:ANNOTATED:CDS	4	1113	NM_138679	0	0	0	0	0	0.0655022227360508	0.0292867224602159	0.230875364935619	0.0397775875967117	0.0573446200926087	0;0;0;0;0;2;1;7;1;2	0	0	2.11539309941304	rnoCirc_006782	hsaCirc_001008
chr3	89007142	89007877	+	mmuCirc_006154	Ash1l	CTO:ANNOTATED:CDS	1	736	NM_138679	0.0179914506425692	0	0.0185119210755352	0.0192294131873431	0.0364535526967181	0.0982533341040761	0.117146889840864	0.0989465849724082	0.119332762790135	0.315395410509348	1;0;1;1;2;3;4;3;3;11	0	0	2.08839491073941	rnoCirc_006783	hsaCirc_001012
chr3	89023031	89026506	+	mmuCirc_006155	Ash1l	CTO:ANNOTATED:CDS	2	275	NM_138679	0	0	0	0.0192294131873431	0.0364535526967181	0.131004445472102	0.0585734449204318	0.164910974954014	0.198887937983559	0.0286723100463043	0;0;0;1;2;4;2;5;5;1	0	0	2.07310831011745	rnoCirc_006784	
chr3	89023031	89033332	+	mmuCirc_006156	Ash1l	CTO:ANNOTATED:CDS	3	349	NM_138679	0.0539743519277075	0	0.0185119210755352	0.0384588263746862	0.018226776348359	0.229257779576178	0.0878601673806477	0.296839754917225	0.437553463563829	0.20070617032413	3;0;1;2;1;7;3;9;11;7	0	0	2.54438543825377		
chr3	89023031	89035481	+	mmuCirc_006157	Ash1l	CTO:ANNOTATED:CDS	5	504	NM_138679	0.0719658025702766	0.0170667097749	0.0555357632266056	0.0576882395620293	0.0546803290450771	0.491266670520381	0.175720334761295	0.461750729871238	0.23866552558027	0.0573446200926087	4;1;3;3;3;15;6;14;6;2	0	1	1.86689033468209		hsaCirc_001007
chr3	89023031	89043643	+	mmuCirc_006158	Ash1l	CTO:ANNOTATED:CDS	7	858	NM_138679	0.0539743519277075	0	0	0.0576882395620293	0	0.0327511113680254	0.0292867224602159	0.131928779963211	0.119332762790135	0.0286723100463043	3;0;0;3;0;1;1;4;3;1	0	0	1.17291326415107		
chr3	89033259	89035481	+	mmuCirc_006159	Ash1l	CTO:ANNOTATED:CDS	3	229	NM_138679	0.0539743519277075	0	0.0185119210755352	0.0192294131873431	0.0546803290450771	0.491266670520381	0.263580502141943	0.36280414489883	0.954662102321082	0.114689240185217	3;0;1;1;3;15;9;11;24;4	0	0	3.08272474373526		hsaCirc_001005
chr3	89033259	89043643	+	mmuCirc_006160	Ash1l	CTO:ANNOTATED:CDS	5	583	NM_138679	0	0	0.0185119210755352	0	0	0.0655022227360508	0.0585734449204318	0.197893169944816	0.278443113176982	0.143361550231522	0;0;1;0;0;2;2;6;7;5	0	0	2.69992566662516	rnoCirc_006785	
chr3	89043119	89043643	+	mmuCirc_006161	Ash1l	CTO:ANNOTATED:CDS	2	354	NM_138679	0.0179914506425692	0.0341334195498	0.0185119210755352	0	0	0.229257779576178	0.146433612301079	0.329821949908027	0.278443113176982	0.086016930138913	1;2;1;0;0;7;5;10;7;3	0	0	2.76461957326027		hsaCirc_001003
chr3	89167035	89168923	+	mmuCirc_006162	Clk2	CTO:ANNOTATED:CDS	2	399	NM_001163432:NM_007712	0	0	0	0	0	0	0	0.0989465849724082	0	0	0;0;0;0;0;0;0;3;0;0	0	0	2.57224194660756		
chr3	90015130	90015497	-	mmuCirc_006163	Ubap2l	CTO:ANNOTATED:CDS	2	285	NM_028475:NM_153489:NM_001165983:NM_001165984:NM_001165985:NM_001165987:NM_001165986:NM_001165988	0	0.0170667097749	0	0.0384588263746862	0.018226776348359	0	0.0585734449204318	0.0989465849724082	0.159110350386847	0	0;1;0;2;1;0;2;3;4;0	0	0	1.08423302414294		
chr3	90034065	90047899	-	mmuCirc_006164	Ubap2l	CTO:ANNOTATED:CDS:5UTR	7	776	NM_028475:NM_153489:NM_001165983:NM_001165984:NM_001165985:NM_001165987:NM_001165986:NM_001165988	0	0	0	0	0.018226776348359	0.163755556840127	0.0585734449204318	0.0659643899816055	0.0795551751934235	0.086016930138913	0;0;0;0;1;5;2;2;2;3	0	0	2.21292649668122	rnoCirc_006800	hsaCirc_000986
chr3	90038370	90039016	-	mmuCirc_006165	Ubap2l	CTO:ANNOTATED:CDS	2	298	NM_028475:NM_153489:NM_001165983:NM_001165984:NM_001165985:NM_001165987:NM_001165986:NM_001165988	0	0	0	0	0	0.0327511113680254	0.0292867224602159	0.0659643899816055	0.119332762790135	0.0286723100463043	0;0;0;0;0;1;1;2;3;1	0	0	1.77754071428013		hsaCirc_000988
chr3	90043700	90047899	-	mmuCirc_006166	Ubap2l	CTO:ANNOTATED:CDS:5UTR	3	319	NM_028475:NM_153489:NM_001165983:NM_001165984:NM_001165985:NM_001165987:NM_001165986:NM_001165988	0	0.0170667097749	0	0	0.018226776348359	0.163755556840127	0.0292867224602159	0.0329821949908028	0	0	0;1;0;0;1;5;1;1;0;0	0	0	1.02042875742383	rnoCirc_006802	
chr3	90272715	90272854	+	mmuCirc_006167	Dennd4b	CTO:ANNOTATED:CDS	1	140	NM_201407	0	0	0	0	0	0.0982533341040761	0.0585734449204318	0.0989465849724082	0	0.0286723100463043	0;0;0;0;0;3;2;3;0;1	0	0	2.09829849110971		
chr3	90341656	90341994	+	mmuCirc_006168	Gatad2b	CTO:ALT_ACCEPTOR:CDS:5UTR	1	339	NM_139304	0.107948703855415	0.0341334195498	0.111071526453211	0.0192294131873431	0.018226776348359	0.720524450096558	0.234293779681727	0.59367950983445	0.91488451472437	0.487429270787174	6;2;6;1;1;22;8;18;23;17	0	0	3.05946989540164	rnoCirc_006805	
chr3	90350387	90354510	+	mmuCirc_006169	Gatad2b	CTO:ANNOTATED:CDS	4	822	NM_139304	0	0	0	0.0192294131873431	0.0364535526967181	0	0	0.197893169944816	0.23866552558027	0.0286723100463043	0;0;0;1;2;0;0;6;6;1	0	0	1.98422202346812	rnoCirc_006809	
chr3	90421736	90424087	-	mmuCirc_006170	Ints3	CTO:ANNOTATED:CDS	2	168	NM_145540:NM_178876	0	0	0	0	0	0.0327511113680254	0	0.0989465849724082	0	0.0286723100463043	0;0;0;0;0;1;0;3;0;1	0	0	1.75151489464531		
chr3	90502254	90503095	-	mmuCirc_006171	Chtop	INTRONIC	1	842	NM_001293776:NM_001293777:NM_001293778:NM_001293779:NM_001293780:NM_001293781:NM_001293782:NM_023215	0	0	0	0	0	0.131004445472102	0	0	0	0	0;0;0;0;0;4;0;0;0;0	0	0	2.91651911706123		
chr3	90511044	90511149	+	mmuCirc_006172	S100a1	AS:CTO	1	106	NM_011309	0.305854660923676	0.341334195498	0.259166895057493	0.249982371435461	0.364535526967181	0	0	0	0	0	17;20;14;13;20;0;0;0;0;0	1	1	-4.00486257435997		
chr3	94511042	94531389	-	mmuCirc_006173	Snx27	CTO:ANNOTATED:CDS	6	696	NM_001082484:NM_029721	0	0	0	0	0	0.0327511113680254	0.0585734449204318	0.0659643899816055	0.159110350386847	0.086016930138913	0;0;0;0;0;1;2;2;4;3	0	0	2.20919640671582	rnoCirc_006813	hsaCirc_000979
chr3	94519048	94531389	-	mmuCirc_006174	Snx27	CTO:ANNOTATED:CDS	5	606	NM_001082484:NM_029721	0	0	0	0.0192294131873431	0.018226776348359	0.163755556840127	0.175720334761295	0.164910974954014	0.318220700773694	0.086016930138913	0;0;0;1;1;5;6;5;8;3	0	0	2.85575863971238	rnoCirc_006816	hsaCirc_000978
chr3	94519048	94562000	-	mmuCirc_006175	Snx27	CTO:ANNOTATED:CDS	6	838	NM_001082484:NM_029721	0.0179914506425692	0.0170667097749	0.0555357632266056	0.0192294131873431	0	0.163755556840127	0.0292867224602159	0.131928779963211	0.397775875967117	0.114689240185217	1;1;3;1;0;5;1;4;10;4	0	0	1.97151276016152	rnoCirc_006817	hsaCirc_000973
chr3	94524186	94531389	-	mmuCirc_006176	Snx27	CTO:ANNOTATED:CDS	3	363	NM_001082484:NM_029721	0	0.0341334195498	0.0370238421510704	0	0	0.0982533341040761	0.0878601673806477	0.230875364935619	0.159110350386847	0.0573446200926087	0;2;2;0;0;3;3;7;4;2	0	0	2.16195822192221	rnoCirc_006818	hsaCirc_000977
chr3	94524186	94562000	-	mmuCirc_006177	Snx27	CTO:ANNOTATED:CDS	4	595	NM_001082484:NM_029721	0.0359829012851383	0	0.0185119210755352	0.0192294131873431	0	0.196506668208152	0.0585734449204318	0.230875364935619	0.357998288370406	0.086016930138913	2;0;1;1;0;6;2;7;9;3	0	0	2.4607167470333	rnoCirc_006819	
chr3	94528912	94531389	-	mmuCirc_006178	Snx27	CTO:ANNOTATED:CDS	2	258	NM_001082484:NM_029721	0	0	0	0	0	0	0	0.0989465849724082	0	0.0573446200926087	0;0;0;0;0;0;0;3;0;2	0	0	2.26177144567199		
chr3	94528912	94562000	-	mmuCirc_006179	Snx27	CTO:ANNOTATED:CDS	3	490	NM_001082484:NM_029721	0	0	0.0370238421510704	0	0	0.0327511113680254	0.0878601673806477	0.0989465849724082	0.0397775875967117	0.0573446200926087	0;0;2;0;0;1;3;3;1;2	0	0	1.68437481619367	rnoCirc_006820	
chr3	94856043	94860971	+	mmuCirc_006180	Pogz	CTO:ANNOTATED:CDS	2	335	NM_001165948:NM_172683	0.0359829012851383	0	0.0185119210755352	0.0192294131873431	0	0.0655022227360508	0.117146889840864	0.0989465849724082	0.318220700773694	0.0286723100463043	2;0;1;1;0;2;4;3;8;1	0	0	1.8813242153717		
chr3	94870080	94871325	+	mmuCirc_006181	Pogz	CTO:ANNOTATED:CDS	2	445	NM_001165948:NM_172683	0	0	0	0	0.018226776348359	0	0.0292867224602159	0.0989465849724082	0.119332762790135	0.0286723100463043	0;0;0;0;1;0;1;3;3;1	0	0	1.75560533156731	rnoCirc_006823	
chr3	94939646	94940226	+	mmuCirc_006182	Selenbp1	CTO:ANNOTATED:CDS	2	362	NM_009150	0.0719658025702766	0	0.0740476843021408	0.173064718686088	0.0546803290450771	1.11353778651286	0.527161004283886	1.2203412146597	1.63088109146518	0.45875696074087	4;0;4;9;3;34;18;37;41;16	0	1	3.5790517092947		
chr3	95060484	95063784	-	mmuCirc_006183	Pip5k1a	CTO:ANNOTATED:CDS	2	176	NM_001293707:NM_008847	0	0	0	0	0.0364535526967181	0	0.146433612301079	0	0.318220700773694	0.114689240185217	0;0;0;0;2;0;5;0;8;4	0	0	2.79708876688802	rnoCirc_006825	
chr3	95345526	95347121	-	mmuCirc_006184	Setdb1	CTO:ANNOTATED:CDS	3	402	NM_001163641:NM_001163642:NM_018877	0	0	0	0	0	0.0655022227360508	0	0	0.119332762790135	0	0;0;0;0;0;2;0;0;3;0	0	0	2.44821227701495		
chr3	95480195	95480839	+	mmuCirc_006185	Arnt	CTO:ANNOTATED:CDS	2	152	NM_001037737:NM_009709	0.0719658025702766	0.0341334195498	0	0	0	0.196506668208152	0.117146889840864	0.0329821949908028	0.23866552558027	0.114689240185217	4;2;0;0;0;6;4;1;6;4	0	0	2.08529174600431	rnoCirc_006831	
chr3	95501347	95507018	+	mmuCirc_006186	Ctsk	CTO:ANNOTATED:CDS	5	770	NM_007802	0	0	0	0	0	0	0	0.0659643899816055	0.119332762790135	0	0;0;0;0;0;0;0;2;3;0	0	0	2.45210089414782		
chr3	95776515	95776797	-	mmuCirc_006187	Rprd2	CTO:ANNOTATED:CDS	1	283	NM_001081293	0	0	0	0	0	0	0	0.0329821949908028	0.23866552558027	0.0286723100463043	0;0;0;0;0;0;0;1;6;1	0	0	2.12720824821419	rnoCirc_006832	
chr3	95784214	95787384	-	mmuCirc_006188	Rprd2	CTO:ANNOTATED:CDS	4	413	NM_001081293	0	0.0170667097749	0	0	0	0.0982533341040761	0.0878601673806477	0	0.119332762790135	0.086016930138913	0;1;0;0;0;3;3;0;3;3	0	0	2.32786514069545	rnoCirc_006833	hsaCirc_000942
chr3	95784214	95790229	-	mmuCirc_006189	Rprd2	CTO:ANNOTATED:CDS	5	543	NM_001081293	0.0539743519277075	0	0.0370238421510704	0.0384588263746862	0.018226776348359	0.262008890944203	0.146433612301079	0.263857559926422	0.397775875967117	0.114689240185217	3;0;2;2;1;8;5;8;10;4	0	0	2.39145281863467		
chr3	95901093	95902131	-	mmuCirc_006190	Car14	CTO:ANNOTATED:CDS	2	201	NM_011797	0	0.0512001293247	0.0740476843021408	0.0576882395620293	0.0729071053934362	0.163755556840127	0.0585734449204318	0.230875364935619	0.119332762790135	0.114689240185217	0;3;4;3;4;5;2;7;3;4	0	1	1.22718491626301		
chr3	95991444	95992278	-	mmuCirc_006191	Plekho1	CTO:ANNOTATED:CDS	2	246	NM_023320	0.0359829012851383	0.0170667097749	0.092559605377676	0.0192294131873431	0.127587434438513	0.491266670520381	0.410014114443022	0.692626094806858	1.03421727751451	0.45875696074087	2;1;5;1;7;15;14;21;26;16	0	0	3.16709564969749		
chr3	96019609	96042928	-	mmuCirc_006192	Vps45	CTO:ANNOTATED:CDS	7	938	NM_013841	0.0179914506425692	0	0	0	0.018226776348359	0.0327511113680254	0.0878601673806477	0	0.119332762790135	0.143361550231522	1;0;0;0;1;1;3;0;3;5	0	0	1.9501231510279		
chr3	96041338	96042928	-	mmuCirc_006193	Vps45	CTO:ANNOTATED:CDS	3	417	NM_013841	0	0	0.0185119210755352	0.0961470659367156	0.018226776348359	0.524017781888406	0.322153947062375	0.791572679779266	0.954662102321082	0.315395410509348	0;0;1;5;1;16;11;24;24;11	0	0	3.89233116634495		
chr3	96144241	96145095	+	mmuCirc_006194	Mir1946b:Otud7b	CTO:ncRNA	2	230	NR_035496:NM_001025613:NM_001025614	0	0	0	0	0.018226776348359	0.0327511113680254	0.205007057221511	0.131928779963211	0.119332762790135	0	0;0;0;0;1;1;7;4;3;0	0	0	1.93646044045074	rnoCirc_006840	hsaCirc_000935
chr3	96186973	96193348	+	mmuCirc_006195	Sv2a	CTO:ANNOTATED:CDS	10	1423	NM_022030	0	0	0	0	0	0	0	0.0989465849724082	0.0397775875967117	0	0;0;0;0;0;0;0;3;1;0	0	0	2.07592331146981		
chr3	96754335	96775841	+	mmuCirc_006196	Rnf115	CTO:ANNOTATED:CDS	3	329	NM_026406	0	0	0	0.0384588263746862	0	0.163755556840127	0.0585734449204318	0.0989465849724082	0.159110350386847	0.086016930138913	0;0;0;2;0;5;2;3;4;3	0	0	2.35351568783246		hsaCirc_000924
chr3	97635511	97645920	+	mmuCirc_006197	Fmo5	CTO:ANNOTATED:CDS	5	1048	NM_001161763:NM_001161765:NM_010232	0	0	0	0	0.018226776348359	0.0982533341040761	0.0585734449204318	0	0.0397775875967117	0	0;0;0;0;1;3;2;0;1;0	0	0	1.29571797564615		
chr3	97692321	97718341	-	mmuCirc_006198	Pde4dip	CTO:ANNOTATED:CDS	19	3411	NM_001039376:NM_001289701:NM_001289702	0	0	0	0	0	0	0	0.0989465849724082	0.0397775875967117	0	0;0;0;0;0;0;0;3;1;0	0	0	2.07592331146981		
chr3	97699109	97701677	-	mmuCirc_006199	Pde4dip	CTO:ANNOTATED:CDS	3	435	NM_001039376:NM_001289701:NM_001289702	0	0	0	0	0	0	0	0.131928779963211	0	0.0573446200926087	0;0;0;0;0;0;0;4;0;2	0	0	2.43831211298504		
chr3	97706872	97710444	-	mmuCirc_006200	Pde4dip	CTO:ANNOTATED:CDS	3	563	NM_001039376:NM_001289701:NM_001289702	0	0	0.0185119210755352	0	0	0.0982533341040761	0.0292867224602159	0.230875364935619	0.198887937983559	0.086016930138913	0;0;1;0;0;3;1;7;5;3	0	0	2.48538902648039		
chr3	97713068	97754545	-	mmuCirc_006201	Pde4dip	CTO:ANNOTATED:CDS:3UTR	18	3301	NM_001039376:NM_001289701:NM_001289702	0	0.0170667097749	0.0185119210755352	0.0192294131873431	0	0.196506668208152	0.0585734449204318	0.0659643899816055	0.0795551751934235	0.114689240185217	0;1;1;1;0;6;2;2;2;4	0	0	1.95476292701578		
chr3	97719282	97719717	-	mmuCirc_006202	Pde4dip	CTO:ANNOTATED:CDS	1	436	NM_001039376:NM_001289701:NM_001289702	0	0	0	0	0	0.0327511113680254	0	0	0	0.086016930138913	0;0;0;0;0;1;0;0;0;3	0	0	1.90271212755542		
chr3	97741318	97743602	-	mmuCirc_006203	Pde4dip	CTO:ANNOTATED:CDS	4	496	NM_001039376:NM_001289701:NM_001289702:NM_178080:NR_110360	0	0.0512001293247	0	0	0	0.0327511113680254	0.0878601673806477	0.263857559926422	0.159110350386847	0.0573446200926087	0;3;0;0;0;1;3;8;4;2	0	0	2.18791698191964		
chr3	97741318	97758930	-	mmuCirc_006204	Pde4dip	CTO:ANNOTATED:CDS	16	2699	NM_001039376:NM_001289701:NM_001289702:NM_178080:NR_110360	0	0.0170667097749	0	0	0	0	0	0	0.119332762790135	0	0;1;0;0;0;0;0;0;3;0	0	0	0.955169284416142		hsaCirc_000910
chr3	97792739	97796808	-	mmuCirc_006205	Pde4dip	CTO:ANNOTATED:CDS	4	495	NM_001039376:NM_001289701:NM_001289702	0.107948703855415	0.1024002586494	0.0555357632266056	0.134605892311402	0.0911338817417952	2.0633200161856	1.66934318023231	2.57261120928261	1.90932420464216	0.831496991342826	6;6;3;7;5;63;57;78;48;29	1	1	3.89845284881297	rnoCirc_006851	hsaCirc_000915
chr3	97841634	97843714	-	mmuCirc_006206	Pde4dip	CTO:ANNOTATED:CDS	2	208	NM_001039376:NM_001289701:NM_001289702	0.0179914506425692	0.0512001293247	0	0	0	0.131004445472102	0.0878601673806477	0.0329821949908028	0.318220700773694	0.0573446200926087	1;3;0;0;0;4;3;1;8;2	0	0	2.00535126885706	rnoCirc_006852	
chr3	98047728	98082039	+	mmuCirc_006207	Notch2	CTO:ANNOTATED:CDS	4	801	NM_010928	0.0179914506425692	0	0	0.0192294131873431	0.018226776348359	0.163755556840127	0.0585734449204318	0.0989465849724082	0.119332762790135	0.0286723100463043	1;0;0;1;1;5;2;3;3;1	0	0	1.79947390257868		
chr3	98070860	98072922	+	mmuCirc_006208	Notch2	CTO:ANNOTATED:CDS	2	596	NM_010928	0	0	0	0	0.018226776348359	0	0.0292867224602159	0	0.0397775875967117	0.086016930138913	0;0;0;0;1;0;1;0;1;3	0	0	1.4508143149582		
chr3	98070860	98082039	+	mmuCirc_006209	Notch2	CTO:ANNOTATED:CDS	3	719	NM_010928	0	0.0170667097749	0	0	0.018226776348359	0.0982533341040761	0	0.263857559926422	0.0397775875967117	0.172033860277826	0;1;0;0;1;3;0;8;1;6	0	0	1.88181801979979		
chr3	99187481	99205310	+	mmuCirc_006210	Wars2	CTO:ANNOTATED:CDS	3	425	NM_027462	0.0359829012851383	0.0170667097749	0.0185119210755352	0	0	0.0327511113680254	0	0.0659643899816055	0.0397775875967117	0.114689240185217	2;1;1;0;0;1;0;2;1;4	0	0	0.902738523483727		
chr3	99204536	99205310	+	mmuCirc_006211	Wars2	CTO:ANNOTATED:CDS	2	167	NM_027462	0.0359829012851383	0	0	0	0	0.262008890944203	0.0585734449204318	0.263857559926422	0.0397775875967117	0.114689240185217	2;0;0;0;0;8;2;8;1;4	0	0	2.49299738721845		
chr3	100169936	100171037	+	mmuCirc_006212	Gdap2	CTO:ANNOTATED:CDS:5UTR	2	380	NM_010269:NR_104341	0.0539743519277075	0	0	0.0384588263746862	0	0	0.0585734449204318	0.0329821949908028	0.198887937983559	0	3;0;0;2;0;0;2;1;5;0	0	0	0.849305990237494	rnoCirc_006854	
chr3	100578476	100591948	-	mmuCirc_006213	Man1a2	CTO:ANNOTATED:CDS	4	625	NM_010763	0	0.0341334195498	0.0185119210755352	0	0	0.163755556840127	0	0.0659643899816055	0	0.114689240185217	0;2;1;0;0;5;0;2;0;4	0	0	1.41829830415614		hsaCirc_000901
chr3	100578476	100620152	-	mmuCirc_006214	Man1a2	CTO:ANNOTATED:CDS	6	843	NM_010763	0	0	0	0	0	0.0982533341040761	0.117146889840864	0.0989465849724082	0	0	0;0;0;0;0;3;4;3;0;0	0	0	2.63790030081422		hsaCirc_000899
chr3	100616963	100632598	-	mmuCirc_006215	Man1a2	CTO:ANNOTATED:CDS	3	313	NM_010763	0	0	0	0	0.018226776348359	0	0.0292867224602159	0	0.198887937983559	0.0286723100463043	0;0;0;0;1;0;1;0;5;1	0	0	1.70061243378352	rnoCirc_006861	hsaCirc_000898
chr3	100616963	100644621	-	mmuCirc_006216	Man1a2	CTO:ANNOTATED:CDS	4	394	NM_010763	0.0359829012851383	0	0	0.0192294131873431	0	0.0327511113680254	0	0.164910974954014	0.119332762790135	0	2;0;0;1;0;1;0;5;3;0	0	0	1.65050035235151	rnoCirc_006862	
chr3	100632504	100656274	-	mmuCirc_006217	Man1a2	CTO:ANNOTATED:CDS	5	648	NM_010763	0.143931605140553	0.0512001293247	0.0555357632266056	0.0769176527493725	0.0729071053934362	0.556768893256432	0.322153947062375	0.791572679779266	1.27288280309478	0.20070617032413	8;3;3;4;4;17;11;24;32;7	1	1	2.49820720753665	rnoCirc_006865	hsaCirc_000896
chr3	100644541	100656274	-	mmuCirc_006218	Man1a2	CTO:ANNOTATED:CDS	4	553	NM_010763	0.0539743519277075	0.0170667097749	0	0.0576882395620293	0.0911338817417952	0.262008890944203	0.351440669522591	0.36280414489883	0.159110350386847	0.229378480370435	3;1;0;3;5;8;12;11;4;8	0	1	2.37704655898742	rnoCirc_006867	hsaCirc_000895
chr3	100646992	100656274	-	mmuCirc_006219	Man1a2	CTO:ANNOTATED:CDS	3	472	NM_010763	0	0.0512001293247	0	0.0192294131873431	0	0.0982533341040761	0.0585734449204318	0.131928779963211	0.119332762790135	0.086016930138913	0;3;0;1;0;3;2;4;3;3	0	0	1.9732087658134		hsaCirc_000894