chr18	39097630	39150118	+	mmuCirc_004545	Arhgap26	CTO:ANNOTATED:CDS	10	953	NM_175164	0	0	0.0185119210755352	0	0.018226776348359	0.0982533341040761	0.0878601673806477	0.329821949908027	0.0795551751934235	0.086016930138913	0;0;1;0;1;3;3;10;2;3	0	0	2.39305571686294	rnoCirc_005545	
chr18	39110455	39132150	+	mmuCirc_004546	Arhgap26	CTO:ANNOTATED:CDS	6	644	NM_175164	0	0	0	0	0.018226776348359	0.0655022227360508	0.0878601673806477	0	0	0	0;0;0;0;1;2;3;0;0;0	0	0	1.19748955149946	rnoCirc_005547	hsaCirc_012791
chr18	39120119	39126933	+	mmuCirc_004547	Arhgap26	CTO:ANNOTATED:CDS	3	336	NM_175164	0	0	0.0370238421510704	0.0192294131873431	0	0.0327511113680254	0.117146889840864	0.164910974954014	0	0.0286723100463043	0;0;2;1;0;1;4;5;0;1	0	0	1.23704213688136	rnoCirc_005549	
chr18	39120119	39132150	+	mmuCirc_004548	Arhgap26	CTO:ANNOTATED:CDS	4	431	NM_175164	0.21589740771083	0.1877338075239	0.536845711190521	0.249982371435461	0.236948092528668	3.83188003005897	1.93292368237425	3.99084559388713	3.69931564649419	1.978389393195	12;11;29;13;13;117;66;121;93;69	1	1	3.37082095403731	rnoCirc_005546	hsaCirc_012794
chr18	39120119	39150118	+	mmuCirc_004549	Arhgap26	CTO:ANNOTATED:CDS	5	510	NM_175164	0.323846111566245	0.3925343248227	0.388750342586239	0.326900024184833	0.455669408708976	5.63319115530037	3.01653241340224	7.2560828979766	5.80752778911991	3.2686433452787	18;23;21;17;25;172;103;220;146;114	1	1	3.58653858368862	rnoCirc_005544	hsaCirc_012795
chr18	39126833	39132150	+	mmuCirc_004550	Arhgap26	CTO:ANNOTATED:CDS	2	196	NM_175164	0	0	0.0185119210755352	0.0192294131873431	0	0.0982533341040761	0.0585734449204318	0.131928779963211	0.0397775875967117	0.086016930138913	0;0;1;1;0;3;2;4;1;3	0	0	1.90635212955978		
chr18	39126833	39150118	+	mmuCirc_004551	Arhgap26	CTO:ANNOTATED:CDS	3	275	NM_175164	0.395811914136521	0.1877338075239	0.351726500435169	0.480735329683578	0.400989079663899	4.42140003468343	2.98724569094202	6.92626094806858	5.68819502632978	2.37980173384326	22;11;19;25;22;135;102;210;143;83	1	1	3.50370889314487		hsaCirc_012796
chr18	39227368	39229965	+	mmuCirc_004552	Arhgap26	CTO:ANNOTATED:CDS	2	141	NM_175164	0	0.0682668390996	0	0	0.0364535526967181	0	0.0878601673806477	0.0989465849724082	0.318220700773694	0.0573446200926087	0;4;0;0;2;0;3;3;8;2	0	0	1.84889757803878		
chr18	39227368	39246924	+	mmuCirc_004553	Arhgap26	CTO:ANNOTATED:CDS	5	394	NM_175164	0	0	0.0370238421510704	0	0.0364535526967181	0.262008890944203	0.234293779681727	0.428768534880436	0.278443113176982	0.372740030601957	0;0;2;0;2;8;8;13;7;13	0	0	3.43204996286202		hsaCirc_012798
chr18	39227368	39286686	+	mmuCirc_004554	Arhgap26	CTO:ANNOTATED:CDS	6	554	NM_175164	0	0	0	0	0.018226776348359	0	0.117146889840864	0	0.119332762790135	0.0573446200926087	0;0;0;0;1;0;4;0;3;2	0	0	2.19827667698574		
chr18	39243606	39246924	+	mmuCirc_004555	Arhgap26	CTO:ANNOTATED:CDS	3	253	NM_175164	0	0	0	0	0	0.0327511113680254	0.0292867224602159	0.0659643899816055	0.159110350386847	0.0286723100463043	0;0;0;0;0;1;1;2;4;1	0	0	1.85000354944827	rnoCirc_005542	hsaCirc_012801
chr18	39243606	39306852	+	mmuCirc_004556	Arhgap26	CTO:ANNOTATED:CDS	6	703	NM_175164	0	0.0170667097749	0	0	0	0.0982533341040761	0.0292867224602159	0.0659643899816055	0	0.0286723100463043	0;1;0;0;0;3;1;2;0;1	0	0	1.59043108715018		hsaCirc_012804
chr18	39286527	39306852	+	mmuCirc_004557	Arhgap26	CTO:ANNOTATED:CDS	3	450	NM_175164	0	0	0	0.0192294131873431	0	0.163755556840127	0.117146889840864	0.0659643899816055	0.198887937983559	0.086016930138913	0;0;0;1;0;5;4;2;5;3	0	0	2.59350253895664	rnoCirc_005541	hsaCirc_012805
chr18	41932601	41937691	-	mmuCirc_004558	Prelid2	CTO:ANNOTATED:CDS	3	293	NM_029942	0.0359829012851383	0.0170667097749	0.0740476843021408	0	0.018226776348359	0.0655022227360508	0.0878601673806477	0.131928779963211	0.198887937983559	0.0286723100463043	2;1;4;0;1;2;3;4;5;1	0	0	1.32890219949256		hsaCirc_012820
chr18	42139518	42141098	+	mmuCirc_004559	Sh3rf2	CTO:ANNOTATED:CDS	2	263	NM_001146299:NM_172966	0	0	0.0185119210755352	0	0.018226776348359	0.196506668208152	0.0292867224602159	0.164910974954014	0.159110350386847	0.086016930138913	0;0;1;0;1;6;1;5;4;3	0	0	2.32708169741776		
chr18	42288108	42292107	+	mmuCirc_004560	Rbm27	CTO:ANNOTATED:CDS	2	244	NM_172626	0	0	0	0	0.018226776348359	0.131004445472102	0.0878601673806477	0	0.0397775875967117	0.0573446200926087	0;0;0;0;1;4;3;0;1;2	0	0	1.98598286687494		
chr18	42288108	42305814	+	mmuCirc_004561	Rbm27	CTO:ANNOTATED:CDS	7	1220	NM_172626	0	0.0170667097749	0	0.0192294131873431	0	0	0	0.131928779963211	0.0397775875967117	0.086016930138913	0;1;0;1;0;0;0;4;1;3	0	0	1.26227272712954	rnoCirc_005563	hsaCirc_012834
chr18	42317601	42319946	+	mmuCirc_004562	Rbm27	CTO:ANNOTATED:CDS	2	295	NM_172626	0.0359829012851383	0.0170667097749	0	0	0.018226776348359	0	0.0292867224602159	0.0329821949908028	0.119332762790135	0.0573446200926087	2;1;0;0;1;0;1;1;3;2	0	0	0.829755274878935	rnoCirc_005564	hsaCirc_012836
chr18	42320764	42324198	+	mmuCirc_004563	Rbm27	CTO:ANNOTATED:CDS	3	595	NM_172626	0.0179914506425692	0.0170667097749	0	0.0192294131873431	0	0.0655022227360508	0	0.164910974954014	0.318220700773694	0.086016930138913	1;1;0;1;0;2;0;5;8;3	0	0	1.80062041666827		
chr18	42320764	42326024	+	mmuCirc_004564	Rbm27	CTO:ANNOTATED:CDS	4	715	NM_172626	0.0719658025702766	0	0	0.0192294131873431	0.0364535526967181	0.131004445472102	0.263580502141943	0.164910974954014	0.198887937983559	0.0573446200926087	4;0;0;1;2;4;9;5;5;2	0	0	2.1368576748155	rnoCirc_005567	
chr18	42325905	42327518	+	mmuCirc_004565	Rbm27	CTO:ANNOTATED:CDS	3	360	NM_172626	0.0179914506425692	0.0341334195498	0.0185119210755352	0	0	0.0655022227360508	0.205007057221511	0.131928779963211	0.278443113176982	0.143361550231522	1;2;1;0;0;2;7;4;7;5	0	0	2.42701295048667		
chr18	42332780	42333397	+	mmuCirc_004566	Rbm27	CTO:ANNOTATED:CDS	2	294	NM_172626	0	0	0	0	0.018226776348359	0.131004445472102	0.0585734449204318	0.197893169944816	0.437553463563829	0.0286723100463043	0;0;0;0;1;4;2;6;11;1	0	0	2.64009922560056		
chr18	43332872	43334037	-	mmuCirc_004567	Dpysl3	CTO:ANNOTATED:CDS	2	299	NM_001136086:NM_009468:NM_001291455	0.0179914506425692	0	0.0370238421510704	0.0192294131873431	0	0	0.0585734449204318	0.0329821949908028	0.159110350386847	0	1;0;2;1;0;0;2;1;4;0	0	0	0.783287607421489		
chr18	44405210	44405760	+	mmuCirc_004568	Dcp2	CTO:ANNOTATED:CDS	3	374	NM_027490	0.0179914506425692	0.0341334195498	0	0.0384588263746862	0.0911338817417952	0.42576444778433	0.263580502141943	0.296839754917225	0.994439689917794	0.20070617032413	1;2;0;2;5;13;9;9;25;7	0	0	3.00686597780041		hsaCirc_012572
chr18	44491124	44493545	-	mmuCirc_004569	Mcc	CTO:ANNOTATED:CDS	2	371	NM_001085374:NM_001085373	0	0	0	0	0	0.0982533341040761	0	0.0659643899816055	0.0397775875967117	0	0;0;0;0;0;3;0;2;1;0	0	0	2.08238426364812		hsaCirc_012577
chr18	44491124	44519659	-	mmuCirc_004570	Mcc	CTO:ANNOTATED:CDS	4	657	NM_001085374:NM_001085373	0	0	0	0	0	0	0.0878601673806477	0	0.0795551751934235	0.0286723100463043	0;0;0;0;0;0;3;0;2;1	0	0	2.00989594490099		
chr18	44510097	44519659	-	mmuCirc_004571	Mcc	CTO:ANNOTATED:CDS	2	286	NM_001085374:NM_001085373	0.0179914506425692	0.0170667097749	0.0185119210755352	0	0	0.360262225048279	0.292867224602159	0.197893169944816	0.0795551751934235	0.143361550231522	1;1;1;0;0;11;10;6;2;5	0	0	2.8492678683395		
chr18	44510097	44534300	-	mmuCirc_004572	Mcc	CTO:ANNOTATED:CDS	3	400	NM_001085374:NM_001085373	0	0	0	0	0	0.0655022227360508	0.0292867224602159	0.0989465849724082	0.0795551751934235	0.0286723100463043	0;0;0;0;0;2;1;3;2;1	0	0	1.91360009590955		
chr18	45558290	45561316	+	mmuCirc_004573	Kcnn2	ITO:ALT_ACCEPTOR:CDS	1	3027	NM_080465	0	0	0.0370238421510704	0.0384588263746862	0.0364535526967181	0.262008890944203	0	0.263857559926422	0.0397775875967117	0.0286723100463043	0;0;2;2;2;8;0;8;1;1	0	0	1.48785485956515		
chr18	46254279	46262957	-	mmuCirc_004574	Pggt1b	CTO:ANNOTATED:CDS	4	399	NM_172627	0	0	0	0.0192294131873431	0	0.0327511113680254	0.0292867224602159	0	0.159110350386847	0.0286723100463043	0;0;0;1;0;1;1;0;4;1	0	0	1.54358570820138		
chr18	46258085	46262957	-	mmuCirc_004575	Pggt1b	CTO:ANNOTATED:CDS	3	353	NM_172627	0	0	0	0	0	0	0	0	0.119332762790135	0.0573446200926087	0;0;0;0;0;0;0;0;3;2	0	0	2.37588178681901		
chr18	49723622	49728459	-	mmuCirc_004576	Dtwd2	CTO:ANNOTATED:CDS	3	379	NM_001170960:NM_026854	0	0	0	0	0	0	0.117146889840864	0.0989465849724082	0.0397775875967117	0.0286723100463043	0;0;0;0;0;0;4;3;1;1	0	0	2.05314946795938		hsaCirc_012599
chr18	49723622	49733161	-	mmuCirc_004577	Dtwd2	CTO:ALT_ACCEPTOR:CDS	3	5081	NM_001170960:NM_026854	0.0179914506425692	0	0.0185119210755352	0.0192294131873431	0.0364535526967181	0.360262225048279	0.0878601673806477	0.164910974954014	0.318220700773694	0.086016930138913	1;0;1;1;2;11;3;5;8;3	0	0	2.40698155016551		
chr18	49912643	49922715	+	mmuCirc_004578	Dmxl1	CTO:ANNOTATED:CDS	5	704	NM_001081371	0.0179914506425692	0	0	0.0192294131873431	0	0.0655022227360508	0.0292867224602159	0.164910974954014	0.159110350386847	0.0286723100463043	1;0;0;1;0;2;1;5;4;1	0	0	1.83083748375264		
chr18	49912643	49939609	+	mmuCirc_004579	Dmxl1	CTO:ANNOTATED:CDS	9	1116	NM_001081371	0	0	0	0.0192294131873431	0	0.0327511113680254	0	0	0.119332762790135	0	0;0;0;1;0;1;0;0;3;0	0	0	1.61386418145355		
chr18	52905805	52907477	+	mmuCirc_004580	Sncaip	CTO:ANNOTATED:CDS	2	1153	NM_001199151:NM_026408:NM_001199153:NM_001199154	0.0179914506425692	0	0.0185119210755352	0	0	0.0327511113680254	0.0878601673806477	0.0989465849724082	0	0.114689240185217	1;0;1;0;0;1;3;3;0;4	0	0	1.82077912919159	rnoCirc_005592	
chr18	53189655	53194593	+	mmuCirc_004581	Snx2	CTO:ANNOTATED:CDS	2	282	NM_026386	0	0	0	0	0	0.0982533341040761	0	0	0	0	0;0;0;0;0;3;0;0;0;0	0	0	2.56380895521826		
chr18	53189655	53203119	+	mmuCirc_004582	Snx2	CTO:ANNOTATED:CDS	6	614	NM_026386	0	0	0	0.0384588263746862	0.018226776348359	0.0655022227360508	0.322153947062375	0.131928779963211	0.198887937983559	0.20070617032413	0;0;0;2;1;2;11;4;5;7	0	0	2.71040601837105		
chr18	53327412	53340234	+	mmuCirc_004583	Snx24	CTO:ANNOTATED:CDS	2	189	NM_029394	0	0	0	0	0	0	0	0.0329821949908028	0.159110350386847	0	0;0;0;0;0;0;0;1;4;0	0	0	2.28414220943394		
chr18	53697595	53706981	-	mmuCirc_004584	Cep120	CTO:ANNOTATED:CDS	3	384	NM_178686	0	0	0	0	0	0.0327511113680254	0	0	0.119332762790135	0	0;0;0;0;0;1;0;0;3;0	0	0	2.09983205897444		
chr18	53895531	53906669	+	mmuCirc_004585	Csnk1g3	CTO:ANNOTATED:CDS:5UTR	3	535	NM_152809	0.0359829012851383	0.0682668390996	0.0370238421510704	0.0961470659367156	0.0546803290450771	0.687773338728533	0.556447726744102	0.395786339889633	0.556886226353964	0.487429270787174	2;4;2;5;3;21;19;12;14;17	0	1	2.86208429487302	rnoCirc_005597	hsaCirc_012613
chr18	54889814	54946808	-	mmuCirc_004586	Zfp608	CTO:ANNOTATED:CDS	7	3626	NM_175751	0	0	0	0	0.018226776348359	0	0	0.0659643899816055	0.119332762790135	0	0;0;0;0;1;0;0;2;3;0	0	0	1.323206081666		hsaCirc_012616
chr18	54946281	54946808	-	mmuCirc_004587	Zfp608	CTO:ALT_DONOR:CDS	1	528	NM_175751	0	0	0.0370238421510704	0	0	0.0982533341040761	0.205007057221511	0.230875364935619	0.23866552558027	0.114689240185217	0;0;2;0;0;3;7;7;6;4	0	0	2.92752390786481		
chr18	54946553	54946808	-	mmuCirc_004588	Zfp608	CTO:ANNOTATED:CDS	1	256	NM_175751	0	0	0	0	0.0729071053934362	0.0655022227360508	0.0878601673806477	0.0989465849724082	0.318220700773694	0.114689240185217	0;0;0;0;4;2;3;3;8;4	0	0	2.34299219293604	rnoCirc_005600	hsaCirc_012619
chr18	54946553	54988706	-	mmuCirc_004589	Zfp608	CTO:ANNOTATED:CDS:5UTR	2	1352	NM_175751	0.0539743519277075	0	0	0	0	0	0	0	0	0	3;0;0;0;0;0;0;0;0;0	0	0	-1.88702515235494		hsaCirc_012620
chr18	54987611	54988706	-	mmuCirc_004590	Zfp608	CTO:ANNOTATED:CDS:5UTR	1	1096	NM_175751	0.0539743519277075	0	0	0	0	0.229257779576178	0.146433612301079	0.263857559926422	0.119332762790135	0.114689240185217	3;0;0;0;0;7;5;8;3;4	0	0	2.83770739651063		
chr18	56728401	56733337	+	mmuCirc_004591	Lmnb1	CTO:ANNOTATED:CDS	4	580	NM_010721	0	0	0	0	0.018226776348359	0	0	0.0659643899816055	0.119332762790135	0.086016930138913	0;0;0;0;1;0;0;2;3;3	0	0	2.12528033702052		
chr18	56807664	56812075	-	mmuCirc_004592	March3	CTO:ANNOTATED:CDS:5UTR	2	449	NM_177115	0.0179914506425692	0.0341334195498	0.0185119210755352	0.153835305498745	0.0364535526967181	0.262008890944203	0.351440669522591	0.296839754917225	1.19332762790135	0.344067720555652	1;2;1;8;2;8;12;9;30;12	0	0	2.8406314727952	rnoCirc_005606	hsaCirc_012627
chr18	57874418	57875022	-	mmuCirc_004593		NTO	1	605		0	0	0	0	0	0	0	0.0989465849724082	0	0	0;0;0;0;0;0;0;3;0;0	0	0	2.57224194660756		
chr18	58148991	58190336	-	mmuCirc_004594	Fbn2	CTO:ANNOTATED:CDS	3	420	NM_010181	0.0179914506425692	0	0.0185119210755352	0.0384588263746862	0.018226776348359	0.0327511113680254	0.0878601673806477	0.131928779963211	0	0	1;0;1;2;1;1;3;4;0;0	0	0	0.480526148703958		
chr18	60270995	60293486	+	mmuCirc_004595	F830016B08Rik	ITO:ALT_ACCEPTOR:5UTR	1	22492	NM_001101475	0	0	0	0	0	0	0	0	0.0397775875967117	0.086016930138913	0;0;0;0;0;0;0;0;1;3	0	0	1.9929137211978		
chr18	60389792	60439498	+	mmuCirc_004596	Iigp1	ITO:ALT_DONOR	1	49707	NM_001146275:NM_021792	0.0539743519277075	0.1536003879741	0.185119210755352	0.0192294131873431	0.0364535526967181	0	0.0585734449204318	0.0659643899816055	0.0795551751934235	0.0573446200926087	3;9;10;1;2;0;2;2;2;2	1	0	-0.497507205501323		
chr18	60603903	60604006	+	mmuCirc_004597	Synpo	AS:CTO	1	104	NM_177340:NM_001109975	0.0179914506425692	0.0170667097749	0.0185119210755352	0.0576882395620293	0.0729071053934362	0.0655022227360508	0.0585734449204318	0.164910974954014	0.0397775875967117	0.172033860277826	1;1;1;3;4;2;2;5;1;6	0	1	1.03741341399252		
chr18	60629452	60630085	-	mmuCirc_004598		NTO	1	634		0	0	0	0.0192294131873431	0	0	0	0.0659643899816055	0.198887937983559	0.0573446200926087	0;0;0;1;0;0;0;2;5;2	0	0	2.17840829989306	rnoCirc_005621	
chr18	60712723	60713632	-	mmuCirc_004599	Ndst1	ITO:ALT_ACCEPTOR:CDS:5UTR	1	910	NM_008306	0	0	0	0	0	0.131004445472102	0.0878601673806477	0	0.23866552558027	0.0573446200926087	0;0;0;0;0;4;3;0;6;2	0	0	2.74798155417531	rnoCirc_005622	
chr18	60985923	60986023	-	mmuCirc_004600	Camk2a	AS:CTO	1	101	NM_177407:NM_001286809:NM_009792	0	0	0.0185119210755352	0.0192294131873431	0	0	0	0	0	0.086016930138913	0;0;1;1;0;0;0;0;0;3	0	0	0.162993973560999		
chr18	61045225	61045332	-	mmuCirc_004601	Pdgfrb	AS:CTO	1	108	NM_001146268:NM_008809	0	0	0	0	0	0	0	0	0.119332762790135	0.0573446200926087	0;0;0;0;0;0;0;0;3;2	0	0	2.37588178681901		
chr18	61140791	61141790	-	mmuCirc_004602	Hmgxb3	CTO:ANNOTATED:CDS	2	317	NM_178277:NM_134134	0.0179914506425692	0.0170667097749	0.0370238421510704	0.0192294131873431	0.018226776348359	0.622271115992482	0.263580502141943	0.527715119852844	0.6762189891441	0.086016930138913	1;1;2;1;1;19;9;16;17;3	0	0	3.17999187377925		
chr18	61140791	61150518	-	mmuCirc_004603	Hmgxb3	CTO:ANNOTATED:CDS	5	897	NM_178277:NM_134134	0	0	0	0	0	0.0327511113680254	0	0.0329821949908028	0	0.086016930138913	0;0;0;0;0;1;0;1;0;3	0	0	1.73697728974547		
chr18	61157343	61157761	-	mmuCirc_004604	Hmgxb3	CTO:ANNOTATED:CDS	1	419	NM_178277:NM_134134	0	0	0.0185119210755352	0	0.018226776348359	0.0982533341040761	0.0292867224602159	0.0989465849724082	0.119332762790135	0.114689240185217	0;0;1;0;1;3;1;3;3;4	0	0	2.02187732833992		
chr18	61315737	61323308	-	mmuCirc_004605	Ppargc1b	CTO:ANNOTATED:CDS	2	387	NM_133249	0.0179914506425692	0	0	0	0	0	0	0.0989465849724082	0.0397775875967117	0	1;0;0;0;0;0;0;3;1;0	0	0	1.07539060763008		
chr18	61517995	61524003	-	mmuCirc_004606	Arhgef37	CTO:ANNOTATED:CDS:5UTR	3	469	NM_177828	0	0	0	0	0	0.0327511113680254	0	0.0659643899816055	0.119332762790135	0.114689240185217	0;0;0;0;0;1;0;2;3;4	0	0	2.26374149404372	rnoCirc_005623	
chr18	61569464	61575549	+	mmuCirc_004607	Csnk1a1	CTO:ANNOTATED:CDS	2	239	NM_146087	0	0	0	0	0	0.0655022227360508	0.0878601673806477	0.0329821949908028	0.159110350386847	0.0286723100463043	0;0;0;0;0;2;3;1;4;1	0	0	2.075687572989		
chr18	61839690	61849424	-	mmuCirc_004608	Ablim3	CTO:ANNOTATED:CDS	3	309	NM_198649:NM_001164491	0	0	0.0185119210755352	0.0384588263746862	0.0546803290450771	0.131004445472102	0.0292867224602159	0.0659643899816055	0.318220700773694	0.0573446200926087	0;0;1;2;3;4;1;2;8;2	0	0	1.59183941682188	rnoCirc_005629	
chr18	61839690	61857185	-	mmuCirc_004609	Ablim3	CTO:ANNOTATED:CDS	5	606	NM_198649:NM_001164491	0.0719658025702766	0.0341334195498	0.092559605377676	0.230752958248117	0.0364535526967181	1.11353778651286	0.702881339045181	0.857537069760872	1.19332762790135	0.372740030601957	4;2;5;12;2;34;24;26;30;13	0	0	3.07971968117849		hsaCirc_012844
chr18	61967989	61978072	+	mmuCirc_004610	Sh3tc2	CTO:ANNOTATED:CDS	6	847	NM_172628	0	0	0	0.0192294131873431	0	0	0.0585734449204318	0.0659643899816055	0.278443113176982	0.0286723100463043	0;0;0;1;0;0;2;2;7;1	0	0	2.07208263115917		
chr18	62080438	62082823	-	mmuCirc_004611		NTO	1	2386		0	0	0	0.0192294131873431	0	0	0	0.0659643899816055	0.0795551751934235	0.114689240185217	0;0;0;1;0;0;0;2;2;4	0	0	2.0662874723128		