chr1	91376318	91381972	-	mmuCirc_000324	Ilkap	CTO:ANNOTATED:CDS	3	324	NM_023343	0.0179914506425692	0	0	0.0576882395620293	0	0.163755556840127	0.234293779681727	0.263857559926422	0.278443113176982	0.229378480370435	1;0;0;3;0;5;8;8;7;8	0	0	3.07030272178711	rnoCirc_012687	
chr1	91376318	91387341	-	mmuCirc_000325	Ilkap	CTO:ANNOTATED:CDS	7	740	NM_023343	0	0	0	0	0	0	0	0.0659643899816055	0.119332762790135	0.0286723100463043	0;0;0;0;0;0;0;2;3;1	0	0	2.06243434552558		
chr1	91384565	91385346	-	mmuCirc_000326	Ilkap	CTO:ANNOTATED:CDS	2	201	NM_023343	0.179914506425692	0.0682668390996	0.351726500435169	0.230752958248117	0.255174868877027	2.39083112986585	2.37222451927749	2.77050437922743	4.415312223235	1.57697705254674	10;4;19;12;14;73;81;84;111;55	1	1	3.58844908957731		
chr1	92054901	92148494	-	mmuCirc_000327	Hdac4	CTO:ALT_ACCEPTOR:CDS:5UTR	2	311	NM_207225	0	0	0	0	0	0	0.0292867224602159	0.0329821949908028	0.198887937983559	0.0286723100463043	0;0;0;0;0;0;1;1;5;1	0	0	1.86048211469345	rnoCirc_012692	
chr1	92141520	92148494	-	mmuCirc_000328	Hdac4	CTO:ALT_DONOR:ALT_ACCEPTOR:CDS:5UTR	1	6975	NM_207225	0	0.0170667097749	0	0.0192294131873431	0.0546803290450771	0.0655022227360508	0.146433612301079	0.164910974954014	0.198887937983559	0.086016930138913	0;1;0;1;3;2;5;5;5;3	0	0	2.09143020228925		
chr1	92148256	92148494	-	mmuCirc_000329	Hdac4	ITO:ALT_ACCEPTOR:CDS:5UTR	1	239	NM_207225	0.0899572532128458	0	0.0740476843021408	0.0384588263746862	0.018226776348359	0.393013336416305	0.468587559363454	0.494732924862041	0.596663813950676	0.229378480370435	5;0;4;2;1;12;16;15;15;8	0	0	3.01536470153477	rnoCirc_012694	
chr1	92148256	92162635	-	mmuCirc_000330	Hdac4	ITO:ALT_ACCEPTOR:CDS:5UTR	1	14380	NM_207225	0	0	0	0	0	0.0327511113680254	0	0.0329821949908028	0.23866552558027	0.0286723100463043	0;0;0;0;0;1;0;1;6;1	0	0	1.94520655842246		
chr1	92452011	92470985	-	mmuCirc_000331	Ndufa10	CTO:ANNOTATED:CDS	8	924	NM_024197	0	0.0170667097749	0	0	0	0.0655022227360508	0	0.0329821949908028	0.318220700773694	0.0286723100463043	0;1;0;0;0;2;0;1;8;1	0	0	1.59486795696992		hsaCirc_009232
chr1	92460380	92470985	-	mmuCirc_000332	Ndufa10	CTO:ANNOTATED:CDS	7	815	NM_024197	0	0	0	0.0192294131873431	0.0364535526967181	0.163755556840127	0.0292867224602159	0.131928779963211	0.23866552558027	0.114689240185217	0;0;0;1;2;5;1;4;6;4	0	0	2.28036335032693		hsaCirc_009233
chr1	92858810	92858927	-	mmuCirc_000333	Gpc1	AS:CTO	1	118	NM_016696	0.0899572532128458	0.0170667097749	0.0740476843021408	0.0192294131873431	0.018226776348359	0.0327511113680254	0.0585734449204318	0.0329821949908028	0	0.114689240185217	5;1;4;1;1;1;2;1;0;4	0	0	0.00828139371549641	rnoCirc_012696	
chr1	92858822	92858923	-	mmuCirc_000334	Gpc1	AS:CTO	1	102	NM_016696	0	0	0.0740476843021408	0.0384588263746862	0.0729071053934362	0.0327511113680254	0	0.0989465849724082	0.0397775875967117	0.114689240185217	0;0;4;2;4;1;0;3;1;4	0	0	0.576502146960917	rnoCirc_012697	
chr1	92858822	92858938	-	mmuCirc_000335	Gpc1	AS:CTO	1	117	NM_016696	0.0179914506425692	0.0341334195498	0.092559605377676	0.0192294131873431	0.018226776348359	0.0655022227360508	0.0292867224602159	0	0	0.0573446200926087	1;2;5;1;1;2;1;0;0;2	0	0	-0.2825737955628	rnoCirc_012698	
chr1	93416501	93417390	-	mmuCirc_000336	Hdlbp	CTO:ANNOTATED:CDS	2	358	NM_001301364:NM_133808	0	0	0	0	0	0.0982533341040761	0	0	0.159110350386847	0	0;0;0;0;0;3;0;0;4;0	0	0	2.86329287998027		
chr1	93428148	93431518	-	mmuCirc_000337	Hdlbp	CTO:ANNOTATED:CDS	5	843	NM_001301364:NM_133808	0.0179914506425692	0.0170667097749	0	0	0	0	0	0.0989465849724082	0	0	1;1;0;0;0;0;0;3;0;0	0	0	0.252147695496293		
chr1	93437094	93442250	-	mmuCirc_000338	Hdlbp	CTO:ANNOTATED:CDS:5UTR	4	552	NM_001301364:NM_133808	0	0	0	0	0.018226776348359	0.0327511113680254	0.146433612301079	0.0989465849724082	0.119332762790135	0.086016930138913	0;0;0;0;1;1;5;3;3;3	0	0	2.26008404126646	rnoCirc_012703	
chr1	93495579	93500559	+	mmuCirc_000339	Sept2	CTO:ANNOTATED:CDS	5	566	NM_001159717:NM_001159718:NM_010891:NM_001159719	0	0	0.0185119210755352	0	0	0	0.0878601673806477	0	0.0795551751934235	0	0;0;1;0;0;0;3;0;2;0	0	0	1.2670938320277		
chr1	93497341	93500559	+	mmuCirc_000340	Sept2	CTO:ANNOTATED:CDS	4	479	NM_001159717:NM_001159718:NM_010891:NM_001159719	0	0.0170667097749	0	0	0	0.0327511113680254	0.146433612301079	0.0989465849724082	0.198887937983559	0.172033860277826	0;1;0;0;0;1;5;3;5;6	0	0	2.57072073119137		
chr1	93714898	93725316	-	mmuCirc_000341	Thap4	CTO:ANNOTATED:CDS	3	374	NM_025920	0.0179914506425692	0	0	0.0192294131873431	0.018226776348359	0.0982533341040761	0.0585734449204318	0.164910974954014	0.198887937983559	0.086016930138913	1;0;0;1;1;3;2;5;5;3	0	0	2.1545517875483		
chr1	93835287	93909289	+	mmuCirc_000342	D2hgdh:Gal3st2	ITO:ALT_DONOR	1	74003	NM_178882:NM_199366	0.377820463493952	0.2730673563984	0.351726500435169	0.192294131873431	0.291628421573745	0.458515559152355	0.64430789412475	0.428768534880436	0.477331051160541	0.258050790416739	21;16;19;10;16;14;22;13;12;9	1	1	0.556492348820606		
chr1	93873590	93938691	+	mmuCirc_000343	Gal3st2:Gm9994	ITO:ANNOTATED:CDS:3UTR	1	65102	NM_199366:NM_001205249	0.0359829012851383	0.0512001293247	0.0185119210755352	0	0.018226776348359	0	0	0	0.0795551751934235	0.086016930138913	2;3;1;0;1;0;0;0;2;3	0	0	-0.0950071342475001		
chr1	93914048	93980416	+	mmuCirc_000344	Gm9994	ITO:ALT_DONOR:ALT_ACCEPTOR:CDS	1	66369	NM_001205249	0.161923055783122	0.1536003879741	0	0.115376479124059	0.218721316180309	0.42576444778433	0	0	0.159110350386847	0.172033860277826	9;9;0;6;12;13;0;0;4;6	0	1	-0.433710042863473		
chr1	97711723	97723834	-	mmuCirc_000345	Ppip5k2	CTO:ANNOTATED:CDS	4	505	NM_173760	0	0	0	0	0	0.131004445472102	0.0585734449204318	0.263857559926422	0	0.0286723100463043	0;0;0;0;0;4;2;8;0;1	0	0	2.50018935992973	rnoCirc_012716	
chr1	97750567	97755971	-	mmuCirc_000346	Ppip5k2	CTO:ANNOTATED:CDS	4	505	NM_173760	0.0179914506425692	0	0	0.0192294131873431	0	0.0327511113680254	0.0292867224602159	0.0659643899816055	0.119332762790135	0.0286723100463043	1;0;0;1;0;1;1;2;3;1	0	0	1.3980186032619		
chr1	97923094	97934738	-	mmuCirc_000347	Pam	CTO:ANNOTATED:CDS	3	258	NM_013626	0	0	0	0	0	0	0	0	0.278443113176982	0	0;0;0;0;0;0;0;0;7;0	0	0	3.89938405767139	rnoCirc_012713	
chr1	105546664	105566250	-	mmuCirc_000348	Pign	CTO:ANNOTATED:CDS	8	595	NM_013784	0.0179914506425692	0	0	0	0.018226776348359	0.0327511113680254	0.117146889840864	0.0989465849724082	0.23866552558027	0.143361550231522	1;0;0;0;1;1;4;3;6;5	0	0	2.32236950640052		hsaCirc_007299
chr1	105640665	105657850	-	mmuCirc_000349	Pign	CTO:ANNOTATED:CDS:5UTR	9	1051	NM_013784	0.0179914506425692	0	0	0	0.018226776348359	0.131004445472102	0	0.0659643899816055	0.0397775875967117	0	1;0;0;0;1;4;0;2;1;0	0	0	1.18490115236008		
chr1	105653104	105656032	-	mmuCirc_000350	Pign	CTO:ANNOTATED:CDS	2	206	NM_013784	0	0	0.0185119210755352	0	0	0.0327511113680254	0.0292867224602159	0	0.119332762790135	0	0;0;1;0;0;1;1;0;3;0	0	0	1.13888951834668		
chr1	105686949	105721415	+	mmuCirc_000351	2310035C23Rik	CTO:ANNOTATED:CDS	14	1734	NM_029349:NM_173187	0.0179914506425692	0	0	0	0	0.0655022227360508	0.117146889840864	0	0.0795551751934235	0.0286723100463043	1;0;0;0;0;2;4;0;2;1	0	0	1.88663367193275		
chr1	105703931	105721415	+	mmuCirc_000352	2310035C23Rik	CTO:ANNOTATED:CDS	6	730	NM_029349:NM_173187	0	0	0	0.0192294131873431	0	0.0655022227360508	0.0292867224602159	0.0659643899816055	0.198887937983559	0	0;0;0;1;0;2;1;2;5;0	0	0	1.99527123146193		
chr1	106000931	106004176	+	mmuCirc_000353	Zcchc2	CTO:ANNOTATED:CDS	2	189	NM_001122675:NM_001122676	0	0	0	0.0192294131873431	0	0	0	0	0.159110350386847	0	0;0;0;1;0;0;0;0;4;0	0	0	2.19084104970051		
chr1	106000931	106006086	+	mmuCirc_000354	Zcchc2	CTO:ANNOTATED:CDS	3	261	NM_001122675:NM_001122676	0	0	0	0.0384588263746862	0.0546803290450771	0.196506668208152	0.0878601673806477	0.197893169944816	0.437553463563829	0.0573446200926087	0;0;0;2;3;6;3;6;11;2	0	0	2.46639982266858	rnoCirc_003039	
chr1	106000931	106011814	+	mmuCirc_000355	Zcchc2	CTO:ANNOTATED:CDS	4	374	NM_001122675:NM_001122676	0	0	0	0	0	0.196506668208152	0.0878601673806477	0.230875364935619	0.517108638757253	0.20070617032413	0;0;0;0;0;6;3;7;13;7	0	0	3.54550516227077		hsaCirc_007303
chr1	106000931	106016093	+	mmuCirc_000356	Zcchc2	CTO:ANNOTATED:CDS	5	469	NM_001122675:NM_001122676	0	0	0	0	0	0.0982533341040761	0.0292867224602159	0.0989465849724082	0.0397775875967117	0.0573446200926087	0;0;0;0;0;3;1;3;1;2	0	0	1.99363111373419		
chr1	106011702	106019905	+	mmuCirc_000357	Zcchc2	CTO:ANNOTATED:CDS	4	350	NM_001122675:NM_001122676	0.0179914506425692	0	0.0555357632266056	0.0384588263746862	0.0364535526967181	0.163755556840127	0.117146889840864	0.131928779963211	0.517108638757253	0.20070617032413	1;0;3;2;2;5;4;4;13;7	0	0	2.245313285645		
chr1	106011702	106023758	+	mmuCirc_000358	Zcchc2	CTO:ANNOTATED:CDS	7	643	NM_001122675:NM_001122676	0	0	0	0.0192294131873431	0	0.0327511113680254	0	0.0329821949908028	0.159110350386847	0	0;0;0;1;0;1;0;1;4;0	0	0	1.66518338429113	rnoCirc_003042	
chr1	106021726	106023758	+	mmuCirc_000359	Zcchc2	CTO:ANNOTATED:CDS	3	293	NM_001122675:NM_001122676	0	0	0	0.0192294131873431	0	0	0.0878601673806477	0.0329821949908028	0.0397775875967117	0.0286723100463043	0;0;0;1;0;0;3;1;1;1	0	0	1.43184201409116		
chr1	106281363	106287116	+	mmuCirc_000360	Phlpp1	CTO:ANNOTATED:CDS	2	323	NM_133821	0.0539743519277075	0	0.0185119210755352	0	0	0.163755556840127	0.146433612301079	0.263857559926422	0.357998288370406	0.114689240185217	3;0;1;0;0;5;5;8;9;4	0	0	2.84864528099493	rnoCirc_003044	
chr1	106281363	106319015	+	mmuCirc_000361	Phlpp1	CTO:ANNOTATED:CDS	3	490	NM_133821	0	0	0	0	0	0	0	0.0329821949908028	0.119332762790135	0	0;0;0;0;0;0;0;1;3;0	0	0	2.10298512151359	rnoCirc_003045	hsaCirc_007309
chr1	106364241	106380422	+	mmuCirc_000362	Phlpp1	CTO:ANNOTATED:CDS	4	600	NM_133821	0	0	0	0	0	0	0	0.0989465849724082	0.0795551751934235	0	0;0;0;0;0;0;0;3;2;0	0	0	2.44386913018087	rnoCirc_003049	
chr1	106364241	106386521	+	mmuCirc_000363	Phlpp1	CTO:ANNOTATED:CDS	5	795	NM_133821	0	0	0	0	0.018226776348359	0	0.0585734449204318	0.0989465849724082	0	0	0;0;0;0;1;0;2;3;0;0	0	0	1.20390007254728		
chr1	106376161	106380422	+	mmuCirc_000364	Phlpp1	CTO:ANNOTATED:CDS	2	236	NM_133821	0	0	0	0.0384588263746862	0	0.0982533341040761	0.0585734449204318	0.0989465849724082	0.198887937983559	0.0286723100463043	0;0;0;2;0;3;2;3;5;1	0	0	2.05957872985725		
chr1	106596272	106597716	-	mmuCirc_000365	Bcl2	INTRONIC	1	1445	NM_009741	0	0	0	0	0	0	0	0.0989465849724082	0	0	0;0;0;0;0;0;0;3;0;0	0	0	2.57224194660756		
chr1	108028760	108030557	+	mmuCirc_000366		NTO	1	1798		0	0.0170667097749	0.0185119210755352	0	0	0.0655022227360508	0	0.0989465849724082	0.0795551751934235	0	0;1;1;0;0;2;0;3;2;0	0	0	1.28706775877049		
chr1	110919548	110932265	-	mmuCirc_000367	Cdh19	CTO:ANNOTATED:CDS	5	846	NM_001081386	0	0	0	0	0	0	0.0585734449204318	0.164910974954014	0	0	0;0;0;0;0;0;2;5;0;0	0	0	2.59140038212899	rnoCirc_003051	
chr1	118419440	118419918	+	mmuCirc_000368	Clasp1	CTO:ANNOTATED:CDS:5UTR	1	479	NM_001293300:NM_001293301:NM_029709	0	0.0341334195498	0	0	0.0911338817417952	0.196506668208152	0.175720334761295	0.428768534880436	0.994439689917794	0.430084650694565	0;2;0;0;5;6;6;13;25;15	0	0	3.4921756660076	rnoCirc_003054	hsaCirc_008527
chr1	118508815	118525455	+	mmuCirc_000369	Clasp1	CTO:ANNOTATED:CDS	7	707	NM_001293300:NM_001293301:NM_029709	0.0179914506425692	0	0.0185119210755352	0.0192294131873431	0	0.327511113680254	0.0585734449204318	0.263857559926422	0.119332762790135	0.114689240185217	1;0;1;1;0;10;2;8;3;4	0	0	2.52584679373399		
chr1	118521827	118525455	+	mmuCirc_000370	Clasp1	CTO:ANNOTATED:CDS	3	294	NM_001293300:NM_001293301:NM_029709	0	0	0.0185119210755352	0.0192294131873431	0.018226776348359	0.131004445472102	0.0585734449204318	0.131928779963211	0.119332762790135	0.114689240185217	0;0;1;1;1;4;2;4;3;4	0	0	2.10321703033643		
chr1	118521827	118552156	+	mmuCirc_000371	Clasp1	CTO:ANNOTATED:CDS	11	1229	NM_001293300:NM_001293301:NM_029709	0.0179914506425692	0	0.0370238421510704	0	0.018226776348359	0	0	0.0659643899816055	0.119332762790135	0.086016930138913	1;0;2;0;1;0;0;2;3;3	0	0	0.984650240647374		
chr1	118525297	118539369	+	mmuCirc_000372	Clasp1	CTO:ANNOTATED:CDS	3	371	NM_001293300:NM_001293301:NM_029709	0	0	0	0	0	0	0	0.0329821949908028	0.119332762790135	0	0;0;0;0;0;0;0;1;3;0	0	0	2.10298512151359		
chr1	118539266	118552156	+	mmuCirc_000373	Clasp1	CTO:ANNOTATED:CDS	7	827	NM_001293300:NM_001293301:NM_029709	0.0359829012851383	0	0	0	0	0	0	0.131928779963211	0.119332762790135	0.143361550231522	2;0;0;0;0;0;0;4;3;5	0	0	1.81769905279967	rnoCirc_003056	hsaCirc_008520
chr1	118539266	118570999	+	mmuCirc_000374	Clasp1	CTO:ANNOTATED:CDS	11	1346	NM_001293300:NM_001293301:NM_029709	0	0.0170667097749	0.0185119210755352	0.0192294131873431	0.018226776348359	0.131004445472102	0.0292867224602159	0.0989465849724082	0.0397775875967117	0.0286723100463043	0;1;1;1;1;4;1;3;1;1	0	0	1.18214351706221		hsaCirc_008516
chr1	118543102	118543346	+	mmuCirc_000375	Clasp1	CTO:ANNOTATED:CDS	1	245	NM_001293300:NM_001293301:NM_029709	0.0359829012851383	0	0.0370238421510704	0	0.018226776348359	0.0655022227360508	0.0292867224602159	0.197893169944816	0.119332762790135	0.114689240185217	2;0;2;0;1;2;1;6;3;4	0	0	1.69272006412609		
chr1	118543102	118548028	+	mmuCirc_000376	Clasp1	CTO:ANNOTATED:CDS	3	476	NM_001293300:NM_001293301:NM_029709	0.0359829012851383	0.0170667097749	0.0185119210755352	0.0961470659367156	0	0.655022227360508	0.146433612301079	0.296839754917225	0.596663813950676	0.20070617032413	2;1;1;5;0;20;5;9;15;7	0	0	2.934318123489		
chr1	118543102	118552156	+	mmuCirc_000377	Clasp1	CTO:ANNOTATED:CDS	5	699	NM_001293300:NM_001293301:NM_029709	0.0539743519277075	0	0.185119210755352	0.0576882395620293	0.0729071053934362	1.11353778651286	0.49787428182367	1.2533234096505	0.556886226353964	0.487429270787174	3;0;10;3;4;34;17;38;14;17	0	1	3.32162449972808	rnoCirc_003058	
chr1	118543102	118555386	+	mmuCirc_000378	Clasp1	CTO:ALT_DONOR:CDS	5	3929	NM_001293300:NM_001293301:NM_029709	0.0539743519277075	0.1365336781992	0.0740476843021408	0.0769176527493725	0.0546803290450771	0.687773338728533	0.205007057221511	1.41823438460452	1.15355004030464	0.401412340648261	3;8;4;4;3;21;7;43;29;14	1	1	2.76217171177153		
chr1	118543102	118581463	+	mmuCirc_000379	Clasp1	CTO:ANNOTATED:CDS	11	1653	NM_001293300:NM_001293301:NM_029709	0.0359829012851383	0	0	0	0.018226776348359	0.0327511113680254	0	0.0329821949908028	0.119332762790135	0.086016930138913	2;0;0;0;1;1;0;1;3;3	0	0	1.39795617476544		
chr1	118543102	118590549	+	mmuCirc_000380	Clasp1	CTO:ANNOTATED:CDS	12	1782	NM_001293300:NM_001293301:NM_029709	0	0	0.0370238421510704	0	0.018226776348359	0.0655022227360508	0.0878601673806477	0.0329821949908028	0.159110350386847	0	0;0;2;0;1;2;3;1;4;0	0	0	1.32983756498872		
chr1	118547865	118552156	+	mmuCirc_000381	Clasp1	CTO:ANNOTATED:CDS	3	387	NM_001293300:NM_001293301:NM_029709	0	0	0.0185119210755352	0.0384588263746862	0	0.0982533341040761	0	0.0989465849724082	0.159110350386847	0.0286723100463043	0;0;1;2;0;3;0;3;4;1	0	0	1.77230074969184		
chr1	118551087	118552156	+	mmuCirc_000382	Clasp1	CTO:ANNOTATED:CDS	2	223	NM_001293300:NM_001293301:NM_029709	0	0	0	0.0384588263746862	0	0.0327511113680254	0.0292867224602159	0.197893169944816	0.198887937983559	0.0286723100463043	0;0;0;2;0;1;1;6;5;1	0	0	1.86675010748866		
chr1	118570849	118581463	+	mmuCirc_000383	Clasp1	CTO:ANNOTATED:CDS	3	586	NM_001293300:NM_001293301:NM_029709	0	0	0	0	0	0	0.117146889840864	0	0.0795551751934235	0	0;0;0;0;0;0;4;0;2;0	0	0	2.5465731571855		
chr1	119548894	119579077	-	mmuCirc_000384	Epb4.1l5	CTO:ALT_DONOR:CDS:3UTR	9	1097	NM_145506	0.0359829012851383	0.0170667097749	0	0	0	0.0655022227360508	0.0292867224602159	0.164910974954014	0	0	2;1;0;0;0;2;1;5;0;0	0	0	1.41026986832769		
chr1	119567796	119579077	-	mmuCirc_000385	Epb4.1l5	CTO:ANNOTATED:CDS	4	456	NM_145506	0.0179914506425692	0	0	0	0.0364535526967181	0.294760002312228	0.0585734449204318	0.461750729871238	0.318220700773694	0.143361550231522	1;0;0;0;2;9;2;14;8;5	0	0	3.04551750400368	rnoCirc_003064	hsaCirc_008509
chr1	119599005	119609286	-	mmuCirc_000386	Epb4.1l5	CTO:ANNOTATED:CDS	5	461	NM_145506:NM_001113416	0	0	0.0370238421510704	0.0192294131873431	0.018226776348359	0.0655022227360508	0.117146889840864	0.131928779963211	0.159110350386847	0.20070617032413	0;0;2;1;1;2;4;4;4;7	0	0	2.20153650474514		
chr1	119599005	119642658	-	mmuCirc_000387	Epb4.1l5	CTO:ANNOTATED:CDS:5UTR	15	1336	NM_145506:NM_001113416	0	0	0	0	0	0	0.0878601673806477	0	0.0397775875967117	0	0;0;0;0;0;0;3;0;1;0	0	0	2.00534747449988		
chr1	119667514	119692909	-	mmuCirc_000388	Ptpn4	CTO:ANNOTATED:CDS	11	1339	NM_019933	0.0539743519277075	0.0170667097749	0.0185119210755352	0	0	0.196506668208152	0.0292867224602159	0.263857559926422	0.0397775875967117	0.20070617032413	3;1;1;0;0;6;1;8;1;7	0	0	1.97716785847475		
chr1	119706155	119765922	-	mmuCirc_000389	Ptpn4	CTO:ANNOTATED:CDS	10	987	NM_019933	0	0	0	0	0	0.0982533341040761	0	0	0	0.0286723100463043	0;0;0;0;0;3;0;0;0;1	0	0	1.92345510174967		
chr1	119715947	119743439	-	mmuCirc_000390	Ptpn4	CTO:ANNOTATED:CDS	5	483	NM_019933	0	0	0.0370238421510704	0.0192294131873431	0.018226776348359	0.163755556840127	0.175720334761295	0.0989465849724082	0.159110350386847	0.114689240185217	0;0;2;1;1;5;6;3;4;4	0	0	2.3117869253895		