chr1	155868671	155872069	-	mmuCirc_000525	Cep350	CTO:ANNOTATED:CDS	2	298	NM_001039184	0	0	0	0	0	0	0	0	0.159110350386847	0	0;0;0;0;0;0;0;0;4;0	0	0	3.16277680474228		
chr1	155909204	155922500	-	mmuCirc_000526	Cep350	CTO:ANNOTATED:CDS	7	1069	NM_001039184	0	0	0	0	0	0	0	0	0.159110350386847	0.0286723100463043	0;0;0;0;0;0;0;0;4;1	0	0	2.22293902651168		
chr1	155940717	155962560	-	mmuCirc_000527	Cep350	CTO:ANNOTATED:CDS:5UTR	7	1244	NM_001039184	0	0	0	0	0	0.131004445472102	0.0585734449204318	0.0989465849724082	0.0397775875967117	0.0573446200926087	0;0;0;0;0;4;2;3;1;2	0	0	2.19874169981384		hsaCirc_001169
chr1	155953154	155962560	-	mmuCirc_000528	Cep350	CTO:ANNOTATED:CDS:5UTR	5	1016	NM_001039184	0.0899572532128458	0.170667097749	0.0740476843021408	0.249982371435461	0.0364535526967181	0.753275561464584	0.410014114443022	1.71507413952174	1.11377245270793	0.802824681296522	5;10;4;13;2;23;14;52;28;28	1	0	2.82569436555456	rnoCirc_003233	hsaCirc_001167
chr1	155958561	155962560	-	mmuCirc_000529	Cep350	CTO:ANNOTATED:CDS:5UTR	4	402	NM_001039184	0.107948703855415	0.0512001293247	0.0555357632266056	0.211523545060774	0.127587434438513	0.753275561464584	0.937175118726908	1.78103852950335	2.50598801859284	0.630790821018696	6;3;3;11;7;23;32;54;63;22	1	1	3.30160291284424		hsaCirc_001166
chr1	156022300	156033800	-	mmuCirc_000530	Tor1aip1	CTO:ANNOTATED:CDS:5UTR	5	300	NM_001160019:NM_001160018:NM_144791	0	0.0170667097749	0	0	0	0	0.0585734449204318	0.131928779963211	0.0795551751934235	0.0286723100463043	0;1;0;0;0;0;2;4;2;1	0	0	1.90195964938288		
chr1	156439288	156439782	-	mmuCirc_000531	Soat1	CTO:ANNOTATED:CDS	2	128	NM_009230	0	0	0	0.0384588263746862	0	0	0.0878601673806477	0.0659643899816055	0	0	0;0;0;2;0;0;3;2;0;0	0	0	0.995802855439564	rnoCirc_003238	
chr1	156439288	156440585	-	mmuCirc_000532	Soat1	CTO:ANNOTATED:CDS	3	207	NM_009230	0	0	0	0	0.018226776348359	0	0.0878601673806477	0.0329821949908028	0.119332762790135	0.0286723100463043	0;0;0;0;1;0;3;1;3;1	0	0	1.74639455516959		hsaCirc_001158
chr1	156698727	156706167	-	mmuCirc_000533	Fam20b	CTO:ANNOTATED:CDS:5UTR	3	697	NM_145413	0.0179914506425692	0	0	0.0192294131873431	0	0	0	0	0.119332762790135	0	1;0;0;1;0;0;0;0;3;0	0	0	0.451426036905218		hsaCirc_001150
chr1	156869441	156907718	-	mmuCirc_000534	Ralgps2	CTO:ANNOTATED:CDS:5UTR	8	735	NM_001159966:NM_001159965:NM_001159967:NM_001159968:NM_023884:NR_027640	0	0.0341334195498	0	0	0.0546803290450771	0	0.0878601673806477	0.0329821949908028	0.0397775875967117	0.0573446200926087	0;2;0;0;3;0;3;1;1;2	0	0	1.00756392481951		
chr1	156869441	156907778	-	mmuCirc_000535	Ralgps2	CTO:ANNOTATED:CDS:5UTR	8	795	NM_001159966:NM_001159965:NM_001159967:NM_001159968:NM_023884:NR_027640	0.0179914506425692	0	0	0.0192294131873431	0.0546803290450771	0.0327511113680254	0	0.0329821949908028	0.159110350386847	0.114689240185217	1;0;0;1;3;1;0;1;4;4	0	0	1.23017744187374		
chr1	156900586	156907778	-	mmuCirc_000536	Ralgps2	CTO:ANNOTATED:CDS:5UTR	3	296	NM_001159966:NM_001159965:NM_001159967:NM_001159968:NM_023884:NR_027640	0.0359829012851383	0	0	0.0192294131873431	0	0.0655022227360508	0.117146889840864	0.0659643899816055	0.23866552558027	0.172033860277826	2;0;0;1;0;2;4;2;6;6	0	0	2.29534675346511		
chr1	157146190	157158837	-	mmuCirc_000537	Rasal2	CTO:ALT_ACCEPTOR:CDS	5	1467	NM_177644	0	0	0	0	0	0.0327511113680254	0.0292867224602159	0	0.159110350386847	0	0;0;0;0;0;1;1;0;4;0	0	0	1.95439244652207	rnoCirc_003244	hsaCirc_001149
chr1	157174143	157179252	-	mmuCirc_000538	Rasal2	CTO:ANNOTATED:CDS	4	953	NM_177644	0	0.0170667097749	0.0185119210755352	0	0.018226776348359	0.163755556840127	0.0585734449204318	0.164910974954014	0.278443113176982	0.143361550231522	0;1;1;0;1;5;2;5;7;5	0	0	2.50837693164515		
chr1	157174143	157192856	-	mmuCirc_000539	Rasal2	CTO:ANNOTATED:CDS	5	1063	NM_177644	0	0	0	0	0	0	0	0.0329821949908028	0	0.086016930138913	0;0;0;0;0;0;0;1;0;3	0	0	1.90586519009457		
chr1	157286731	157299264	-	mmuCirc_000540	Rasal2	CTO:ANNOTATED:CDS	2	252	NM_177644	0.0539743519277075	0.0341334195498	0.0185119210755352	0.0384588263746862	0.0364535526967181	0.294760002312228	0.351440669522591	0.36280414489883	0.596663813950676	0.372740030601957	3;2;1;2;2;9;12;11;15;13	0	0	2.87567095475917	rnoCirc_003249	hsaCirc_001148
chr1	159340283	159340422	-	mmuCirc_000541	Rfwd2	AS:CTO	1	140	NM_011931	0.197905957068261	0.0512001293247	0.111071526453211	0.269211784622804	0.127587434438513	0.0655022227360508	0	0	0	0	11;3;6;14;7;2;0;0;0;0	1	1	-2.52627730037064		
chr1	160226485	160231867	-	mmuCirc_000542	Rabgap1l	CTO:ANNOTATED:CDS	2	270	NM_001038621	0.0179914506425692	0.0341334195498	0	0	0	0.0655022227360508	0.0585734449204318	0.0329821949908028	0.0795551751934235	0.086016930138913	1;2;0;0;0;2;2;1;2;3	0	0	1.56700722178629		
chr1	160627215	160724189	-	mmuCirc_000543	Rabgap1l	CTO:ANNOTATED:CDS	8	993	NM_013862	0	0	0	0	0.018226776348359	0.0655022227360508	0	0.131928779963211	0.0397775875967117	0	0;0;0;0;1;2;0;4;1;0	0	0	1.41657658484909		
chr1	160682041	160702460	-	mmuCirc_000544	Rabgap1l	CTO:ANNOTATED:CDS	3	412	NM_013862	0	0.0341334195498	0	0.0961470659367156	0.0546803290450771	0.0655022227360508	0.351440669522591	0.461750729871238	0.198887937983559	0.172033860277826	0;2;0;5;3;2;12;14;5;6	0	1	2.34830350034915	rnoCirc_003267	hsaCirc_001130
chr1	160682041	160724189	-	mmuCirc_000545	Rabgap1l	CTO:ANNOTATED:CDS	6	748	NM_013862	0	0	0	0	0	0.0655022227360508	0.0292867224602159	0.164910974954014	0.0397775875967117	0.086016930138913	0;0;0;0;0;2;1;5;1;3	0	0	2.11834947264532	rnoCirc_003269	
chr1	160700712	160702460	-	mmuCirc_000546	Rabgap1l	CTO:ANNOTATED:CDS	2	270	NM_013862	0.161923055783122	0.0682668390996	0.0555357632266056	0.0576882395620293	0.0546803290450771	0.818777784200635	1.08360873102799	1.41823438460452	2.54576560618955	0.946186231528043	9;4;3;3;3;25;37;43;64;33	1	1	3.767843854726		
chr1	160700712	160710213	-	mmuCirc_000547	Rabgap1l	CTO:ANNOTATED:CDS	3	337	NM_013862	0.0179914506425692	0	0.0185119210755352	0.0192294131873431	0	0.0982533341040761	0.0292867224602159	0.0329821949908028	0.278443113176982	0.0286723100463043	1;0;1;1;0;3;1;1;7;1	0	0	1.52201705512861	rnoCirc_003270	hsaCirc_001127
chr1	160700712	160724189	-	mmuCirc_000548	Rabgap1l	CTO:ANNOTATED:CDS	5	606	NM_013862	0	0	0.0185119210755352	0	0.0546803290450771	0.393013336416305	0.117146889840864	0.36280414489883	0.397775875967117	0.114689240185217	0;0;1;0;3;12;4;11;10;4	0	0	3.13889752325768	rnoCirc_003271	hsaCirc_001125
chr1	160700712	160740931	-	mmuCirc_000549	Rabgap1l	CTO:ANNOTATED:CDS:5UTR	9	1365	NM_013862	0.0179914506425692	0	0	0	0.0546803290450771	0	0.0292867224602159	0.0989465849724082	0	0	1;0;0;0;3;0;1;3;0;0	0	0	0.261759477043455		
chr1	160710147	160740931	-	mmuCirc_000550	Rabgap1l	CTO:ANNOTATED:CDS:5UTR	7	1095	NM_013862	0.0179914506425692	0.0512001293247	0.0185119210755352	0	0	0.0327511113680254	0	0.0329821949908028	0.0795551751934235	0	1;3;1;0;0;1;0;1;2;0	0	0	0.354336416224679		
chr1	160722133	160740931	-	mmuCirc_000551	Rabgap1l	CTO:ANNOTATED:CDS:5UTR	6	1028	NM_013862	0.0179914506425692	0.0512001293247	0.0555357632266056	0	0.0546803290450771	0.327511113680254	0.146433612301079	0.59367950983445	0.278443113176982	0.258050790416739	1;3;3;0;3;10;5;18;7;9	0	0	2.64729868383597		
chr1	160733529	160740931	-	mmuCirc_000552	Rabgap1l	CTO:ANNOTATED:CDS:5UTR	4	759	NM_013862	0	0	0.0185119210755352	0	0	0.131004445472102	0.0585734449204318	0.0329821949908028	0.0397775875967117	0	0;0;1;0;0;4;2;1;1;0	0	0	1.732592032878		
chr1	160738896	160740931	-	mmuCirc_000553	Rabgap1l	CTO:ANNOTATED:CDS:5UTR	2	373	NM_013862	0	0	0	0	0	0	0	0.0989465849724082	0	0.0286723100463043	0;0;0;0;0;0;0;3;0;1	0	0	1.92767159744432	rnoCirc_003274	
chr1	161037316	161037504	+	mmuCirc_000554	Gas5	CTO:ncRNA	1	189	NR_002840	0	0.0170667097749	0	0	0	0.131004445472102	0.0585734449204318	0.0659643899816055	0	0	0;1;0;0;0;4;2;2;0;0	0	0	2.03472534357263		
chr1	161093681	161095737	-	mmuCirc_000555	Klhl20	CTO:ANNOTATED:CDS	2	316	NM_001039482	0.0179914506425692	0.0170667097749	0.0185119210755352	0	0	0.0655022227360508	0.0292867224602159	0.0659643899816055	0.119332762790135	0	1;1;1;0;0;2;1;2;3;0	0	0	1.38506470218578		
chr1	161098263	161099285	-	mmuCirc_000556	Klhl20	CTO:ANNOTATED:CDS	2	278	NM_001039482	0.0179914506425692	0	0	0.0384588263746862	0.018226776348359	0.0655022227360508	0.0292867224602159	0.0329821949908028	0.198887937983559	0.086016930138913	1;0;0;2;1;2;1;1;5;3	0	0	1.4506665385189		
chr1	161241636	161247413	-	mmuCirc_000557	Prdx6	CTO:ALT_DONOR:CDS:3UTR	4	665	NM_007453	0	0	0	0	0	0.0655022227360508	0	0.0989465849724082	0.0397775875967117	0.0573446200926087	0;0;0;0;0;2;0;3;1;2	0	0	2.04977737320109		
chr1	162231654	162313696	-	mmuCirc_000558	Dnm3	CTO:ANNOTATED:CDS	7	667	NM_001038619:NM_172646	0.0179914506425692	0	0.0185119210755352	0.0192294131873431	0	0	0	0	0.0795551751934235	0.143361550231522	1;0;1;1;0;0;0;0;2;5	0	0	0.625644306291571		
chr1	162285997	162313696	-	mmuCirc_000559	Dnm3	CTO:ANNOTATED:CDS	5	501	NM_001038619:NM_172646	0.0179914506425692	0	0	0	0	0.163755556840127	0.0292867224602159	0.164910974954014	0.318220700773694	0.258050790416739	1;0;0;0;0;5;1;5;8;9	0	0	2.93223375187828		
chr1	162295552	162313696	-	mmuCirc_000560	Dnm3	CTO:ANNOTATED:CDS	4	430	NM_001038619:NM_172646	0	0	0	0	0.018226776348359	0.196506668208152	0.0878601673806477	0.428768534880436	0.556886226353964	0.114689240185217	0;0;0;0;1;6;3;13;14;4	0	0	3.40450470325816		
chr1	162307868	162313696	-	mmuCirc_000561	Dnm3	CTO:ANNOTATED:CDS	3	343	NM_001038619:NM_172646	0	0	0.0185119210755352	0	0.0364535526967181	0.196506668208152	0	0.230875364935619	0.0397775875967117	0.0286723100463043	0;0;1;0;2;6;0;7;1;1	0	0	1.87639372975527		
chr1	162353520	162355509	-	mmuCirc_000562	Dnm3	CTO:ANNOTATED:CDS	2	354	NM_001038619:NM_172646	0	0	0.0185119210755352	0.0384588263746862	0.018226776348359	0.0655022227360508	0	0.0989465849724082	0.119332762790135	0	0;0;1;2;1;2;0;3;3;0	0	0	1.0103392503145		
chr1	162715392	162716361	-	mmuCirc_000563	Prrc2c	CTO:ANNOTATED:CDS	3	305	NM_001081290	0.0179914506425692	0.0170667097749	0.0185119210755352	0	0	0.0982533341040761	0.0585734449204318	0.131928779963211	0.0397775875967117	0	1;1;1;0;0;3;2;4;1;0	0	0	1.57041869416461		
chr1	163253977	163262015	-	mmuCirc_000564	Prrx1	CTO:ANNOTATED:CDS:3UTR	3	430	NM_011127:NM_175686	0	0	0	0	0	0	0.0585734449204318	0.0659643899816055	0.119332762790135	0	0;0;0;0;0;0;2;2;3;0	0	0	2.29274786754252		hsaCirc_001099
chr1	163257761	163262015	-	mmuCirc_000565	Prrx1	CTO:ANNOTATED:CDS	2	358	NM_011127:NM_175686:NM_001025570	0	0	0	0.0769176527493725	0.0364535526967181	0.262008890944203	0.0292867224602159	0.0659643899816055	0.0397775875967117	0.0573446200926087	0;0;0;4;2;8;1;2;1;2	0	0	1.39593774589124	rnoCirc_003286	hsaCirc_001098
chr1	163825688	163829295	+	mmuCirc_000566	Kifap3	CTO:ANNOTATED:CDS	2	342	NM_010629	0.0359829012851383	0	0	0.0192294131873431	0.018226776348359	0.0655022227360508	0.0878601673806477	0.230875364935619	0.278443113176982	0	2;0;0;1;1;2;3;7;7;0	0	0	1.73676592128823		
chr1	163883383	163888305	+	mmuCirc_000567	Kifap3	CTO:ANNOTATED:CDS	2	290	NM_010629	0	0	0	0	0.0364535526967181	0.163755556840127	0	0.230875364935619	0.357998288370406	0	0;0;0;0;2;5;0;7;9;0	0	0	2.39796457507797	rnoCirc_003288	hsaCirc_001094
chr1	163933479	163934817	+	mmuCirc_000568	Scyl3	CTO:ANNOTATED:CDS:5UTR	2	401	NM_001286002:NM_001286003:NM_028776	0	0.0170667097749	0	0	0	0.131004445472102	0	0.296839754917225	0.318220700773694	0.086016930138913	0;1;0;0;0;4;0;9;8;3	0	0	2.4996384683506		
chr1	164340729	164347879	+	mmuCirc_000569	Nme7	CTO:ANNOTATED:CDS	4	476	NM_178071:NM_001293313:NM_138314	0	0	0	0	0.018226776348359	0.0982533341040761	0	0	0.0397775875967117	0.0573446200926087	0;0;0;0;1;3;0;0;1;2	0	0	1.72004367766303	rnoCirc_003290	
chr1	165333289	165357546	-	mmuCirc_000570	Dcaf6	CTO:ANNOTATED:CDS	8	1191	NM_028759	0	0	0	0.0192294131873431	0.0546803290450771	0.0982533341040761	0.0292867224602159	0.0329821949908028	0.0397775875967117	0	0;0;0;1;3;3;1;1;1;0	0	0	0.795491250449953	rnoCirc_003297	hsaCirc_001082
chr1	165336745	165357546	-	mmuCirc_000571	Dcaf6	CTO:ANNOTATED:CDS	7	1085	NM_028759	0	0	0.0370238421510704	0.0384588263746862	0	0.0327511113680254	0.0878601673806477	0.0989465849724082	0.0397775875967117	0.0286723100463043	0;0;2;2;0;1;3;3;1;1	0	0	1.24125070375399	rnoCirc_003298	
chr1	165350884	165357546	-	mmuCirc_000572	Dcaf6	CTO:ANNOTATED:CDS	4	700	NM_028759	0.0359829012851383	0.0170667097749	0.0370238421510704	0	0.0729071053934362	0.294760002312228	0.263580502141943	0.659643899816055	0.517108638757253	0.286723100463044	2;1;2;0;4;9;9;20;13;10	0	0	3.09442326682714	rnoCirc_003300	hsaCirc_001081
chr1	165357429	165367505	-	mmuCirc_000573	Dcaf6	CTO:ALT_ACCEPTOR:CDS	1	10077	NM_028759	0.0179914506425692	0	0	0.0192294131873431	0	0.0327511113680254	0	0.0329821949908028	0.198887937983559	0.0286723100463043	1;0;0;1;0;1;0;1;5;1	0	0	1.41058008673832		
chr1	165388658	165392232	-	mmuCirc_000574	Dcaf6	CTO:ANNOTATED:CDS	3	472	NM_028759	0	0	0	0.0384588263746862	0	0.0655022227360508	0.0585734449204318	0	0.119332762790135	0.0286723100463043	0;0;0;2;0;2;2;0;3;1	0	0	1.65153668772496	rnoCirc_003304	hsaCirc_001075
chr1	165388658	165399868	-	mmuCirc_000575	Dcaf6	CTO:ANNOTATED:CDS	4	687	NM_028759	0	0.0341334195498	0.0185119210755352	0	0.018226776348359	0.229257779576178	0.175720334761295	0.131928779963211	0.23866552558027	0	0;2;1;0;1;7;6;4;6;0	0	0	2.04644387677962		
chr1	165388658	165411599	-	mmuCirc_000576	Dcaf6	CTO:ANNOTATED:CDS	5	823	NM_028759	0	0.0170667097749	0.0185119210755352	0	0.018226776348359	0.163755556840127	0	0.0659643899816055	0.159110350386847	0.0286723100463043	0;1;1;0;1;5;0;2;4;1	0	0	1.39586409837435		
chr1	165388658	165429315	-	mmuCirc_000577	Dcaf6	CTO:ANNOTATED:CDS	9	1278	NM_028759	0	0	0.0185119210755352	0	0	0	0	0.0659643899816055	0.159110350386847	0.0286723100463043	0;0;1;0;0;0;0;2;4;1	0	0	1.86810404069288	rnoCirc_003305	
chr1	165399654	165429315	-	mmuCirc_000578	Dcaf6	CTO:ANNOTATED:CDS	6	806	NM_028759	0	0.0170667097749	0	0	0	0.0982533341040761	0.0585734449204318	0.0989465849724082	0.119332762790135	0.0573446200926087	0;1;0;0;0;3;2;3;3;2	0	0	2.19434644594529	rnoCirc_003311	
chr1	165411464	165424394	-	mmuCirc_000579	Dcaf6	CTO:ANNOTATED:CDS	4	529	NM_028759	0	0	0	0.0192294131873431	0.018226776348359	0.0655022227360508	0.0878601673806477	0.0989465849724082	0.0397775875967117	0.0573446200926087	0;0;0;1;1;2;3;3;1;2	0	0	1.74473609342653		
chr1	165411464	165429315	-	mmuCirc_000580	Dcaf6	CTO:ANNOTATED:CDS	5	591	NM_028759	0	0.0170667097749	0	0.0384588263746862	0	0.196506668208152	0.0585734449204318	0.263857559926422	0.159110350386847	0.315395410509348	0;1;0;2;0;6;2;8;4;11	0	0	2.80609990997353	rnoCirc_003312	
chr1	165420111	165424394	-	mmuCirc_000581	Dcaf6	CTO:ANNOTATED:CDS	3	393	NM_028759	0	0	0	0.0192294131873431	0.018226776348359	0.262008890944203	0.0292867224602159	0.131928779963211	0.0397775875967117	0	0;0;0;1;1;8;1;4;1;0	0	0	1.54345528946664		
chr1	165420111	165429315	-	mmuCirc_000582	Dcaf6	CTO:ANNOTATED:CDS	4	455	NM_028759	0	0	0.0185119210755352	0	0	0.131004445472102	0.0878601673806477	0.428768534880436	0.357998288370406	0.258050790416739	0;0;1;0;0;4;3;13;9;9	0	0	3.38555764998871		
chr1	165422856	165429315	-	mmuCirc_000583	Dcaf6	CTO:ANNOTATED:CDS	3	341	NM_028759	0	0	0	0	0	0	0	0.197893169944816	0.0795551751934235	0	0;0;0;0;0;0;0;6;2;0	0	0	2.88052269162253		
chr1	165601750	165608604	-	mmuCirc_000584	Mpzl1	CTO:ANNOTATED:CDS	4	620	NM_001001880:NM_001083897	0.0179914506425692	0.0170667097749	0.0185119210755352	0.0576882395620293	0.0364535526967181	0.163755556840127	0.146433612301079	0.329821949908027	0.556886226353964	0.258050790416739	1;1;1;3;2;5;5;10;14;9	0	0	2.56335334071938	rnoCirc_003314	hsaCirc_001071
chr1	165604610	165608604	-	mmuCirc_000585	Mpzl1	CTO:ANNOTATED:CDS	3	514	NM_001001880:NM_001083897	0.0359829012851383	0.0170667097749	0.0555357632266056	0.0384588263746862	0.0729071053934362	0.393013336416305	0.234293779681727	0.72560828979766	0.715996576740811	0.315395410509348	2;1;3;2;4;12;8;22;18;11	0	0	2.89416498701287	rnoCirc_003315	
chr1	165655305	165665050	-	mmuCirc_000586	Rcsd1	CTO:ANNOTATED:CDS	5	1200	NM_001038846:NM_178593	0	0	0.0555357632266056	0	0	0.0655022227360508	0.0585734449204318	0.0329821949908028	0	0.0573446200926087	0;0;3;0;0;2;2;1;0;2	0	0	1.3774131081283		
chr1	165911288	165913349	-	mmuCirc_000587	Pou2f1	CTO:ANNOTATED:CDS	2	312	NM_198933:NM_198934:NM_011137:NM_198932	0	0	0	0	0	0.131004445472102	0.0585734449204318	0.0659643899816055	0.159110350386847	0.0286723100463043	0;0;0;0;0;4;2;2;4;1	0	0	2.28803562876211		
chr1	165945902	165952856	-	mmuCirc_000588	Pou2f1	INTRONIC	1	6955	NM_011137:NM_198932	0	0	0	0	0	0	0.117146889840864	0.0329821949908028	0.0397775875967117	0	0;0;0;0;0;0;4;1;1;0	0	0	1.92092076369149	rnoCirc_003321	
chr1	167225592	167237648	-	mmuCirc_000589	Uck2	ITO:ALT_DONOR:CDS:3UTR	1	12057	NM_030724	0	0	0	0	0	0	0	0	0.119332762790135	0	0;0;0;0;0;0;0;0;3;0	0	0	2.80046262890159		
chr1	167234692	167237648	-	mmuCirc_000590	Uck2	CTO:ANNOTATED:CDS	3	400	NM_030724	0.0359829012851383	0.0341334195498	0.0370238421510704	0.134605892311402	0	0.131004445472102	0.117146889840864	0.197893169944816	0.357998288370406	0.315395410509348	2;2;2;7;0;4;4;6;9;11	0	0	2.0128445197169	rnoCirc_003322	
chr1	167314107	167319329	+	mmuCirc_000591	Tmco1	CTO:ANNOTATED:CDS	3	175	NM_001039483	0	0.0170667097749	0	0	0	0.0327511113680254	0.0585734449204318	0.0329821949908028	0.0795551751934235	0.086016930138913	0;1;0;0;0;1;2;1;2;3	0	0	1.72206918745064	rnoCirc_003324	