chr17	28428352	28441053	-	mmuCirc_004009	Fkbp5	CTO:ANNOTATED:CDS:5UTR	4	529	NM_010220	0.0539743519277075	0.0170667097749	0.092559605377676	0.0576882395620293	0.018226776348359	0.393013336416305	0.322153947062375	0.428768534880436	0.357998288370406	0.143361550231522	3;1;5;3;1;12;11;13;9;5	0	0	2.41216957510858	rnoCirc_007237	hsaCirc_013159
chr17	28507236	28507469	-	mmuCirc_004010		NTO	1	234		0	0	0	0.0384588263746862	0	0.163755556840127	0.0585734449204318	0.36280414489883	0.357998288370406	0.114689240185217	0;0;0;2;0;5;2;11;9;4	0	0	2.97534839262135		
chr17	28713774	28715441	+	mmuCirc_004011	Mapk14	CTO:ANNOTATED:CDS:5UTR	2	189	NM_001168508:NM_001168514:NM_011951:NM_001168513	0.0179914506425692	0	0	0	0	0.0982533341040761	0.175720334761295	0.197893169944816	0.23866552558027	0.143361550231522	1;0;0;0;0;3;6;6;6;5	0	0	3.0194834828211	rnoCirc_007209	
chr17	28713793	28728975	+	mmuCirc_004012	Mapk14	CTO:ALT_ACCEPTOR:CDS:5UTR	7	547	NM_001168508:NM_001168514:NM_011951:NM_001168513	0.0179914506425692	0	0	0.0384588263746862	0	0.131004445472102	0.0878601673806477	0.197893169944816	0.119332762790135	0.0286723100463043	1;0;0;2;0;4;3;6;3;1	0	0	2.08072533412201		
chr17	28716361	28728975	+	mmuCirc_004013	Mapk14	CTO:ALT_ACCEPTOR:CDS	5	8760	NM_001168508:NM_001168514:NM_011951:NM_001168513	0	0	0.0370238421510704	0.0384588263746862	0.018226776348359	0	0.0585734449204318	0.230875364935619	0	0.086016930138913	0;0;2;2;1;0;2;7;0;3	0	0	1.00889845700597		
chr17	28724744	28737090	+	mmuCirc_004014	Mapk14	CTO:ANNOTATED:CDS	6	457	NM_001168508:NM_001168514:NM_011951:NM_001168513	0	0	0	0	0	0.0327511113680254	0	0.0329821949908028	0.119332762790135	0	0;0;0;0;0;1;0;1;3;0	0	0	1.86839057735816		
chr17	28805929	28807399	+	mmuCirc_004015	Brpf3	CTO:ANNOTATED:CDS:5UTR	1	1471	NM_001081315	0	0	0	0	0	0.0655022227360508	0.0585734449204318	0.0989465849724082	0.119332762790135	0.0286723100463043	0;0;0;0;0;2;2;3;3;1	0	0	2.14516191265009	rnoCirc_007220	
chr17	28805929	28810669	+	mmuCirc_004016	Brpf3	CTO:ANNOTATED:CDS:5UTR	2	1628	NM_001081315	0.0359829012851383	0	0	0	0	0.196506668208152	0.0585734449204318	0.0659643899816055	0.159110350386847	0.143361550231522	2;0;0;0;0;6;2;2;4;5	0	0	2.44438152674967		
chr17	28988178	28992468	-	mmuCirc_004017	Stk38	CTO:ANNOTATED:CDS	3	259	NM_134115	0	0	0	0	0.0364535526967181	0.0655022227360508	0	0.0329821949908028	0.119332762790135	0	0;0;0;0;2;2;0;1;3;0	0	0	1.20121694839844	rnoCirc_007224	
chr17	28991298	28992468	-	mmuCirc_004018	Stk38	CTO:ANNOTATED:CDS	2	175	NM_134115	0	0	0	0.0192294131873431	0	0.0655022227360508	0.0292867224602159	0.164910974954014	0.0397775875967117	0.0286723100463043	0;0;0;1;0;2;1;5;1;1	0	0	1.69933801808047		
chr17	29000009	29000911	-	mmuCirc_004019	Stk38	CTO:ALT_ACCEPTOR:CDS:5UTR	1	903	NM_134115	0	0	0	0	0.018226776348359	0.0327511113680254	0.0585734449204318	0.164910974954014	0.0795551751934235	0	0;0;0;0;1;1;2;5;2;0	0	0	1.59258300475236		
chr17	30135323	30153368	+	mmuCirc_004020	Zfand3	CTO:ALT_DONOR:CDS	1	18046	NM_148926	0.0179914506425692	0.0170667097749	0	0.0192294131873431	0	0.327511113680254	0.117146889840864	0.230875364935619	0.318220700773694	0.258050790416739	1;1;0;1;0;10;4;7;8;9	0	0	3.12699421862318	rnoCirc_007240	
chr17	30135323	30192730	+	mmuCirc_004021	Zfand3	CTO:ANNOTATED:CDS	2	351	NM_148926	0	0	0	0	0	0	0.0292867224602159	0.0329821949908028	0.278443113176982	0.086016930138913	0;0;0;0;0;0;1;1;7;3	0	0	2.25307837090929	rnoCirc_007241	
chr17	30513556	30530365	-	mmuCirc_004022	Btbd9	CTO:ANNOTATED:CDS:5UTR	5	1181	NM_027060:NM_172618	0	0	0	0	0	0.131004445472102	0	0.197893169944816	0.159110350386847	0.172033860277826	0;0;0;0;0;4;0;6;4;6	0	0	3.19703345051632	rnoCirc_007242	hsaCirc_013190
chr17	30524713	30530365	-	mmuCirc_004023	Btbd9	CTO:ANNOTATED:CDS:5UTR	3	841	NM_027060:NM_172618	0	0.0170667097749	0	0.0384588263746862	0.018226776348359	0	0.0585734449204318	0.0659643899816055	0.119332762790135	0.0573446200926087	0;1;0;2;1;0;2;2;3;2	0	0	1.36435401956349		
chr17	30787145	30790982	+	mmuCirc_004024	Dnah8	CTO:ANNOTATED:CDS	2	312	NM_013811	0	0	0	0	0	0	0	0.131928779963211	0.0397775875967117	0	0;0;0;0;0;0;0;4;1;0	0	0	2.25246397878285		
chr17	31414101	31420288	+	mmuCirc_004025	Pde9a	CTO:ANNOTATED:CDS	3	193	NM_001163748:NM_008804	0	0	0	0	0	0.0982533341040761	0.0292867224602159	0.0659643899816055	0.0397775875967117	0.0573446200926087	0;0;0;0;0;3;1;2;1;2	0	0	1.89993055629148		
chr17	31583696	31592275	+	mmuCirc_004026	Pknox1	CTO:ANNOTATED:CDS:5UTR	4	579	NM_016670:NR_027493	0	0	0	0	0	0.0327511113680254	0.0585734449204318	0	0.119332762790135	0	0;0;0;0;0;1;2;0;3;0	0	0	2.05790197742693	rnoCirc_007245	
chr17	31583696	31603359	+	mmuCirc_004027	Pknox1	CTO:ANNOTATED:CDS:5UTR	9	1156	NM_016670:NR_027493	0	0	0	0	0	0	0	0.0329821949908028	0	0.086016930138913	0;0;0;0;0;0;0;1;0;3	0	0	1.90586519009457		
chr17	31596796	31603359	+	mmuCirc_004028	Pknox1	CTO:ANNOTATED:CDS	4	477	NM_016670:NR_027493	0	0	0	0	0	0.0327511113680254	0.0585734449204318	0.0659643899816055	0.159110350386847	0.0573446200926087	0;0;0;0;0;1;2;2;4;2	0	0	2.11821204245039		
chr17	32155958	32156407	-	mmuCirc_004029	Notch3	CTO:ANNOTATED:CDS	2	342	NM_008716	0.0359829012851383	0.0170667097749	0	0.0192294131873431	0	0.0655022227360508	0.0292867224602159	0	0	0.086016930138913	2;1;0;1;0;2;1;0;0;3	0	0	0.614084416519696		
chr17	32229417	32253200	-	mmuCirc_004030	Brd4	CTO:ANNOTATED:CDS:5UTR	2	523	NM_001286630:NM_020508:NM_198094	0.0179914506425692	0	0.0185119210755352	0.0192294131873431	0	0.0327511113680254	0	0.0329821949908028	0.119332762790135	0.114689240185217	1;0;1;1;0;1;0;1;3;4	0	0	1.37845469636912		
chr17	32332479	32338823	-	mmuCirc_004031	Akap8l	CTO:ANNOTATED:CDS	10	1448	NM_017476	0	0	0	0	0.018226776348359	0.131004445472102	0.0292867224602159	0.0659643899816055	0.0397775875967117	0.0573446200926087	0;0;0;0;1;4;1;2;1;2	0	0	1.78355588000055		
chr17	32542738	32625266	+	mmuCirc_004032	Cyp4f16:Cyp4f37	ITO:ANNOTATED	1	82529	NM_024442:NM_001100187	0.0179914506425692	0.0170667097749	0.0370238421510704	0.0384588263746862	0.0364535526967181	0	0.0292867224602159	0.0329821949908028	0.0397775875967117	0.086016930138913	1;1;2;2;2;0;1;1;1;3	0	0	0.0641369506903277		
chr17	32544883	32629156	+	mmuCirc_004033	Cyp4f16:Cyp4f37	ITO:ANNOTATED	1	84274	NM_024442:NM_001100187	0.125940154497984	0.0682668390996	0.111071526453211	0.0576882395620293	0.0911338817417952	0.131004445472102	0.0292867224602159	0.263857559926422	0.318220700773694	0.172033860277826	7;4;6;3;5;4;1;8;8;6	1	1	0.646922665857144		
chr17	32550732	32634493	+	mmuCirc_004034	Cyp4f16:Cyp4f37	ITO:ANNOTATED	1	83762	NM_024442:NM_001100187	0.0719658025702766	0.0341334195498	0.129583447528746	0.0576882395620293	0.0546803290450771	0.131004445472102	0.0585734449204318	0	0.0397775875967117	0.0286723100463043	4;2;7;3;3;4;2;0;1;1	0	1	-0.529130660555731		
chr17	32774441	32777527	-	mmuCirc_004035	Zfp871	CTO:ALT_DONOR:CDS	3	1756	NM_172458	0	0	0	0	0	0	0	0.0329821949908028	0	0.143361550231522	0;0;0;0;0;0;0;1;0;5	0	0	2.21775208548382		
chr17	33583685	33583976	+	mmuCirc_004036	Myo1f	CTO:ANNOTATED:CDS	2	168	NM_053214	0	0	0.0370238421510704	0	0	0	0	0.164910974954014	0.119332762790135	0.0286723100463043	0;0;2;0;0;0;0;5;3;1	0	0	1.92691919289535	rnoCirc_010904	hsaCirc_007414
chr17	33658388	33665645	-	mmuCirc_004037	Hnrnpm	CTO:ANNOTATED:CDS	6	490	NM_001109913:NM_029804	0	0	0	0	0	0	0	0	0.119332762790135	0	0;0;0;0;0;0;0;0;3;0	0	0	2.80046262890159		
chr17	34679861	34680586	+	mmuCirc_004038	Tnxb	INTRONIC	1	726	NM_031176	0	0	0	0	0	0	0	0	0.0397775875967117	0.086016930138913	0;0;0;0;0;0;0;0;1;3	0	0	1.9929137211978		
chr17	34689324	34709699	+	mmuCirc_004039	Tnxb	CTO:ALT_DONOR:CDS	7	15711	NM_031176	0.0179914506425692	0	0	0	0.0546803290450771	0	0	0.36280414489883	0.0795551751934235	0	1;0;0;0;3;0;0;11;2;0	0	0	0.93690694386198	rnoCirc_007172	
chr17	34696537	34711024	+	mmuCirc_004040	Tnxb	INTRONIC	1	14488	NM_031176	0.21589740771083	0.1365336781992	0.166607289679817	0.173064718686088	0.473896185057335	0.786026672832609	0.673594616584965	1.31928779963211	1.23310521549806	1.08954778175957	12;8;9;9;26;24;23;40;31;38	1	1	2.12594391319492		
chr17	34698093	34710394	+	mmuCirc_004041	Tnxb	INTRONIC	1	12302	NM_031176	0.0899572532128458	0.1194669684243	0.296190737208563	0.326900024184833	0.200494539831949	0.458515559152355	0.410014114443022	0.59367950983445	0.556886226353964	1.20423702194478	5;7;16;17;11;14;14;18;14;42	1	1	1.5819217715081	rnoCirc_007180	
chr17	34698872	34709699	+	mmuCirc_004042	Tnxb	INTRONIC	1	10828	NM_031176	0.413803364779091	0.2389339368486	0.555357632266056	0.211523545060774	0.400989079663899	0.85152889556866	0.49787428182367	1.68209194453094	1.3524379782882	1.43361550231522	23;14;30;11;22;26;17;51;34;50	1	1	1.5853208619845	rnoCirc_007182	
chr17	34709379	34711757	+	mmuCirc_004043	Tnxb	CTO:ALT_ACCEPTOR:CDS	1	2379	NM_031176	0.395811914136521	0.2389339368486	0.721964921945873	0.249982371435461	0.546803290450771	0.655022227360508	0.322153947062375	1.05543023970569	1.11377245270793	1.26158164203739	22;14;39;13;30;20;11;32;28;44	1	1	0.976751170608377	rnoCirc_007188	
chr17	34713512	34795874	+	mmuCirc_004044	Tnxb	ITO:ALT_DONOR:CDS:3UTR	1	82363	NM_031176	0.305854660923676	0.1877338075239	0.351726500435169	0.211523545060774	0.255174868877027	0.556768893256432	0.615021171664534	1.1873590196689	1.11377245270793	0.688135441111304	17;11;19;11;14;17;21;36;28;24	1	1	1.55819031790676		
chr17	34715683	34797443	+	mmuCirc_004045	Tnxb	ITO:ALT_DONOR:CDS:3UTR	1	81761	NM_031176	0.377820463493952	0.341334195498	0.536845711190521	0.55765298243295	0.801978159327798	0.917031118304711	0.878601673806477	1.48419877458612	1.82976902944874	2.12175094342652	21;20;29;29;44;28;30;45;46;74	1	1	1.40893240465153		
chr17	34716301	34798563	+	mmuCirc_004046	Tnxb	ITO:ALT_DONOR:CDS:3UTR	1	82263	NM_031176	0.413803364779091	0.1877338075239	0.777500685172479	0.788405940681068	0.674390724889285	0.753275561464584	0.732168061505397	1.61612755454933	1.55132591627176	2.03573401328761	23;11;42;41;37;23;25;49;39;71	1	1	1.25033052151817		
chr17	34717123	34799571	+	mmuCirc_004047	Tnxb	ITO:ALT_DONOR:CDS:3UTR	1	82449	NM_031176	0.953546884056165	0.8021353594203	1.51797752819389	1.30760009673933	1.85913118753262	1.99781779344955	1.02503528610756	3.89189900891472	3.57998288370406	3.38333258546391	53;47;82;68;102;61;35;118;90;118	1	1	1.00809276290628		
chr17	34718818	34800727	+	mmuCirc_004048	Tnxb	ITO:ALT_DONOR:CDS:3UTR	1	81910	NM_031176	0.701666575060197	0.512001293247	0.758988764096944	0.634570635182323	0.656163948540926	0.753275561464584	0.585734449204318	1.55016316456773	1.94910179223888	0.774152371250217	39;30;41;33;36;23;20;47;49;27	1	1	0.623821120031045		
chr17	34719061	34800975	+	mmuCirc_004049	Tnxb	ITO:ALT_DONOR:CDS:3UTR	1	81915	NM_031176	1.49329040333324	1.3994702015418	1.85119210755352	1.90371190554697	2.6246557941637	2.62008890944203	2.72366518880008	3.85891681392392	3.77887082168762	2.80988638453783	83;82;100;99;144;80;93;117;95;98	1	1	0.776937548003396		
chr17	34719526	34801220	+	mmuCirc_004050	Tnxb	ITO:ALT_DONOR:CDS:3UTR	1	81695	NM_031176	0.539743519277075	0.5290680030219	0.796012606248014	0.711488287931695	0.820204935676157	0.556768893256432	0.907888396266692	1.38525218961372	1.55132591627176	1.17556471189848	30;31;43;37;45;17;31;42;39;41	1	1	0.639262888112829		
chr17	34729182	34809608	-	mmuCirc_004051	C4b:Cyp21a1:C4a	ITO:ANNOTATED	1	80427	NM_009780:NM_009995:NM_011413	0.0539743519277075	0.0853335488745	0.333214579359634	0.230752958248117	0.346308750618822	0	0	0.131928779963211	0.119332762790135	0.258050790416739	3;5;18;12;19;0;0;4;3;9	1	1	-1.34930237563351		
chr17	34729400	34809976	-	mmuCirc_004052	C4b:Cyp21a1:C4a	ITO:ANNOTATED	1	80577	NM_009780:NM_009995:NM_011413	0.107948703855415	0.0682668390996	0.370238421510704	0.134605892311402	0.273401645225386	0.0655022227360508	0	0.263857559926422	0	0.229378480370435	6;4;20;7;15;2;0;8;0;8	1	1	-1.27353105667544		
chr17	34729576	34810209	-	mmuCirc_004053	C4b:Cyp21a1:C4a	ITO:ANNOTATED	1	80634	NM_009780:NM_009995:NM_011413	0.0179914506425692	0	0.296190737208563	0.0769176527493725	0.236948092528668	0	0	0.164910974954014	0	0.0573446200926087	1;0;16;4;13;0;0;5;0;2	0	1	-1.42712565164774		
chr17	34729804	34810376	-	mmuCirc_004054	C4b:Cyp21a1:C4a	ITO:ANNOTATED	1	80573	NM_009780:NM_009995:NM_011413	0.0719658025702766	0.1194669684243	0.870060290550155	0.442276503308892	0.692617501237644	0.131004445472102	0	0.395786339889633	0.198887937983559	0.229378480370435	4;7;47;23;38;4;0;12;5;8	1	1	-1.1555690334066		
chr17	34730624	34811188	-	mmuCirc_004055	C4b:Cyp21a1:C4a	ITO:ANNOTATED	1	80565	NM_009780:NM_009995:NM_011413	0.0179914506425692	0	0.555357632266056	0.230752958248117	0.291628421573745	0	0	0.36280414489883	0.0795551751934235	0.114689240185217	1;0;30;12;16;0;0;11;2;4	0	1	-1.01410451358569		
chr17	34730809	34811408	-	mmuCirc_004056	C4b:Cyp21a1:C4a	ITO:ANNOTATED	1	80600	NM_009780:NM_009995:NM_011413	0.0179914506425692	0.0682668390996	0.647917237643732	0.365358850559519	0.364535526967181	0	0.0878601673806477	0.329821949908027	0.119332762790135	0.258050790416739	1;4;35;19;20;0;3;10;3;9	0	1	-0.700988208391969		
chr17	34732724	34812882	-	mmuCirc_004057	C4b:Cyp21a1:C4a	ITO:ANNOTATED	1	80159	NM_009780:NM_009995:NM_011413	0.233888858353399	0.2218672270737	1.27732255421193	0.499964742870921	0.838431712024516	0.294760002312228	0	0.989465849724082	0.875106927127658	1.31892626213	13;13;69;26;46;9;0;30;22;46	1	1	-0.444617181594182		
chr17	34732973	34813557	-	mmuCirc_004058	C4b:Cyp21a1:C4a	ITO:ANNOTATED	1	80585	NM_009780:NM_009995:NM_011413	0.0359829012851383	0.1024002586494	0.999643738078901	0.384588263746862	0.619710395844208	0.131004445472102	0.0585734449204318	0.494732924862041	0.517108638757253	0.659463131065	2;6;54;20;34;4;2;15;13;23	0	1	0.0603213155600719		
chr17	34733660	34814233	-	mmuCirc_004059	C4b:Cyp21a1:C4a	ITO:ANNOTATED	1	80574	NM_009780:NM_009995:NM_011413	0	0.170667097749	0.777500685172479	0.288441197810147	0.473896185057335	0.0655022227360508	0.175720334761295	1.2533234096505	0.437553463563829	0.802824681296522	0;10;42;15;26;2;6;38;11;28	0	1	0.822812599731712		hsaCirc_013135
chr17	34734132	34814688	-	mmuCirc_004060	C4b:Cyp21a1:C4a	ITO:ANNOTATED	1	80557	NM_009780:NM_009995:NM_011413	0.0539743519277075	0.1024002586494	0.796012606248014	0.249982371435461	0.56503006679913	0.196506668208152	0.263580502141943	1.51718096957693	0.477331051160541	0.831496991342826	3;6;43;13;31;6;9;46;12;29	1	1	1.01958435476241		
chr17	34735404	34815573	-	mmuCirc_004061	C4b:Cyp21a1:C4a	ITO:ANNOTATED	1	80170	NM_009780:NM_009995:NM_011413	0.0539743519277075	0.0341334195498	0.148095368604282	0.0769176527493725	0.0729071053934362	0.0655022227360508	0	0.59367950983445	0.278443113176982	0.372740030601957	3;2;8;4;4;2;0;18;7;13	0	1	0.868592218618829		
chr17	34736895	34817288	-	mmuCirc_004062	C4b:Cyp21a1:C4a	ITO:ANNOTATED	1	80394	NM_009780:NM_009995:NM_011413	0.305854660923676	0.1365336781992	0.740476843021408	0.403817676934205	0.492122961405694	0.360262225048279	0.175720334761295	1.94594950445736	0.715996576740811	0.946186231528043	17;8;40;21;27;11;6;59;18;33	1	1	0.72548059101113		
chr17	34737633	34817615	-	mmuCirc_004063	C4b:Cyp21a1:C4a	ITO:ANNOTATED	1	79983	NM_009780:NM_009995:NM_011413	0.0899572532128458	0.0682668390996	0.388750342586239	0.153835305498745	0.273401645225386	0	0.117146889840864	1.08841243469649	0.477331051160541	0.544773890879783	5;4;21;8;15;0;4;33;12;19	1	1	0.415478475659485		
chr17	34738843	34817954	-	mmuCirc_004064	C4b:Cyp21a1:C4a	ITO:ANNOTATED	1	79112	NM_009780:NM_009995:NM_011413	0.0179914506425692	0.0341334195498	0.185119210755352	0.211523545060774	0.255174868877027	0	0.117146889840864	0.527715119852844	0.198887937983559	0.573446200926087	1;2;10;11;14;0;4;16;5;20	0	1	0.572044167049766		
chr17	34739936	34819364	-	mmuCirc_004065	C4b:Cyp21a1:C4a	ITO:ANNOTATED	1	79429	NM_009780:NM_009995:NM_011413	0	0	0.0740476843021408	0.0769176527493725	0.0546803290450771	0	0	0.131928779963211	0.159110350386847	0.172033860277826	0;0;4;4;3;0;0;4;4;6	0	1	0.980169575580485		
chr17	34740267	34819644	-	mmuCirc_004066	C4b:Cyp21a1:C4a	ITO:ANNOTATED	1	79378	NM_009780:NM_009995:NM_011413	0.0179914506425692	0.0853335488745	0.185119210755352	0.0769176527493725	0.145814210786872	0	0.0292867224602159	0.36280414489883	0.318220700773694	0.344067720555652	1;5;10;4;8;0;1;11;8;12	0	1	0.363309549143156		
chr17	34740962	34820163	-	mmuCirc_004067	C4b:Cyp21a1:C4a	ITO:ANNOTATED	1	79202	NM_009780:NM_009995:NM_011413	0	0.0512001293247	0	0.326900024184833	0.218721316180309	0	0.234293779681727	1.05543023970569	0.835329339530947	0.831496991342826	0;3;0;17;12;0;8;32;21;29	0	1	2.68048716597121		
chr17	34742364	34821648	-	mmuCirc_004068	C4b:Cyp21a1:C4a	ITO:ANNOTATED	1	79285	NM_009780:NM_009995:NM_011413	0.0719658025702766	0.0853335488745	0.518333790114986	0.403817676934205	0.346308750618822	0.229257779576178	0.146433612301079	1.2533234096505	1.11377245270793	1.08954778175957	4;5;28;21;19;7;5;38;28;38	1	1	1.27178642669138		
chr17	34743762	34823240	-	mmuCirc_004069	C4b:Cyp21a1:C4a	ITO:ANNOTATED	1	79479	NM_009780:NM_009995:NM_011413	0.0359829012851383	0	0.111071526453211	0.0769176527493725	0	0.0655022227360508	0.0585734449204318	0.428768534880436	0	0.258050790416739	2;0;6;4;0;2;2;13;0;9	0	0	1.17623035297958		
chr17	35013265	35013747	+	mmuCirc_004070	Vars	CTO:ANNOTATED:CDS	2	231	NM_011690	0	0.0170667097749	0.0185119210755352	0	0.0364535526967181	0.262008890944203	0.117146889840864	0.494732924862041	0.477331051160541	0.229378480370435	0;1;1;0;2;8;4;15;12;8	0	0	3.24499541110048	rnoCirc_007195	
chr17	35102704	35102930	-	mmuCirc_004071	Abhd16a	AS:CTO	1	227	NM_178592	0	0	0.0370238421510704	0.134605892311402	0.0729071053934362	0	0	0	0	0	0;0;2;7;4;0;0;0;0;0	0	1	-2.22595919442951		
chr17	35266187	35323339	+	mmuCirc_004072	H2-D1:H2-L:H2-Q1	ITO:ANNOTATED	1	57153	NM_010380:NM_001267808:NM_010390	0.269871759638537	0.1877338075239	0.518333790114986	0.442276503308892	0.400989079663899	0.262008890944203	0.0878601673806477	0.164910974954014	0.23866552558027	0.659463131065	15;11;28;23;22;8;3;5;6;23	1	1	-0.53479478097282		
chr17	35266187	35345030	+	mmuCirc_004073	H2-D1:H2-L:H2-Q1:H2-Q2	ITO:ANNOTATED	1	78844	NM_010380:NM_001267808:NM_010390:NM_010392	0.107948703855415	0.0341334195498	0.092559605377676	0.115376479124059	0.164040987135231	0.0982533341040761	0	0.0659643899816055	0.198887937983559	0.114689240185217	6;2;5;6;9;3;0;2;5;4	0	1	-0.339251889779931		
chr17	35382858	35471101	+	mmuCirc_004074	H2-Q4:H2-Q5:H2-Q8:H2-Q6:H2-Q7:H2-Q9:H2-Q10	ITO:ANNOTATED	1	88244	NM_001143689:NR_051981:NM_023124:NM_207648:NM_001198560:NM_001198561:NM_010394:NM_001201460:NM_010391	0	0	0.0185119210755352	0	0.018226776348359	0.0655022227360508	0.0878601673806477	0.164910974954014	0.159110350386847	0.114689240185217	0;0;1;0;1;2;3;5;4;4	0	0	2.35405240353198		
chr17	35383261	35428139	+	mmuCirc_004075	H2-Q4:H2-Q5:H2-Q8:H2-Q6	ITO:ANNOTATED	1	44879	NM_001143689:NR_051981:NM_023124:NM_207648	0	0	0	0	0	0	0	0.0989465849724082	0	0	0;0;0;0;0;0;0;3;0;0	0	0	2.57224194660756		