chr3	101425451	101427440	+	mmuCirc_006220	Igsf3	CTO:ANNOTATED:CDS	2	789	NM_207205	0	0	0	0	0	0	0	0	0.119332762790135	0	0;0;0;0;0;0;0;0;3;0	0	0	2.80046262890159		
chr3	101589006	101591474	-	mmuCirc_006221	Atp1a1	CTO:ANNOTATED:CDS	5	831	NM_144900	0	0	0	0	0	0.0655022227360508	0	0.0989465849724082	0.0397775875967117	0	0;0;0;0;0;2;0;3;1;0	0	0	2.08260284935597		
chr3	101595007	101595108	-	mmuCirc_006222	Atp1a1	CTO:ALT_DONOR:CDS	1	102	NM_144900	0.0359829012851383	0.0170667097749	0	0	0	0	0.0878601673806477	0.0989465849724082	0.0795551751934235	0.0573446200926087	2;1;0;0;0;0;3;3;2;2	0	0	1.37900383238359		
chr3	101897110	101898069	-	mmuCirc_006223	Slc22a15	CTO:ANNOTATED:CDS	2	298	NM_001039371	0	0	0	0.0192294131873431	0	0.0982533341040761	0	0.197893169944816	0.159110350386847	0.0573446200926087	0;0;0;1;0;3;0;6;4;2	0	0	2.53787500478652		
chr3	102110240	102119990	+	mmuCirc_006224	Casq2	CTO:ANNOTATED:CDS	4	372	NM_009814	0	0	0	0.0384588263746862	0.0364535526967181	0.262008890944203	0.175720334761295	0.329821949908027	0.556886226353964	0.0573446200926087	0;0;0;2;2;8;6;10;14;2	0	0	2.99879400410232		
chr3	102110240	102127986	+	mmuCirc_006225	Casq2	CTO:ANNOTATED:CDS	6	549	NM_009814	0	0	0	0	0	0.0655022227360508	0	0	0.119332762790135	0	0;0;0;0;0;2;0;0;3;0	0	0	2.44821227701495		
chr3	102110240	102133431	+	mmuCirc_006226	Casq2	CTO:ANNOTATED:CDS	7	604	NM_009814	0	0	0	0.0192294131873431	0.0364535526967181	0.0655022227360508	0.0292867224602159	0.131928779963211	0.198887937983559	0.143361550231522	0;0;0;1;2;2;1;4;5;5	0	0	2.06712024599352		
chr3	103038692	103041242	+	mmuCirc_006227	Csde1	CTO:ANNOTATED:CDS	4	500	NM_001161854:NM_144901	0	0.0170667097749	0	0.0192294131873431	0	0.131004445472102	0.0878601673806477	0.0659643899816055	0.0397775875967117	0	0;1;0;1;0;4;3;2;1;0	0	0	1.79222335258599		
chr3	103156802	103163096	+	mmuCirc_006228	Dennd2c	CTO:ANNOTATED:CDS	4	475	NM_177857	0	0	0	0	0	0.0982533341040761	0	0	0.0397775875967117	0.0286723100463043	0;0;0;0;0;3;0;0;1;1	0	0	1.80883829327713		
chr3	103310309	103311513	+	mmuCirc_006229	Mir3473f:Trim33	CTO:ncRNA	3	397	NR_106164:NM_001079830:NM_053170	0.0359829012851383	0.0341334195498	0.0740476843021408	0.0384588263746862	0.0546803290450771	0.556768893256432	0.322153947062375	0.36280414489883	0.954662102321082	0.372740030601957	2;2;4;2;3;17;11;11;24;13	0	0	2.90086306522216	rnoCirc_006879	hsaCirc_000883
chr3	103324645	103326909	+	mmuCirc_006230	Mir3473f:Trim33	CTO:ncRNA	3	380	NR_106164:NM_001079830:NM_053170	0	0.0170667097749	0	0.0769176527493725	0	0.0655022227360508	0.0878601673806477	0.0989465849724082	0.278443113176982	0.172033860277826	0;1;0;4;0;2;3;3;7;6	0	0	2.21901669764501	rnoCirc_006881	
chr3	103326088	103329312	+	mmuCirc_006231	Mir3473f:Trim33	CTO:ncRNA	3	540	NR_106164:NM_001079830:NM_053170	0	0	0.0185119210755352	0.0192294131873431	0	0	0.0292867224602159	0	0.278443113176982	0.0573446200926087	0;0;1;1;0;0;1;0;7;2	0	0	1.30866080070098		
chr3	103330080	103331807	+	mmuCirc_006232	Mir3473f:Trim33	CTO:ncRNA	2	363	NR_106164:NM_001079830:NM_053170	0	0	0	0.0192294131873431	0.018226776348359	0.131004445472102	0.205007057221511	0.0989465849724082	0.119332762790135	0.0286723100463043	0;0;0;1;1;4;7;3;3;1	0	0	2.23154079777617		
chr3	103769398	103778299	-	mmuCirc_006233	Hipk1	CTO:ANNOTATED:CDS:5UTR	2	1202	NM_001301306:NM_010432:NM_001301304:NR_125731	0	0	0.0185119210755352	0	0	0	0.0585734449204318	0.131928779963211	0.119332762790135	0	0;0;1;0;0;0;2;4;3;0	0	0	2.25150754470946		
chr3	103928351	103930154	+	mmuCirc_006234	Rsbn1	CTO:ALT_DONOR:CDS	1	1804	NM_172684	0	0	0.0370238421510704	0	0.018226776348359	0.0327511113680254	0.0585734449204318	0	0.119332762790135	0.0286723100463043	0;0;2;0;1;1;2;0;3;1	0	0	1.00213167776831	rnoCirc_006886	
chr3	104034006	104049175	-	mmuCirc_006235	Magi3	CTO:ANNOTATED:CDS	5	657	NM_001159354:NM_133853	0	0.0341334195498	0	0	0	0	0	0.230875364935619	0.0795551751934235	0.0573446200926087	0;2;0;0;0;0;0;7;2;2	0	0	1.61979415978992		
chr3	104455487	104456848	+	mmuCirc_006236	Lrig2	AS:CTO	1	1362	NM_001025067	0.0179914506425692	0.0170667097749	0.0370238421510704	0.0961470659367156	0.0364535526967181	0.0982533341040761	0.292867224602159	0.428768534880436	0.159110350386847	0.0286723100463043	1;1;2;5;2;3;10;13;4;1	0	0	1.62055119369768		
chr3	104463859	104479850	-	mmuCirc_006237	Lrig2	CTO:ANNOTATED:CDS	5	1286	NM_001025067	0.0179914506425692	0	0	0.0384588263746862	0	0.0982533341040761	0	0.131928779963211	0.198887937983559	0.086016930138913	1;0;0;2;0;3;0;4;5;3	0	0	2.21859497182837		
chr3	104465487	104479850	-	mmuCirc_006238	Lrig2	CTO:ANNOTATED:CDS	4	836	NM_001025067	0	0	0	0	0	0.0982533341040761	0.117146889840864	0.131928779963211	0.159110350386847	0.086016930138913	0;0;0;0;0;3;4;4;4;3	0	0	2.76715636157492		
chr3	104479782	104481935	-	mmuCirc_006239	Lrig2	CTO:ANNOTATED:CDS	3	222	NM_001025067	0.0539743519277075	0.0170667097749	0.0370238421510704	0.0192294131873431	0.0364535526967181	0.262008890944203	0.0878601673806477	0.263857559926422	0.397775875967117	0.114689240185217	3;1;2;1;2;8;3;8;10;4	0	0	2.0908719332398	rnoCirc_006897	
chr3	104649258	104651029	+	mmuCirc_006240	Slc16a1	CTO:ANNOTATED:CDS:5UTR	2	404	NM_009196	0	0.0341334195498	0.0555357632266056	0	0.0729071053934362	0.393013336416305	0.292867224602159	0.626661704825252	0.556886226353964	0.114689240185217	0;2;3;0;4;12;10;19;14;4	0	0	3.0765687294883	rnoCirc_006905	
chr3	104649258	104653587	+	mmuCirc_006241	Slc16a1	CTO:ANNOTATED:CDS:5UTR	3	1250	NM_009196	0.0359829012851383	0	0.0185119210755352	0.0192294131873431	0.0364535526967181	0.0655022227360508	0	0.0329821949908028	0.119332762790135	0.086016930138913	2;0;1;1;2;2;0;1;3;3	0	0	0.952215864624531	rnoCirc_006906	hsaCirc_000875
chr3	104870846	104874942	+	mmuCirc_006242	St7l	CTO:ANNOTATED:CDS	3	337	NM_001253702:NM_001253703:NM_153091:NR_045578	0	0.0170667097749	0	0	0	0.0327511113680254	0.0878601673806477	0.164910974954014	0.119332762790135	0.0286723100463043	0;1;0;0;0;1;3;5;3;1	0	0	2.04649810575089	rnoCirc_006912	
chr3	104882793	104895798	+	mmuCirc_006243	St7l	CTO:ANNOTATED:CDS	6	623	NM_001253702:NM_001253703:NM_153091:NR_045578	0	0.0170667097749	0.0185119210755352	0.0192294131873431	0.018226776348359	0.0982533341040761	0.0585734449204318	0.0989465849724082	0.357998288370406	0.172033860277826	0;1;1;1;1;3;2;3;9;6	0	0	2.17434817496058	rnoCirc_006915	
chr3	104889286	104894439	+	mmuCirc_006244	St7l	CTO:ANNOTATED:CDS	4	441	NM_001253702:NM_001253703:NM_153091:NR_045578	0.0359829012851383	0	0	0	0	0.0327511113680254	0	0.197893169944816	0.0795551751934235	0.0286723100463043	2;0;0;0;0;1;0;6;2;1	0	0	1.7395904661987		
chr3	104889286	104895798	+	mmuCirc_006245	St7l	CTO:ANNOTATED:CDS	5	544	NM_001253702:NM_001253703:NM_153091:NR_045578	0	0	0	0	0	0.0327511113680254	0.0585734449204318	0.0329821949908028	0.159110350386847	0.0286723100463043	0;0;0;0;0;1;2;1;4;1	0	0	1.84492579410563	rnoCirc_006916	hsaCirc_000862
chr3	105032653	105038987	-	mmuCirc_006246	Cttnbp2nl	CTO:ANNOTATED:CDS:5UTR	2	231	NM_001163332:NM_001163333:NM_030249	0	0	0	0.0192294131873431	0	0	0.0585734449204318	0.0329821949908028	0.119332762790135	0.0573446200926087	0;0;0;1;0;0;2;1;3;2	0	0	1.78984431176344	rnoCirc_006917	
chr3	105554248	105555327	+	mmuCirc_006247	Kcnd3	INTRONIC	1	1080	NM_001039347:NM_019931	0.0899572532128458	0.0853335488745	0.111071526453211	0.0769176527493725	0.0911338817417952	1.17904000924891	0.702881339045181	2.01191389443897	1.27288280309478	0.544773890879783	5;5;6;4;5;36;24;61;32;19	1	1	3.25262698188627		
chr3	106531137	106539603	-	mmuCirc_006248	Cept1	CTO:ANNOTATED:CDS:5UTR	3	704	NM_001293694:NM_133869	0.0719658025702766	0.0341334195498	0	0.0576882395620293	0.0364535526967181	0.917031118304711	0.615021171664534	1.74805633451255	2.26732249301257	0.888841611435435	4;2;0;3;2;28;21;53;57;31	0	0	4.45117472458881		
chr3	106566045	106573841	+	mmuCirc_006249	Dram2	CTO:ALT_DONOR:CDS:3UTR	5	761	NM_001025582:NM_001286986:NM_001286987:NM_026013	0.0179914506425692	0.0341334195498	0	0	0.018226776348359	0.131004445472102	0.0292867224602159	0.0989465849724082	0.0397775875967117	0.086016930138913	1;2;0;0;1;4;1;3;1;3	0	0	1.49580193681426		
chr3	107750346	107753819	+	mmuCirc_006250	Csf1	AS:CTO	1	3474	NM_001113529:NM_007778:NM_001113530	0	0	0	0	0	0.131004445472102	0	0	0	0	0;0;0;0;0;4;0;0;0;0	0	0	2.91651911706123		
chr3	107941189	107950907	-	mmuCirc_006251	Gstm6	ITO:ALT_ACCEPTOR:CDS:5UTR	1	9719	NM_008184	0.0899572532128458	0	0	0.0192294131873431	0.018226776348359	0	0	0	0	0	5;0;0;1;1;0;0;0;0;0	0	0	-1.45513005546569		
chr3	107985618	108016600	-	mmuCirc_006252	Gstm2:Gstm1	ITO:ANNOTATED	1	30983	NM_008183:NM_010358	0.161923055783122	0.1194669684243	0.166607289679817	0	0	0	0	0.131928779963211	0	0	9;7;9;0;0;0;0;4;0;0	1	0	-2.09457273786146		
chr3	107986034	108043959	-	mmuCirc_006253	Gstm2:Gstm1:Gstm4	ITO:ANNOTATED	1	57926	NM_008183:NM_010358:NM_026764:NM_001160411	0.233888858353399	0.2048005172988	0.203631131830887	0.0961470659367156	0.18226776348359	0.163755556840127	0.0878601673806477	0.296839754917225	0	0.0286723100463043	13;12;11;5;10;5;3;9;0;1	1	1	-1.1232468236245	rnoCirc_006935	
chr3	108123542	108123837	-	mmuCirc_006254	Gnai3	CTO:ANNOTATED:CDS	2	185	NM_010306	0.0179914506425692	0	0	0	0	0.0982533341040761	0.0878601673806477	0.0329821949908028	0.0397775875967117	0.0573446200926087	1;0;0;0;0;3;3;1;1;2	0	0	1.80112753260613		
chr3	108187619	108188352	-	mmuCirc_006255	Amigo1	AS:CTO	1	734	NM_001004293:NM_001287093:NM_146137	0	0	0	0	0	0	0	0.0989465849724082	0	0	0;0;0;0;0;0;0;3;0;0	0	0	2.57224194660756		
chr3	108554630	108554736	-	mmuCirc_006256		NTO	1	107		0.0179914506425692	0	0.0185119210755352	0	0.018226776348359	0	0.0585734449204318	0.0989465849724082	0.0397775875967117	0.0573446200926087	1;0;1;0;1;0;2;3;1;2	0	0	1.05432518966443		
chr3	108711277	108711580	-	mmuCirc_006257	Gpsm2	CTO:ANNOTATED:CDS:5UTR	1	304	NM_029522	0	0	0	0	0.0364535526967181	0	0.0585734449204318	0.131928779963211	0.159110350386847	0.0573446200926087	0;0;0;0;2;0;2;4;4;2	0	0	2.12909461762063	rnoCirc_006946	
chr3	108794802	108797466	-	mmuCirc_006258	Stxbp3a	CTO:ANNOTATED:CDS	2	238	NM_011504	0	0	0.0185119210755352	0	0	0.0982533341040761	0.0292867224602159	0.0659643899816055	0.0795551751934235	0	0;0;1;0;0;3;1;2;2;0	0	0	1.83473459595109		
chr3	108985312	108992742	-	mmuCirc_006259	Fam102b	CTO:ANNOTATED:CDS	3	268	NM_001163567	0.0179914506425692	0	0	0.0384588263746862	0	0.0327511113680254	0.0878601673806477	0.0329821949908028	0.0397775875967117	0.0286723100463043	1;0;0;2;0;1;3;1;1;1	0	0	1.12508192693225	rnoCirc_006949	
chr3	109503410	109528384	+	mmuCirc_006260	Vav3	CTO:ANNOTATED:CDS	10	947	NM_020505	0	0	0	0	0	0.0327511113680254	0.0292867224602159	0	0.119332762790135	0.0286723100463043	0;0;0;0;0;1;1;0;3;1	0	0	1.69599110300165		
chr3	109525869	109528384	+	mmuCirc_006261	Vav3	CTO:ANNOTATED:CDS	3	329	NM_020505	0.269871759638537	0.170667097749	0.222143052906423	0.55765298243295	0.291628421573745	2.29257779576178	2.43079796419792	3.16629071911706	4.89264327439555	2.75254176444522	15;10;12;29;16;70;83;96;123;96	1	1	3.32792406279066	rnoCirc_006952	
chr3	109525869	109563204	+	mmuCirc_006262	Vav3	CTO:ANNOTATED:CDS	5	532	NM_020505	0	0	0	0	0	0.0327511113680254	0.0292867224602159	0.0989465849724082	0.159110350386847	0.0286723100463043	0;0;0;0;0;1;1;3;4;1	0	0	1.94370410689097		
chr3	109525869	109578364	+	mmuCirc_006263	Vav3	CTO:ANNOTATED:CDS:5UTR	7	604	NM_020505	0	0	0	0	0.018226776348359	0	0.0585734449204318	0.0989465849724082	0.198887937983559	0.172033860277826	0;0;0;0;1;0;2;3;5;6	0	0	2.5817773947508		
chr3	109562743	109563204	+	mmuCirc_006264	Vav3	CTO:ANNOTATED:CDS	2	203	NM_020505	0.0179914506425692	0.0170667097749	0	0.0192294131873431	0	0.163755556840127	0.0585734449204318	0.197893169944816	0.198887937983559	0	1;1;0;1;0;5;2;6;5;0	0	0	2.32092319810322		
chr3	109562743	109578364	+	mmuCirc_006265	Vav3	CTO:ANNOTATED:CDS:5UTR	4	275	NM_020505	0.0359829012851383	0.0853335488745	0.0740476843021408	0.0961470659367156	0.109360658090154	0.720524450096558	0.820028228886045	0.824554874770069	1.51154832867505	0.716807751157609	2;5;4;5;6;22;28;25;38;25	0	1	3.22370888815781	rnoCirc_006953	hsaCirc_000823
chr3	109647672	109664433	+	mmuCirc_006266	Vav3	CTO:ANNOTATED:CDS	5	436	NM_020505:NM_146139	0	0	0	0.0384588263746862	0	0.196506668208152	0.0292867224602159	0.0659643899816055	0.198887937983559	0.172033860277826	0;0;0;2;0;6;1;2;5;6	0	0	2.40185325100113		
chr3	115212886	115265158	-	mmuCirc_006267		NTO	1	52273		0	0	0.0185119210755352	0	0	0.0327511113680254	0	0.0989465849724082	0.0397775875967117	0.229378480370435	0;0;1;0;0;1;0;3;1;8	0	0	2.0615020231299		
chr3	115516410	115517085	-	mmuCirc_006268		NTO	1	676		0.0179914506425692	0	0	0	0	0	0	0.0329821949908028	0.159110350386847	0.0286723100463043	1;0;0;0;0;0;0;1;4;1	0	0	1.2314277167749		
chr3	115978644	115984974	-	mmuCirc_006269	Slc30a7	CTO:ANNOTATED:CDS	3	337	NM_023214	0	0	0.0185119210755352	0.0576882395620293	0.018226776348359	0.294760002312228	0.205007057221511	0.164910974954014	0.596663813950676	0.143361550231522	0;0;1;3;1;9;7;5;15;5	0	0	2.96313232082554	rnoCirc_006958	hsaCirc_000814
chr3	115978644	115993039	-	mmuCirc_006270	Slc30a7	CTO:ANNOTATED:CDS	6	666	NM_023214	0	0	0	0.0769176527493725	0.018226776348359	0.294760002312228	0.0292867224602159	0.263857559926422	0.318220700773694	0.315395410509348	0;0;0;4;1;9;1;8;8;11	0	0	2.80816314332454		hsaCirc_000812
chr3	116348454	116351272	-	mmuCirc_006271	Cdc14a	CTO:ANNOTATED:CDS	2	130	NM_001080818:NM_001173553	0	0	0	0	0	0.0327511113680254	0	0	0.119332762790135	0	0;0;0;0;0;1;0;0;3;0	0	0	2.09983205897444		
chr3	116348454	116366706	-	mmuCirc_006272	Cdc14a	CTO:ANNOTATED:CDS	3	210	NM_001080818:NM_001173553	0	0	0.0185119210755352	0.0192294131873431	0.018226776348359	0.0982533341040761	0.175720334761295	0.197893169944816	0.397775875967117	0.20070617032413	0;0;1;1;1;3;6;6;10;7	0	0	2.85939354558806		hsaCirc_000810
chr3	116348454	116392914	-	mmuCirc_006273	Cdc14a	CTO:ANNOTATED:CDS	4	303	NM_001080818:NM_001173553	0	0	0.0185119210755352	0	0.018226776348359	0.262008890944203	0.0878601673806477	0.197893169944816	0.23866552558027	0	0;0;1;0;1;8;3;6;6;0	0	0	2.30148706661767	rnoCirc_006966	hsaCirc_000807
chr3	116348454	116404618	-	mmuCirc_006274	Cdc14a	CTO:ANNOTATED:CDS	5	379	NM_001080818:NM_001173553	0	0	0	0	0.018226776348359	0.0327511113680254	0	0.0329821949908028	0.0795551751934235	0.086016930138913	0;0;0;0;1;1;0;1;2;3	0	0	1.64796115992324	rnoCirc_006965	
chr3	116366627	116404618	-	mmuCirc_006275	Cdc14a	CTO:ANNOTATED:CDS	3	249	NM_001080818:NM_001173553	0	0.0170667097749	0	0	0	0.0982533341040761	0.0292867224602159	0.0329821949908028	0.0397775875967117	0.0286723100463043	0;1;0;0;0;3;1;1;1;1	0	0	1.44861949593286	rnoCirc_006964	
chr3	116392822	116404618	-	mmuCirc_006276	Cdc14a	CTO:ANNOTATED:CDS	2	169	NM_001080818:NM_001173553	0.0359829012851383	0	0.0185119210755352	0	0	0.0982533341040761	0.234293779681727	0.0989465849724082	0.23866552558027	0.114689240185217	2;0;1;0;0;3;8;3;6;4	0	0	2.56375248082871		hsaCirc_000806
chr3	116565730	116570974	+	mmuCirc_006277	Lrrc39	CTO:ANNOTATED:CDS:5UTR	4	591	NM_027321:NM_175413	0	0	0	0	0	0.0982533341040761	0	0	0	0	0;0;0;0;0;3;0;0;0;0	0	0	2.56380895521826		hsaCirc_000804
chr3	116569999	116578397	+	mmuCirc_006278	Lrrc39	CTO:ANNOTATED:CDS:3UTR	4	593	NM_175413	0.0179914506425692	0	0	0	0	0.0655022227360508	0	0.0329821949908028	0.119332762790135	0	1;0;0;0;0;2;0;1;3;0	0	0	1.79208578936871		
chr3	116645366	116651499	-	mmuCirc_006279	Hiat1	CTO:ANNOTATED:CDS	4	402	NM_008246	0.0719658025702766	0.0170667097749	0.0555357632266056	0.0769176527493725	0.018226776348359	0.589520004624457	0.263580502141943	0.461750729871238	0.477331051160541	0.344067720555652	4;1;3;4;1;18;9;14;12;12	0	0	2.78960963051548		
chr3	116647782	116651499	-	mmuCirc_006280	Hiat1	CTO:ANNOTATED:CDS	3	287	NM_008246	0.0179914506425692	0.0170667097749	0	0.0384588263746862	0.018226776348359	0.327511113680254	0.292867224602159	0.296839754917225	0.875106927127658	0.430084650694565	1;1;0;2;1;10;10;9;22;15	0	0	3.55009132391241		
chr3	116750398	116758916	-	mmuCirc_006281	Agl	CTO:ANNOTATED:CDS	6	897	NM_001081326	0	0	0	0	0	0.0655022227360508	0	0.0329821949908028	0.119332762790135	0	0;0;0;0;0;2;0;1;3;0	0	0	2.10064405605183		
chr3	116754873	116758916	-	mmuCirc_006282	Agl	CTO:ANNOTATED:CDS	3	474	NM_001081326	0	0	0	0	0	0	0	0	0.119332762790135	0	0;0;0;0;0;0;0;0;3;0	0	0	2.80046262890159		
chr3	116754873	116782643	-	mmuCirc_006283	Agl	CTO:ANNOTATED:CDS	16	2225	NM_001081326	0	0	0	0	0	0.0982533341040761	0	0.0659643899816055	0.119332762790135	0.143361550231522	0;0;0;0;0;3;0;2;3;5	0	0	2.62450182508899		
chr3	116776529	116782643	-	mmuCirc_006284	Agl	CTO:ANNOTATED:CDS	9	1201	NM_001081326	0.143931605140553	0.0512001293247	0.351726500435169	0.0961470659367156	0.0546803290450771	2.55458668670598	0.790741506425829	4.94732924862041	2.14798973022243	1.11822009180587	8;3;19;5;3;78;27;150;54;39	1	1	3.87497256956087		
chr3	116778619	116782643	-	mmuCirc_006285	Agl	CTO:ANNOTATED:CDS	8	1070	NM_001081326	0.233888858353399	0.1194669684243	0.314702658284099	0.249982371435461	0.218721316180309	2.52183557533795	1.43504940055058	4.48557851874917	3.77887082168762	1.77768322287087	13;7;17;13;12;77;49;136;95;62	1	1	3.43696159666905		
chr3	116947911	116953137	-	mmuCirc_006286	Palmd	CTO:ANNOTATED:CDS	2	206	NM_023245	0.0179914506425692	0.0170667097749	0.0370238421510704	0.0192294131873431	0	0.0982533341040761	0.0878601673806477	0.0989465849724082	0.23866552558027	0.114689240185217	1;1;2;1;0;3;3;3;6;4	0	0	1.94248397839565		hsaCirc_000787