chr2	76814920	76815527	-	mmuCirc_005483	Ttn	INTRONIC	1	608	NM_011652:NM_028004	0	0	0	0	0	0	0	0.0989465849724082	0	0	0;0;0;0;0;0;0;3;0;0	0	0	2.57224194660756		
chr2	76831788	76847808	-	mmuCirc_005484	Ttn	CTO:ALT_DONOR:CDS	16	2056	NM_011652:NM_028004	0	0	0	0	0	0.0327511113680254	0.0292867224602159	0.0989465849724082	0.0795551751934235	0.0573446200926087	0;0;0;0;0;1;1;3;2;2	0	0	1.90788794798442	rnoCirc_007878	
chr2	76831788	76851764	-	mmuCirc_005485	Ttn	CTO:ALT_DONOR:CDS	24	3103	NM_011652:NM_028004	0.0359829012851383	0	0	0	0.018226776348359	0.0327511113680254	0.0878601673806477	0.0329821949908028	0.119332762790135	0.086016930138913	2;0;0;0;1;1;3;1;3;3	0	0	1.60458299434589	rnoCirc_007879	
chr2	76831788	76852137	-	mmuCirc_005486	Ttn	CTO:ALT_DONOR:CDS	25	3184	NM_011652:NM_028004	0	0	0	0.0192294131873431	0	0.0655022227360508	0.0585734449204318	0.0989465849724082	0	0.086016930138913	0;0;0;1;0;2;2;3;0;3	0	0	1.61530653941791	rnoCirc_007880	
chr2	76831788	76857987	-	mmuCirc_005487	Ttn	CTO:ALT_DONOR:CDS	37	4186	NM_011652:NM_028004	0	0	0	0	0.018226776348359	0.229257779576178	0.146433612301079	0.131928779963211	0.119332762790135	0.229378480370435	0;0;0;0;1;7;5;4;3;8	0	0	3.02558179696779	rnoCirc_007882	
chr2	76831788	76881839	-	mmuCirc_005488	Ttn	CTO:ALT_DONOR:CDS	70	10315	NM_011652:NM_028004	0.0359829012851383	0.0170667097749	0	0	0.018226776348359	0.0982533341040761	0	0.0659643899816055	0.0397775875967117	0.114689240185217	2;1;0;0;1;3;0;2;1;4	0	0	1.13780432612615	rnoCirc_007883	
chr2	76831788	76884197	-	mmuCirc_005489	Ttn	CTO:ALT_DONOR:CDS	71	10603	NM_011652:NM_028004	0.0359829012851383	0.0853335488745	0.0185119210755352	0	0	0.131004445472102	0.0292867224602159	0.0329821949908028	0.0397775875967117	0	2;5;1;0;0;4;1;1;1;0	0	0	0.593911500614753		
chr2	76847388	76851764	-	mmuCirc_005490	Ttn	CTO:ANNOTATED:CDS	10	1215	NM_011652:NM_028004	0.0179914506425692	0	0.0185119210755352	0.0192294131873431	0.0364535526967181	0.131004445472102	0.0878601673806477	0.164910974954014	0.278443113176982	0.229378480370435	1;0;1;1;2;4;3;5;7;8	0	0	2.35120748964124	rnoCirc_007896	
chr2	76847388	76852137	-	mmuCirc_005491	Ttn	CTO:ANNOTATED:CDS	11	1296	NM_011652:NM_028004	0.0359829012851383	0.0682668390996	0	0.0192294131873431	0.018226776348359	0.0982533341040761	0.263580502141943	0.395786339889633	0.278443113176982	0.286723100463044	2;4;0;1;1;3;9;12;7;10	0	0	2.61442754748128	rnoCirc_007897	
chr2	76847388	76857987	-	mmuCirc_005492	Ttn	CTO:ANNOTATED:CDS	23	2298	NM_011652:NM_028004	0.107948703855415	0.0341334195498	0	0.153835305498745	0.218721316180309	0.85152889556866	0.820028228886045	1.12139462968729	1.39221556588491	0.917513921481739	6;2;0;8;12;26;28;34;35;32	0	1	3.51083264669583	rnoCirc_007900	
chr2	76847388	76881839	-	mmuCirc_005493	Ttn	CTO:ANNOTATED:CDS	56	8427	NM_011652:NM_028004	0.0539743519277075	0.0512001293247	0.0555357632266056	0	0.0364535526967181	0.131004445472102	0	0.164910974954014	0.159110350386847	0.172033860277826	3;3;3;0;2;4;0;5;4;6	1	0	1.08364288562691	rnoCirc_007901	
chr2	76850570	76852137	-	mmuCirc_005494	Ttn	CTO:ANNOTATED:CDS	3	366	NM_011652:NM_028004	0.0359829012851383	0.0170667097749	0	0.153835305498745	0	0.229257779576178	0.0878601673806477	0.0989465849724082	0.954662102321082	0.172033860277826	2;1;0;8;0;7;3;3;24;6	0	0	2.40365167442424	rnoCirc_007912	
chr2	76850570	76856366	-	mmuCirc_005495	Ttn	CTO:ANNOTATED:CDS	10	948	NM_011652:NM_028004	0	0	0	0	0	0	0	0.164910974954014	0	0.086016930138913	0;0;0;0;0;0;0;5;0;3	0	0	2.80749085799481	rnoCirc_007913	
chr2	76850570	76857987	-	mmuCirc_005496	Ttn	CTO:ANNOTATED:CDS	15	1368	NM_011652:NM_028004	0	0	0.0185119210755352	0	0.018226776348359	0.720524450096558	0.0878601673806477	0.36280414489883	0.636441401547388	0.430084650694565	0;0;1;0;1;22;3;11;16;15	0	0	3.90978608737935	rnoCirc_007914	hsaCirc_008822
chr2	76850570	76881839	-	mmuCirc_005497	Ttn	CTO:ANNOTATED:CDS	48	7497	NM_011652:NM_028004	0.0899572532128458	0.1877338075239	0.0370238421510704	0.134605892311402	0.0911338817417952	0.0655022227360508	0.175720334761295	0.263857559926422	0.318220700773694	0.315395410509348	5;11;2;7;5;2;6;8;8;11	0	1	0.917922516270324		
chr2	76850570	76884197	-	mmuCirc_005498	Ttn	CTO:ANNOTATED:CDS	49	7785	NM_011652:NM_028004	0.0899572532128458	0.2048005172988	0	0.0961470659367156	0.0364535526967181	0.262008890944203	0.263580502141943	0.0329821949908028	0.159110350386847	0.229378480370435	5;12;0;5;2;8;9;1;4;8	0	0	1.17350303428407		
chr2	76851555	76851764	-	mmuCirc_005499	Ttn	CTO:ANNOTATED:CDS	1	210	NM_011652:NM_028004	0	0	0	0.0192294131873431	0	0	0	0.0989465849724082	0.119332762790135	0.0573446200926087	0;0;0;1;0;0;0;3;3;2	0	0	2.11735658840127		hsaCirc_008826
chr2	76853605	76856366	-	mmuCirc_005500	Ttn	CTO:ANNOTATED:CDS	5	414	NM_011652:NM_028004	0.107948703855415	0.0170667097749	0.0370238421510704	0.134605892311402	0.127587434438513	0.720524450096558	0.322153947062375	0.428768534880436	1.3524379782882	0.917513921481739	6;1;2;7;7;22;11;13;34;32	0	1	2.90662195952416	rnoCirc_007919	
chr2	76854150	76856366	-	mmuCirc_005501	Ttn	CTO:ANNOTATED:CDS	3	252	NM_011652:NM_028004	0.0359829012851383	0	0.0185119210755352	0.0961470659367156	0.0546803290450771	0.196506668208152	0.175720334761295	0.36280414489883	0.357998288370406	0.258050790416739	2;0;1;5;3;6;6;11;9;9	0	1	2.4308559490697	rnoCirc_007921	
chr2	76854387	76881839	-	mmuCirc_005502	Ttn	CTO:ANNOTATED:CDS	40	6732	NM_011652:NM_028004	0.0359829012851383	0.0853335488745	0.0185119210755352	0	0.0729071053934362	0.131004445472102	0	0.131928779963211	0.23866552558027	0.114689240185217	2;5;1;0;4;4;0;4;6;4	0	0	1.0486895185174	rnoCirc_007928	
chr2	76856265	76881839	-	mmuCirc_005503	Ttn	CTO:ANNOTATED:CDS	39	6651	NM_011652:NM_028004	0.0359829012851383	0.1024002586494	0.0740476843021408	0.0192294131873431	0.0911338817417952	0.0982533341040761	0	0.230875364935619	0.477331051160541	0.172033860277826	2;6;4;1;5;3;0;7;12;6	0	0	0.866811064812771	rnoCirc_007929	
chr2	76857904	76881839	-	mmuCirc_005504	Ttn	CTO:ANNOTATED:CDS	34	6213	NM_011652:NM_028004	5.55935824855387	4.8981457053963	3.27661003036973	4.55737092540032	3.93698369124555	12.4126712084816	3.71941375244742	12.9290204363947	26.4520957518133	14.1067765427817	309;287;177;237;216;379;127;392;665;492	1	1	1.42045825010462	rnoCirc_007932	hsaCirc_008832
chr2	76857904	76884197	-	mmuCirc_005505	Ttn	CTO:ANNOTATED:CDS	35	6501	NM_011652:NM_028004	1.31337589690755	2.1333387218625	0.962619895927831	0.788405940681068	0.492122961405694	3.50436891637872	2.4015112417377	2.83646876920904	4.81308809920212	2.43714635393587	73;125;52;41;27;107;82;86;121;85	1	1	1.59067126524011	rnoCirc_007933	hsaCirc_008833
chr2	76857904	76884633	-	mmuCirc_005506	Ttn	CTO:ANNOTATED:CDS	36	6789	NM_011652:NM_028004	0.0179914506425692	0.0341334195498	0	0	0.0364535526967181	0.0982533341040761	0.0292867224602159	0.0659643899816055	0.119332762790135	0.0573446200926087	1;2;0;0;2;3;1;2;3;2	0	0	1.37225040699862	rnoCirc_007934	
chr2	76857904	76887006	-	mmuCirc_005507	Ttn	CTO:ANNOTATED:CDS	42	8475	NM_011652:NM_028004	0.0179914506425692	0.0341334195498	0	0	0.0364535526967181	0.0655022227360508	0	0.0989465849724082	0.159110350386847	0.114689240185217	1;2;0;0;2;2;0;3;4;4	0	0	1.34465693525525	rnoCirc_007938	
chr2	76857904	76888087	-	mmuCirc_005508	Ttn	CTO:ANNOTATED:CDS	44	9036	NM_011652:NM_028004	0.197905957068261	0.1194669684243	0.0370238421510704	0.0384588263746862	0.0729071053934362	0.0982533341040761	0.0292867224602159	0.131928779963211	0.198887937983559	0.229378480370435	11;7;2;2;4;3;1;4;5;8	0	0	0.472091310872795		hsaCirc_008835
chr2	76857904	76893177	-	mmuCirc_005509	Ttn	CTO:ANNOTATED:CDS	53	11577	NM_011652:NM_028004	0.0539743519277075	0.0682668390996	0.0370238421510704	0.0576882395620293	0.018226776348359	0.131004445472102	0.146433612301079	0.0659643899816055	0	0.086016930138913	3;4;2;3;1;4;5;2;0;3	0	0	0.410122852528963	rnoCirc_007941	
chr2	76857904	76894423	-	mmuCirc_005510	Ttn	CTO:ANNOTATED:CDS	54	11859	NM_011652:NM_028004	0.0359829012851383	0.0512001293247	0	0.0576882395620293	0.0364535526967181	0.0655022227360508	0.0585734449204318	0	0.198887937983559	0.143361550231522	2;3;0;3;2;2;2;0;5;5	0	0	0.94512353369556	rnoCirc_007942	hsaCirc_008836
chr2	76861097	76881839	-	mmuCirc_005511	Ttn	CTO:ANNOTATED:CDS	31	5958	NM_011652:NM_028004	0	0.0341334195498	0.0555357632266056	0.0384588263746862	0.0729071053934362	0.0655022227360508	0.0585734449204318	0.0329821949908028	0.0795551751934235	0.0286723100463043	0;2;3;2;4;2;2;1;2;1	0	0	0.391443944741406		
chr2	76862112	76862427	-	mmuCirc_005512	Ttn	CTO:ANNOTATED:CDS	2	156	NM_011652:NM_028004	0	0.0170667097749	0	0.0769176527493725	0.0364535526967181	0.131004445472102	0.0878601673806477	0.197893169944816	0.23866552558027	0.086016930138913	0;1;0;4;2;4;3;6;6;3	0	0	2.04568984166735	rnoCirc_007947	
chr2	76862350	76881839	-	mmuCirc_005513	Ttn	CTO:ANNOTATED:CDS	28	5712	NM_011652:NM_028004	0.0719658025702766	0.0170667097749	0	0.0192294131873431	0	0.0982533341040761	0	0.0659643899816055	0	0.086016930138913	4;1;0;1;0;3;0;2;0;3	0	0	0.602122713996425		
chr2	76862800	76868085	-	mmuCirc_005514	Ttn	CTO:ANNOTATED:CDS	8	840	NM_011652:NM_028004	0.0359829012851383	0	0.0370238421510704	0.0192294131873431	0	0.0982533341040761	0.234293779681727	0.263857559926422	0.119332762790135	0.0573446200926087	2;0;2;1;0;3;8;8;3;2	0	0	2.16852095940503		
chr2	76862800	76881839	-	mmuCirc_005515	Ttn	CTO:ANNOTATED:CDS	27	5634	NM_011652:NM_028004	0.0179914506425692	0.0341334195498	0	0.0192294131873431	0.0546803290450771	0.0327511113680254	0.117146889840864	0.0659643899816055	0.0795551751934235	0.0573446200926087	1;2;0;1;3;1;4;2;2;2	0	0	1.06250590877478	rnoCirc_007949	
chr2	76863274	76868085	-	mmuCirc_005516	Ttn	CTO:ANNOTATED:CDS	7	780	NM_011652:NM_028004	1.04350413726901	0.5973348421215	0.703453000870338	0.730717701119038	0.984245922811388	8.18777784200635	5.68162415728188	9.49887215735119	8.63173650848645	6.16454665995543	58;35;38;38;54;250;194;288;217;215	1	1	3.20448717312727		
chr2	76863284	76863394	-	mmuCirc_005517	Ttn	CTO:ALT_DONOR:ALT_ACCEPTOR:CDS	1	111	NM_011652:NM_028004	0.485769167349367	0.4437344541474	0.333214579359634	0.153835305498745	0.364535526967181	0.524017781888406	0.380727391982807	0.989465849724082	1.31266039069149	1.06087547171326	27;26;18;8;20;16;13;30;33;37	1	1	1.16779998162617		
chr2	76863284	76863397	-	mmuCirc_005518	Ttn	CTO:ALT_DONOR:ALT_ACCEPTOR:CDS	1	114	NM_011652:NM_028004	0	0.0170667097749	0	0	0	0	0	0	0.119332762790135	0	0;1;0;0;0;0;0;0;3;0	0	0	0.955169284416142		
chr2	76906254	76909953	-	mmuCirc_005519	Ttn	CTO:ANNOTATED:CDS	2	2925	NM_011652:NM_028004	0.0539743519277075	0	0	0	0.018226776348359	0.0655022227360508	0.0585734449204318	0	0.119332762790135	0.086016930138913	3;0;0;0;1;2;2;0;3;3	0	0	1.6137701096932	rnoCirc_007957	hsaCirc_008858
chr2	76906254	76927275	-	mmuCirc_005520	Ttn	CTO:ANNOTATED:CDS	4	3171	NM_011652:NM_028004	0	0	0	0	0	0.0327511113680254	0.0292867224602159	0	0.119332762790135	0	0;0;0;0;0;1;1;0;3;0	0	0	1.83362105457517		
chr2	76941822	76942439	-	mmuCirc_005521	Ttn	CTO:ANNOTATED:CDS	2	525	NM_011652:NM_028004	0	0	0	0	0	0	0.0292867224602159	0.0659643899816055	0.159110350386847	0	0;0;0;0;0;0;1;2;4;0	0	0	2.18923833663766		
chr2	76944766	76944909	+	mmuCirc_005522	Ttn	AS:CTO	1	144	NM_011652:NM_028004	0	0.0512001293247	0	0	0	0	0	0	0	0	0;3;0;0;0;0;0;0;0;0	0	0	-1.83187986164018		
chr2	76967054	76967185	-	mmuCirc_005523	Ttn	CTO:ANNOTATED:CDS	1	132	NM_011652:NM_028004	0.0539743519277075	0.0341334195498	0.0185119210755352	0	0	0	0	0.0329821949908028	0.119332762790135	0.0573446200926087	3;2;1;0;0;0;0;1;3;2	0	0	0.377684284129432	rnoCirc_007962	
chr2	76968570	76969141	+	mmuCirc_005524	Ttn	AS:CTO	1	572	NM_011652:NM_028004	0	0	0	0.0384588263746862	0	0	0	0	0.159110350386847	0.0286723100463043	0;0;0;2;0;0;0;0;4;1	0	0	1.44922859364015		
chr2	76974061	76974157	+	mmuCirc_005525	Ttn	AS:CTO	1	97	NM_011652:NM_028004	0.0539743519277075	0.0512001293247	0	0	0	0	0	0	0	0.086016930138913	3;3;0;0;0;0;0;0;0;3	0	0	-0.437560749310527		
chr2	77023446	77030707	-	mmuCirc_005526	Ccdc141	CTO:ANNOTATED:CDS	4	633	NM_001025576	0	0	0	0.0384588263746862	0.018226776348359	0.0655022227360508	0.0878601673806477	0.230875364935619	0.0397775875967117	0.086016930138913	0;0;0;2;1;2;3;7;1;3	0	0	1.93595482724854		
chr2	77049579	77059681	-	mmuCirc_005527	Ccdc141	CTO:ANNOTATED:CDS	4	634	NM_001025576	0.0719658025702766	0	0.0740476843021408	0.0576882395620293	0	0.556768893256432	0.615021171664534	0.923501459742477	0.795551751934235	0.315395410509348	4;0;4;3;0;17;21;28;20;11	0	0	3.68478330263931	rnoCirc_007973	hsaCirc_008873
chr2	77054577	77059681	-	mmuCirc_005528	Ccdc141	CTO:ANNOTATED:CDS	3	454	NM_001025576	0.0719658025702766	0.0170667097749	0.0370238421510704	0.0961470659367156	0.0729071053934362	0.491266670520381	0.556447726744102	0.659643899816055	0.954662102321082	0.286723100463044	4;1;2;5;4;15;19;20;24;10	0	1	2.96021354294512		hsaCirc_008874
chr2	77074836	77108479	-	mmuCirc_005529	Ccdc141	CTO:ANNOTATED:CDS	3	485	NM_001025576	0	0.0170667097749	0.0370238421510704	0.0384588263746862	0.0729071053934362	0.42576444778433	0.234293779681727	0.461750729871238	0.994439689917794	0.401412340648261	0;1;2;2;4;13;8;14;25;14	0	0	3.32672994036582	rnoCirc_007977	hsaCirc_008876
chr2	77074836	77173607	-	mmuCirc_005530	Ccdc141	ITO:ALT_ACCEPTOR:CDS:5UTR	1	98772	NM_001025576	0	0	0.0370238421510704	0.0384588263746862	0	0.458515559152355	0	0.329821949908027	0.23866552558027	0.229378480370435	0;0;2;2;0;14;0;10;6;8	0	0	3.24583441985993		
chr2	77089070	77108479	-	mmuCirc_005531	Ccdc141	CTO:ANNOTATED:CDS	2	312	NM_001025576	0.197905957068261	0.1536003879741	0.370238421510704	0.384588263746862	0.236948092528668	2.55458668670598	2.19650418451619	5.04627583359282	4.85286568679883	2.23644018361174	11;9;20;20;13;78;75;153;122;78	1	1	3.53204979517272	rnoCirc_007979	
chr2	77089070	77124375	-	mmuCirc_005532	Ccdc141	CTO:ANNOTATED:CDS	3	566	NM_001025576	0	0	0	0.0192294131873431	0	0.131004445472102	0	0	0	0	0;0;0;1;0;4;0;0;0;0	0	0	0.972291681009726		
chr2	77108363	77128337	-	mmuCirc_005533	Ccdc141	CTO:ANNOTATED:CDS	3	480	NM_001025576	0	0	0	0	0	0	0.0878601673806477	0.0659643899816055	0	0	0;0;0;0;0;0;3;2;0;0	0	0	2.26741471603088		
chr2	77124122	77132373	-	mmuCirc_005534	Ccdc141	CTO:ANNOTATED:CDS	3	555	NM_001025576	0	0	0.0185119210755352	0	0	0.0982533341040761	0	0.164910974954014	0.119332762790135	0.0573446200926087	0;0;1;0;0;3;0;5;3;2	0	0	2.39475659711089	rnoCirc_007983	
chr2	77124122	77173607	-	mmuCirc_005535	Ccdc141	ITO:ALT_ACCEPTOR:CDS:5UTR	1	49486	NM_001025576	0	0.0170667097749	0.0185119210755352	0.0384588263746862	0	0.163755556840127	0	0.263857559926422	0.0795551751934235	0.086016930138913	0;1;1;2;0;5;0;8;2;3	0	0	1.67313605937426		
chr2	77168511	77173607	-	mmuCirc_005536	Ccdc141	ITO:ALT_ACCEPTOR:CDS:5UTR	1	5097	NM_001025576	0	0	0	0.0192294131873431	0	0.0327511113680254	0	0.0659643899816055	0.0795551751934235	0.086016930138913	0;0;0;1;0;1;0;2;2;3	0	0	1.81318099330432		
chr2	77476735	77503682	-	mmuCirc_005537	Zfp385b	CTO:ANNOTATED:CDS:5UTR	2	254	NM_001113400:NM_001113399:NM_178723	0	0	0	0	0	0.0327511113680254	0	0	0.23866552558027	0	0;0;0;0;0;1;0;0;6;0	0	0	2.54610868564159		
chr2	77719451	77720699	-	mmuCirc_005538	Zfp385b	CTO:ANNOTATED:CDS:5UTR	2	484	NM_178723	0	0	0.0185119210755352	0	0	0.0327511113680254	0.0585734449204318	0.131928779963211	0.0397775875967117	0.114689240185217	0;0;1;0;0;1;2;4;1;4	0	0	1.93688577388762		
chr2	78913674	78920209	+	mmuCirc_005539	Ube2e3	CTO:ALT_DONOR:CDS:3UTR	3	533	NM_009454	0	0.0341334195498	0	0	0	0.196506668208152	0.117146889840864	0.0989465849724082	0.198887937983559	0.143361550231522	0;2;0;0;0;6;4;3;5;5	0	0	2.76636581689017	rnoCirc_007986	
chr2	79300985	79303359	+	mmuCirc_005540	Itga4	CTO:ANNOTATED:CDS	2	227	NM_010576	0	0	0	0	0	0	0	0	0.159110350386847	0.0286723100463043	0;0;0;0;0;0;0;0;4;1	0	0	2.22293902651168		
chr2	80343917	80350733	+	mmuCirc_005541	Dnajc10	CTO:ANNOTATED:CDS	7	819	NM_024181	0	0	0	0	0	0.0982533341040761	0	0	0	0.0286723100463043	0;0;0;0;0;3;0;0;0;1	0	0	1.92345510174967		
chr2	80506173	80508805	-	mmuCirc_005542	Nckap1	CTO:ANNOTATED:CDS	3	321	NM_001290745:NM_016965	0	0	0	0.0192294131873431	0	0.0327511113680254	0	0	0.119332762790135	0	0;0;0;1;0;1;0;0;3;0	0	0	1.61386418145355		
chr2	80517895	80524677	-	mmuCirc_005543	Nckap1	CTO:ANNOTATED:CDS	6	814	NM_001290745:NM_016965	0	0	0.092559605377676	0.0769176527493725	0	0.0655022227360508	0	0.329821949908027	0.23866552558027	0.0573446200926087	0;0;5;4;0;2;0;10;6;2	0	0	1.77486273178818	rnoCirc_007991	hsaCirc_008890
chr2	80517895	80525678	-	mmuCirc_005544	Nckap1	CTO:ANNOTATED:CDS	7	934	NM_001290745:NM_016965	0.0179914506425692	0.0170667097749	0	0	0	0.0655022227360508	0.0585734449204318	0.0659643899816055	0.159110350386847	0.0573446200926087	1;1;0;0;0;2;2;2;4;2	0	0	1.89440435764286		
chr2	80520372	80525678	-	mmuCirc_005545	Nckap1	CTO:ANNOTATED:CDS	4	611	NM_001290745:NM_016965	0	0	0.0185119210755352	0.0384588263746862	0.018226776348359	0.131004445472102	0.0585734449204318	0.263857559926422	0.318220700773694	0.143361550231522	0;0;1;2;1;4;2;8;8;5	0	0	2.48004726125686		
chr2	80530158	80533703	-	mmuCirc_005546	Nckap1	CTO:ANNOTATED:CDS	2	205	NM_001290745:NM_016965	0	0	0	0	0.018226776348359	0.131004445472102	0	0.131928779963211	0.0397775875967117	0.0286723100463043	0;0;0;0;1;4;0;4;1;1	0	0	1.9424911949026	rnoCirc_007992	
chr2	83736510	83755920	+	mmuCirc_005547	Itgav	CTO:ANNOTATED:CDS	3	338	NM_008402	0	0	0	0	0	0.0655022227360508	0	0.0329821949908028	0.119332762790135	0	0;0;0;0;0;2;0;1;3;0	0	0	2.10064405605183		
chr2	84368547	84377045	-	mmuCirc_005548	Calcrl	CTO:ANNOTATED:CDS:5UTR	7	749	NM_018782	0	0.0341334195498	0	0.0192294131873431	0.018226776348359	0.196506668208152	0.0878601673806477	0.0329821949908028	0.318220700773694	0.0573446200926087	0;2;0;1;1;6;3;1;8;2	0	0	1.99221852407363	rnoCirc_007998	hsaCirc_008912
chr2	84602328	84603752	-	mmuCirc_005549	Ctnnd1	CTO:ALT_DONOR:CDS:3UTR	2	680	NM_001085453:NM_001085448:NM_001085449:NM_001085450:NM_007615	0	0	0	0.0384588263746862	0	0.0327511113680254	0.0585734449204318	0.0989465849724082	0.23866552558027	0	0;0;0;2;0;1;2;3;6;0	0	0	2.0227700666199		