chr16	5952577	5956863	+	mmuCirc_003607	Rbfox1	INTRONIC	1	4287	NM_021477	0	0	0	0	0	0.163755556840127	0.0585734449204318	0.131928779963211	0.0795551751934235	0.0286723100463043	0;0;0;0;0;5;2;4;2;1	0	0	2.33953572615217		
chr16	5953419	5956863	+	mmuCirc_003608	Rbfox1	INTRONIC	1	3445	NM_021477	0	0.0170667097749	0.0185119210755352	0.0192294131873431	0.018226776348359	0.131004445472102	0.0292867224602159	0.0989465849724082	0	0.0286723100463043	0;1;1;1;1;4;1;3;0;1	0	0	0.866222581795803		
chr16	5955487	5956863	+	mmuCirc_003609	Rbfox1	INTRONIC	1	1377	NM_021477	0.0359829012851383	0	0.0555357632266056	0	0.018226776348359	0.294760002312228	0.234293779681727	0.395786339889633	0.23866552558027	0.0573446200926087	2;0;3;0;1;9;8;12;6;2	0	0	2.66599244088017		
chr16	5956249	5956863	+	mmuCirc_003610	Rbfox1	INTRONIC	1	615	NM_021477	0.0539743519277075	0.0170667097749	0	0	0.018226776348359	0.131004445472102	0.0878601673806477	0.428768534880436	0.119332762790135	0.114689240185217	3;1;0;0;1;4;3;13;3;4	0	0	2.33516031649562		
chr16	7285478	7306461	+	mmuCirc_003611	Rbfox1	CTO:ANNOTATED:CDS	4	262	NM_021477:NM_183188	0	0.0170667097749	0	0	0	0.0327511113680254	0	0.0659643899816055	0.0397775875967117	0.086016930138913	0;1;0;0;0;1;0;2;1;3	0	0	1.31972880615353		hsaCirc_005931
chr16	7292185	7306461	+	mmuCirc_003612	Rbfox1	CTO:ANNOTATED:CDS	3	208	NM_021477:NM_183188	0	0	0.0370238421510704	0	0	0	0	0.0659643899816055	0.119332762790135	0.0573446200926087	0;0;2;0;0;0;0;2;3;2	0	0	1.78131249486979		
chr16	8645369	8646264	+	mmuCirc_003613	Pmm2	CTO:ANNOTATED:CDS	2	169	NM_016881	0.0179914506425692	0	0.0555357632266056	0.0961470659367156	0.0729071053934362	0.556768893256432	0.351440669522591	0.527715119852844	0.477331051160541	0.143361550231522	1;0;3;5;4;17;12;16;12;5	0	1	2.78199237819826		
chr16	8700046	8703546	-	mmuCirc_003614	Usp7	CTO:ANNOTATED:CDS	3	350	NM_001003918	0	0	0	0	0	0	0	0.0989465849724082	0	0.0286723100463043	0;0;0;0;0;0;0;3;0;1	0	0	1.92767159744432	rnoCirc_001425	
chr16	8701962	8703546	-	mmuCirc_003615	Usp7	CTO:ANNOTATED:CDS	2	193	NM_001003918	0	0	0	0	0.0729071053934362	0.0655022227360508	0.0585734449204318	0.0329821949908028	0.23866552558027	0.114689240185217	0;0;0;0;4;2;2;1;6;4	0	0	1.94086019974289		
chr16	8710039	8716619	-	mmuCirc_003616	Usp7	CTO:ANNOTATED:CDS	3	443	NM_001003918	0	0	0	0	0.018226776348359	0	0	0	0.198887937983559	0.0286723100463043	0;0;0;0;1;0;0;0;5;1	0	0	1.90031912778697		
chr16	10563137	10581042	+	mmuCirc_003617	Clec16a	CTO:ANNOTATED:CDS	7	862	NM_001204229:NM_177562	0	0	0	0	0	0.0655022227360508	0	0.0329821949908028	0.119332762790135	0	0;0;0;0;0;2;0;1;3;0	0	0	2.10064405605183	rnoCirc_001419	
chr16	10611003	10635296	+	mmuCirc_003618	Clec16a	CTO:ANNOTATED:CDS	6	563	NM_001204229:NM_177562	0.0179914506425692	0	0	0	0	0	0.0292867224602159	0.0989465849724082	0.0397775875967117	0.0573446200926087	1;0;0;0;0;0;1;3;1;2	0	0	1.29573436268066		
chr16	10611003	10638915	+	mmuCirc_003619	Clec16a	CTO:ANNOTATED:CDS	7	692	NM_001204229:NM_177562	0.0179914506425692	0	0	0.0192294131873431	0	0.0655022227360508	0	0.0989465849724082	0	0.114689240185217	1;0;0;1;0;2;0;3;0;4	0	0	1.38053900386917	rnoCirc_001410	hsaCirc_005943
chr16	10611003	10644881	+	mmuCirc_003620	Clec16a	CTO:ANNOTATED:CDS	8	813	NM_001204229:NM_177562	0	0	0.0185119210755352	0.0192294131873431	0.0364535526967181	0.0655022227360508	0.117146889840864	0.296839754917225	0.397775875967117	0.0573446200926087	0;0;1;1;2;2;4;9;10;2	0	0	2.35618927892555	rnoCirc_001409	hsaCirc_005944
chr16	10611003	10694790	+	mmuCirc_003621	Clec16a	CTO:ANNOTATED:CDS	11	1341	NM_001204229:NM_177562	0	0	0	0	0	0	0	0	0.159110350386847	0	0;0;0;0;0;0;0;0;4;0	0	0	3.16277680474228	rnoCirc_001408	
chr16	11079704	11084893	-	mmuCirc_003622	Txndc11	CTO:ANNOTATED:CDS	3	334	NM_134105:NM_029582	0.0179914506425692	0	0	0.0192294131873431	0.018226776348359	0.196506668208152	0.0585734449204318	0	0.198887937983559	0.086016930138913	1;0;0;1;1;6;2;0;5;3	0	0	2.10913264670345	rnoCirc_001405	hsaCirc_005948
chr16	11104566	11128703	-	mmuCirc_003623	Txndc11	CTO:ANNOTATED:CDS	4	539	NM_029582	0.0179914506425692	0.0341334195498	0	0.0192294131873431	0.0364535526967181	0.294760002312228	0.146433612301079	0.560697314843647	1.07399486511122	0.602118510972391	1;2;0;1;2;9;5;17;27;21	0	0	3.55883098537498	rnoCirc_001400	hsaCirc_005949
chr16	11116795	11122767	-	mmuCirc_003624	Txndc11	CTO:ANNOTATED:CDS	2	228	NM_029582	0	0	0	0.0192294131873431	0	0.0327511113680254	0.0292867224602159	0	0.23866552558027	0.086016930138913	0;0;0;1;0;1;1;0;6;3	0	0	1.9569258570204	rnoCirc_001402	
chr16	11116795	11128703	-	mmuCirc_003625	Txndc11	CTO:ANNOTATED:CDS	3	445	NM_029582	0.143931605140553	0.1536003879741	0.240654973981958	0.538423569245607	0.38276230331554	4.15939114373922	2.19650418451619	5.21118680854683	6.762189891441	2.58050790416739	8;9;13;28;21;127;75;158;170;90	1	1	3.79332163098564	rnoCirc_001399	
chr16	11122670	11128703	-	mmuCirc_003626	Txndc11	CTO:ANNOTATED:CDS	2	315	NM_029582	0	0	0.0185119210755352	0.0192294131873431	0	0.229257779576178	0.175720334761295	0.131928779963211	0.477331051160541	0.286723100463044	0;0;1;1;0;7;6;4;12;10	0	0	3.30267406780901		
chr16	11199385	11199719	-	mmuCirc_003627	Rsl1d1	CTO:ANNOTATED:CDS	2	251	NM_025546	0.0179914506425692	0	0	0	0	0.0655022227360508	0	0.0329821949908028	0.119332762790135	0.086016930138913	1;0;0;0;0;2;0;1;3;3	0	0	1.94562003354242		hsaCirc_005954
chr16	11199385	11201430	-	mmuCirc_003628	Rsl1d1	CTO:ANNOTATED:CDS	3	387	NM_025546	0	0	0	0	0.0546803290450771	0.0327511113680254	0.0878601673806477	0.0989465849724082	0.0795551751934235	0.0286723100463043	0;0;0;0;3;1;3;3;2;1	0	0	1.62008059723936		hsaCirc_005955
chr16	11230510	11239096	-	mmuCirc_003629	Gspt1	CTO:ANNOTATED:CDS	6	814	NM_001130008:NM_146066	0	0	0	0.0192294131873431	0	0.0655022227360508	0.0292867224602159	0.0659643899816055	0.0795551751934235	0.114689240185217	0;0;0;1;0;2;1;2;2;4	0	0	1.91920467756867		
chr16	11445165	11447508	+	mmuCirc_003630	Snx29	CTO:ANNOTATED:CDS	2	193	NM_028964:NM_001290148	0	0.0512001293247	0.0185119210755352	0.0384588263746862	0.0364535526967181	0.0655022227360508	0.175720334761295	0.197893169944816	0.636441401547388	0.172033860277826	0;3;1;2;2;2;6;6;16;6	0	0	2.26208913807865		
chr16	11714914	11738433	+	mmuCirc_003631	Snx29	CTO:ANNOTATED:CDS	2	281	NM_028964:NM_001290148	0	0	0	0	0	0.0327511113680254	0.0585734449204318	0	0.119332762790135	0.0286723100463043	0;0;0;0;0;1;2;0;3;1	0	0	1.86420179514047		
chr16	13519185	13519775	-	mmuCirc_003632	2310015D24Rik	CTO:ncRNA	2	466	NR_037997	0	0	0	0	0	0.0655022227360508	0.0878601673806477	0.131928779963211	0.0397775875967117	0	0;0;0;0;0;2;3;4;1;0	0	0	2.25799503884043		
chr16	13566570	13647299	-	mmuCirc_003633	Parn	CTO:ANNOTATED:CDS	11	866	NM_028761	0	0	0	0	0	0.0327511113680254	0	0.0659643899816055	0.119332762790135	0	0;0;0;0;0;1;0;2;3;0	0	0	2.10113442578098		
chr16	13566570	13648499	-	mmuCirc_003634	Parn	CTO:ANNOTATED:CDS	12	947	NM_028761	0.0179914506425692	0	0	0	0.018226776348359	0.0982533341040761	0	0.230875364935619	0.119332762790135	0.114689240185217	1;0;0;0;1;3;0;7;3;4	0	0	2.47611871117415		
chr16	13603028	13607306	-	mmuCirc_003635	Parn	CTO:ANNOTATED:CDS	3	218	NM_028761	0	0	0	0	0	0	0	0.0989465849724082	0.0795551751934235	0	0;0;0;0;0;0;0;3;2;0	0	0	2.44386913018087		hsaCirc_005959
chr16	13603028	13647299	-	mmuCirc_003636	Parn	CTO:ANNOTATED:CDS	10	697	NM_028761	0.0359829012851383	0	0	0.0384588263746862	0.0729071053934362	0.229257779576178	0	0.296839754917225	0.198887937983559	0.172033860277826	2;0;0;2;4;7;0;9;5;6	0	0	2.2731153483335		
chr16	13625509	13640330	-	mmuCirc_003637	Parn	CTO:ANNOTATED:CDS	6	422	NM_028761	0	0	0	0	0	0.0327511113680254	0	0.0329821949908028	0.198887937983559	0	0;0;0;0;0;1;0;1;5;0	0	0	2.08560988458779	rnoCirc_001388	hsaCirc_005961
chr16	13628374	13647299	-	mmuCirc_003638	Parn	CTO:ANNOTATED:CDS	5	298	NM_028761	0	0	0	0	0	0.0327511113680254	0	0.164910974954014	0.0795551751934235	0	0;0;0;0;0;1;0;5;2;0	0	0	2.30781891757584		
chr16	13629583	13647299	-	mmuCirc_003639	Parn	CTO:ANNOTATED:CDS	4	222	NM_028761	0.0179914506425692	0	0.0185119210755352	0.0192294131873431	0.018226776348359	0.0655022227360508	0.0585734449204318	0.263857559926422	0.596663813950676	0.086016930138913	1;0;1;1;1;2;2;8;15;3	0	0	2.29444697253519		
chr16	13687391	13688925	+	mmuCirc_003640	Bfar	CTO:ANNOTATED:CDS	2	375	NM_001177552:NM_025976	0	0	0	0	0.018226776348359	0.0655022227360508	0	0.131928779963211	0.119332762790135	0.0286723100463043	0;0;0;0;1;2;0;4;3;1	0	0	2.04256638506175	rnoCirc_001389	
chr16	13697333	13699075	+	mmuCirc_003641	Bfar	CTO:ANNOTATED:CDS	2	377	NM_001177552:NM_025976	0.0179914506425692	0.0170667097749	0.0370238421510704	0.0192294131873431	0.018226776348359	0.327511113680254	0.0878601673806477	0.494732924862041	0.6762189891441	0.372740030601957	1;1;2;1;1;10;3;15;17;13	0	0	3.08378364955446	rnoCirc_001390	
chr16	13790621	13800016	+	mmuCirc_003642	Rrn3	CTO:ANNOTATED:CDS	6	596	NM_001039521	0	0	0	0.0384588263746862	0	0	0	0.0989465849724082	0.119332762790135	0.0286723100463043	0;0;0;2;0;0;0;3;3;1	0	0	1.70279498601572		
chr16	13808982	13811609	+	mmuCirc_003643	Rrn3	CTO:ANNOTATED:CDS	3	350	NM_001039521	0	0	0	0	0	0	0	0	0.119332762790135	0	0;0;0;0;0;0;0;0;3;0	0	0	2.80046262890159		
chr16	13843771	13845423	-	mmuCirc_003644	Pdxdc1	CTO:ANNOTATED:CDS	2	195	NM_001039533:NM_001291017:NM_053181	0	0	0	0.0192294131873431	0	0	0.0292867224602159	0.0329821949908028	0.23866552558027	0.143361550231522	0;0;0;1;0;0;1;1;6;5	0	0	2.1144458359846		
chr16	13845335	13857502	-	mmuCirc_003645	Pdxdc1	CTO:ANNOTATED:CDS	4	330	NM_001039533:NM_001291017:NM_053181	0	0	0	0	0	0.0327511113680254	0	0	0.119332762790135	0	0;0;0;0;0;1;0;0;3;0	0	0	2.09983205897444		
chr16	13854395	13857502	-	mmuCirc_003646	Pdxdc1	CTO:ANNOTATED:CDS	2	177	NM_001039533:NM_001291017:NM_053181	0	0	0	0	0	0	0.0292867224602159	0	0.119332762790135	0	0;0;0;0;0;0;1;0;3;0	0	0	2.05083083733911		
chr16	14127056	14140372	-	mmuCirc_003647	Marf1	CTO:ANNOTATED:CDS	10	1684	NM_001081154	0	0	0	0	0	0.0655022227360508	0.0292867224602159	0.0989465849724082	0.119332762790135	0	0;0;0;0;0;2;1;3;3;0	0	0	2.19246638660352		
chr16	14136938	14140372	-	mmuCirc_003648	Marf1	CTO:ANNOTATED:CDS	3	450	NM_001081154	0	0	0.0185119210755352	0	0	0.0655022227360508	0.146433612301079	0.0989465849724082	0	0.0286723100463043	0;0;1;0;0;2;5;3;0;1	0	0	2.01571873717203		
chr16	14138343	14140372	-	mmuCirc_003649	Marf1	CTO:ANNOTATED:CDS	2	369	NM_001081154	0.143931605140553	0.0682668390996	0.203631131830887	0.365358850559519	0.236948092528668	2.09607112755362	1.72791662515274	2.4406824293194	4.17664669765473	1.89237246305609	8;4;11;19;13;64;59;74;105;66	1	1	3.5596972041921		
chr16	14149016	14154031	-	mmuCirc_003650	Marf1	CTO:ANNOTATED:CDS:5UTR	4	1289	NM_001081154	0	0	0	0	0	0	0	0	0	0.086016930138913	0;0;0;0;0;0;0;0;0;3	0	0	2.40622276606355		
chr16	14151142	14154031	-	mmuCirc_003651	Marf1	CTO:ANNOTATED:CDS:5UTR	3	1062	NM_001081154	0	0	0	0	0	0.0655022227360508	0.0292867224602159	0.0659643899816055	0.198887937983559	0.086016930138913	0;0;0;0;0;2;1;2;5;3	0	0	2.27184868939061		
chr16	14169452	14185873	+	mmuCirc_003652	Nde1	CTO:ANNOTATED:CDS:5UTR	5	744	NM_001114085:NM_001285503:NM_001285504:NM_023317	0	0	0	0	0	0	0.0585734449204318	0.0989465849724082	0	0	0;0;0;0;0;0;2;3;0;0	0	0	2.27314188046974		
chr16	14389807	14394090	+	mmuCirc_003653	Abcc1	CTO:ANNOTATED:CDS	3	441	NM_008576	0	0	0	0	0	0.131004445472102	0	0.0329821949908028	0.198887937983559	0	0;0;0;0;0;4;0;1;5;0	0	0	2.5913824272591		
chr16	14389807	14396476	+	mmuCirc_003654	Abcc1	CTO:ANNOTATED:CDS	4	567	NM_008576	0.0179914506425692	0	0.0185119210755352	0	0	0.163755556840127	0	0.0659643899816055	0.357998288370406	0.0286723100463043	1;0;1;0;0;5;0;2;9;1	0	0	2.2389710717672		hsaCirc_005982
chr16	14403990	14423260	+	mmuCirc_003655	Abcc1	CTO:ANNOTATED:CDS	7	1065	NM_008576	0.0179914506425692	0	0	0	0	0.0327511113680254	0	0.0659643899816055	0.119332762790135	0	1;0;0;0;0;1;0;2;3;0	0	0	1.79257615909785		
chr16	14419700	14423260	+	mmuCirc_003656	Abcc1	CTO:ANNOTATED:CDS	2	297	NM_008576	0	0	0	0.0192294131873431	0.018226776348359	0.0327511113680254	0.117146889840864	0.131928779963211	0.0397775875967117	0.0286723100463043	0;0;0;1;1;1;4;4;1;1	0	0	1.6116722794343	rnoCirc_001448	hsaCirc_005985
chr16	14419700	14440059	+	mmuCirc_003657	Abcc1	CTO:ANNOTATED:CDS	5	605	NM_008576	0	0	0.0185119210755352	0	0	0.0655022227360508	0.0292867224602159	0.164910974954014	0.119332762790135	0.0286723100463043	0;0;1;0;0;2;1;5;3;1	0	0	1.94883574153498	rnoCirc_001447	
chr16	15625562	15626264	-	mmuCirc_003658	Mcm4	CTO:ANNOTATED:CDS	2	363	NM_008565	0	0	0	0	0	0	0.117146889840864	0	0.159110350386847	0.0286723100463043	0;0;0;0;0;0;4;0;4;1	0	0	2.40784268454673		
chr16	15697123	15708931	+	mmuCirc_003659	Prkdc	CTO:ANNOTATED:CDS	7	1140	NM_011159	0	0	0	0	0	0.131004445472102	0	0.197893169944816	0.0795551751934235	0.0573446200926087	0;0;0;0;0;4;0;6;2;2	0	0	2.65721636126068	rnoCirc_002608	
chr16	15772024	15779557	+	mmuCirc_003660	Prkdc	CTO:ANNOTATED:CDS	5	831	NM_011159	0	0	0	0	0	0	0	0.0329821949908028	0	0.086016930138913	0;0;0;0;0;0;0;1;0;3	0	0	1.90586519009457		
chr16	15783057	15810850	+	mmuCirc_003661	Prkdc	CTO:ANNOTATED:CDS	11	1878	NM_011159	0	0	0	0	0	0	0	0	0	0.086016930138913	0;0;0;0;0;0;0;0;0;3	0	0	2.40622276606355		
chr16	15799867	15809791	+	mmuCirc_003662	Prkdc	CTO:ANNOTATED:CDS	4	752	NM_011159	0	0	0	0	0	0	0	0.0989465849724082	0.0397775875967117	0.0286723100463043	0;0;0;0;0;0;0;3;1;1	0	0	1.8116492904069		
chr16	15799867	15816894	+	mmuCirc_003663	Prkdc	CTO:ANNOTATED:CDS	8	1342	NM_011159	0.0539743519277075	0.0341334195498	0	0.0576882395620293	0	0.131004445472102	0.234293779681727	0.296839754917225	0.318220700773694	0.114689240185217	3;2;0;3;0;4;8;9;8;4	0	0	2.42416794101007	rnoCirc_002606	
chr16	15829616	15831338	+	mmuCirc_003664	Prkdc	CTO:ANNOTATED:CDS	2	273	NM_011159	0	0	0	0.0192294131873431	0	0.0982533341040761	0.0585734449204318	0.0329821949908028	0	0	0;0;0;1;0;3;2;1;0;0	0	0	1.2428556571585		
chr16	15902909	15904261	-	mmuCirc_003665	Spidr	CTO:ANNOTATED:CDS	2	352	NM_146068	0.0179914506425692	0	0	0	0	0	0.0292867224602159	0	0.119332762790135	0	1;0;0;0;0;0;1;0;3;0	0	0	1.05866229154295		
chr16	15912519	15915387	-	mmuCirc_003666	Spidr	CTO:ANNOTATED:CDS	3	289	NM_146068	0	0	0	0.0192294131873431	0	0.0655022227360508	0	0.197893169944816	0.0795551751934235	0.0286723100463043	0;0;0;1;0;2;0;6;2;1	0	0	2.04204320040317	rnoCirc_002598	hsaCirc_014983
chr16	16037490	16037709	-	mmuCirc_003667	Spidr	CTO:ANNOTATED:CDS	1	220	NM_146068	0	0	0.0185119210755352	0	0.018226776348359	0.0327511113680254	0.117146889840864	0.263857559926422	0.278443113176982	0.086016930138913	0;0;1;0;1;1;4;8;7;3	0	0	2.48593298796147		
chr16	16114827	16140863	-	mmuCirc_003668	Spidr	CTO:ANNOTATED:CDS	4	555	NM_146068	0.0359829012851383	0	0.0185119210755352	0.0384588263746862	0.018226776348359	0.229257779576178	0.117146889840864	0.329821949908027	0.556886226353964	0.258050790416739	2;0;1;2;1;7;4;10;14;9	0	0	2.85619224603095		hsaCirc_014977
chr16	16140006	16140863	-	mmuCirc_003669	Spidr	CTO:ANNOTATED:CDS	2	223	NM_146068	0	0	0	0	0	0	0.0878601673806477	0.0329821949908028	0.198887937983559	0	0;0;0;0;0;0;3;1;5;0	0	0	2.42957281246126		
chr16	16225301	16230776	+	mmuCirc_003670	Pkp2	CTO:ANNOTATED:CDS	3	821	NM_026163	0.0359829012851383	0.0682668390996	0.129583447528746	0.173064718686088	0.0546803290450771	0.687773338728533	0.292867224602159	1.08841243469649	1.3524379782882	0.716807751157609	2;4;7;9;3;21;10;33;34;25	0	1	2.9014762516647	rnoCirc_002597	hsaCirc_003661
chr16	16230641	16247043	+	mmuCirc_003671	Pkp2	CTO:ANNOTATED:CDS	3	522	NM_026163	0	0.0170667097749	0	0.0192294131873431	0.018226776348359	0.131004445472102	0	0.329821949908027	0.875106927127658	0.143361550231522	0;1;0;1;1;4;0;10;22;5	0	0	2.55248187077387	rnoCirc_002595	
chr16	16246467	16247043	+	mmuCirc_003672	Pkp2	CTO:ALT_ACCEPTOR:CDS	1	577	NM_026163	0	0.0170667097749	0	0	0.018226776348359	0.163755556840127	0.0292867224602159	0.197893169944816	0.159110350386847	0.143361550231522	0;1;0;0;1;5;1;6;4;5	0	0	2.46290596932899		
chr16	16246866	16269772	+	mmuCirc_003673	Pkp2	CTO:ANNOTATED:CDS	7	1067	NM_026163	0	0	0	0.0192294131873431	0	0.0327511113680254	0.0585734449204318	0.0659643899816055	0.198887937983559	0.0286723100463043	0;0;0;1;0;1;2;2;5;1	0	0	1.84805370132061		