chr10	53348472	53380724	-	mmuCirc_000927	Cep85l	ITO:ALT_ACCEPTOR:CDS:5UTR	1	32253	NM_001204983	0.0359829012851383	0.0341334195498	0.0185119210755352	0.0384588263746862	0	0.262008890944203	0.175720334761295	0.0659643899816055	0.198887937983559	0.172033860277826	2;2;1;2;0;8;6;2;5;6	0	0	2.10266145543405		
chr10	53674566	53690148	-	mmuCirc_000928	Fam184a	CTO:ANNOTATED:CDS	5	756	NM_001081428	0.0359829012851383	0	0.0185119210755352	0	0.018226776348359	0.0982533341040761	0.0292867224602159	0.0659643899816055	0.198887937983559	0	2;0;1;0;1;3;1;2;5;0	0	0	1.21119856431288	rnoCirc_007413	
chr10	54014415	54030794	-	mmuCirc_000929	Man1a	CTO:ANNOTATED:CDS	3	294	NM_008548	0	0	0	0	0.0364535526967181	0.131004445472102	0	0	0	0.0286723100463043	0;0;0;0;2;4;0;0;0;1	0	0	1.35127799539029		
chr10	54014415	54063148	-	mmuCirc_000930	Man1a	CTO:ALT_ACCEPTOR:CDS	3	32648	NM_008548	0	0	0	0	0.018226776348359	0.0655022227360508	0	0.0329821949908028	0.397775875967117	0	0;0;0;0;1;2;0;1;10;0	0	0	1.73788581968277		
chr10	56123511	56151853	-	mmuCirc_000931	Tbc1d32	CTO:ANNOTATED:CDS	4	413	NM_001033385	0	0	0	0.0576882395620293	0.0546803290450771	0.229257779576178	0	0.197893169944816	0.596663813950676	0.172033860277826	0;0;0;3;3;7;0;6;15;6	0	1	2.85909807248145	rnoCirc_007416	
chr10	56123511	56155818	-	mmuCirc_000932	Tbc1d32	CTO:ANNOTATED:CDS	5	552	NM_001033385	0	0	0	0	0	0.0327511113680254	0.0292867224602159	0.0659643899816055	0.119332762790135	0	0;0;0;0;0;1;1;2;3;0	0	0	1.90115058077989	rnoCirc_007417	
chr10	56388793	56388904	+	mmuCirc_000933	Gja1	CTO:ALT_DONOR:ALT_ACCEPTOR:3UTR	1	112	NM_010288	0	0	0	0	0	0.131004445472102	0.117146889840864	0.0329821949908028	0.397775875967117	0	0;0;0;0;0;4;4;1;10;0	0	0	2.87108350364462		
chr10	56388820	56389026	+	mmuCirc_000934	Gja1	CTO:ALT_DONOR:ALT_ACCEPTOR:3UTR	1	207	NM_010288	0	0	0	0	0	0	0	0.0989465849724082	0.0397775875967117	0	0;0;0;0;0;0;0;3;1;0	0	0	2.07592331146981		
chr10	56388842	56389011	-	mmuCirc_000935	Gja1	AS:CTO	1	170	NM_010288	0	0	0	0	0	0	0	0.197893169944816	0	0	0;0;0;0;0;0;0;6;0;0	0	0	3.4455490694909		
chr10	57522956	57527826	-	mmuCirc_000936	Serinc1	CTO:ANNOTATED:CDS	5	811	NM_019760	0	0	0	0	0	0	0	0.0989465849724082	0.0397775875967117	0	0;0;0;0;0;0;0;3;1;0	0	0	2.07592331146981	rnoCirc_007420	
chr10	58285943	58292782	+	mmuCirc_000937	Gcc2	CTO:ANNOTATED:CDS	6	834	NM_027375	0.0179914506425692	0	0	0	0	0	0	0.0989465849724082	0	0.0286723100463043	1;0;0;0;0;0;0;3;0;1	0	0	0.97655613161309		
chr10	58285943	58296239	+	mmuCirc_000938	Gcc2	CTO:ANNOTATED:CDS	8	1181	NM_027375	0	0	0	0	0	0.0982533341040761	0	0	0	0	0;0;0;0;0;3;0;0;0;0	0	0	2.56380895521826		
chr10	58454573	58457784	+	mmuCirc_000939	Ranbp2	CTO:ANNOTATED:CDS	4	723	NM_011240	0	0	0.0370238421510704	0	0	0.0327511113680254	0.0292867224602159	0.0329821949908028	0.0397775875967117	0.114689240185217	0;0;2;0;0;1;1;1;1;4	0	0	1.38510205513817		
chr10	58488573	58490755	+	mmuCirc_000940	Ranbp2	CTO:ANNOTATED:CDS	2	248	NM_011240	0	0	0	0	0	0.0327511113680254	0	0.0329821949908028	0.198887937983559	0	0;0;0;0;0;1;0;1;5;0	0	0	2.08560988458779	rnoCirc_007342	
chr10	58524138	58529012	+	mmuCirc_000941	Ccdc138	CTO:ANNOTATED:CDS	4	465	NM_001162956	0.0179914506425692	0	0	0	0	0	0	0.0989465849724082	0.0397775875967117	0	1;0;0;0;0;0;0;3;1;0	0	0	1.07539060763008		
chr10	59166504	59178857	-	mmuCirc_000942	Sept10	CTO:ANNOTATED:CDS	4	587	NM_001024910:NM_001024911	0	0	0.0185119210755352	0.0384588263746862	0.018226776348359	0.0655022227360508	0.263580502141943	0.296839754917225	0.23866552558027	0.114689240185217	0;0;1;2;1;2;9;9;6;4	0	0	2.58491978101596		
chr10	59192166	59192815	-	mmuCirc_000943	Sept10	CTO:ANNOTATED:CDS	2	314	NM_001024910:NM_001024911	0	0.0682668390996	0.0370238421510704	0.0384588263746862	0.0364535526967181	0.327511113680254	0.234293779681727	0.59367950983445	0.636441401547388	0.0573446200926087	0;4;2;2;2;10;8;18;16;2	0	0	2.60335964731613	rnoCirc_007349	hsaCirc_008461
chr10	59451206	59456809	-	mmuCirc_000944	Mcu	CTO:ANNOTATED:CDS	3	482	NM_001033259	0	0	0	0	0	0	0	0	0.119332762790135	0.0286723100463043	0;0;0;0;0;0;0;0;3;1	0	0	2.04178193859134		
chr10	59599928	59600693	-	mmuCirc_000945	Mcu	INTRONIC	1	766	NM_001033259	0.0359829012851383	0.0170667097749	0	0.0576882395620293	0.0364535526967181	0.294760002312228	0.205007057221511	0.36280414489883	0.477331051160541	0.229378480370435	2;1;0;3;2;9;7;11;12;8	0	0	2.83462839517832		
chr10	59727957	59733157	+	mmuCirc_000946	Micu1	CTO:ANNOTATED:CDS:5UTR	2	337	NM_001291442:NM_001291443:NM_144822	0	0	0	0	0	0	0	0.0989465849724082	0.0397775875967117	0	0;0;0;0;0;0;0;3;1;0	0	0	2.07592331146981		hsaCirc_002230
chr10	59727957	59740822	+	mmuCirc_000947	Micu1	CTO:ANNOTATED:CDS:5UTR	3	500	NM_001291442:NM_001291443:NM_144822	0	0	0	0	0	0	0	0.0329821949908028	0.0397775875967117	0.114689240185217	0;0;0;0;0;0;0;1;1;4	0	0	1.91222499642986		
chr10	59787941	59827326	+	mmuCirc_000948	Micu1	CTO:ANNOTATED:CDS	3	419	NM_001291442:NM_001291443:NM_144822	0	0	0	0.0192294131873431	0	0	0	0	0.159110350386847	0.0286723100463043	0;0;0;1;0;0;0;0;4;1	0	0	1.7369711489908		
chr10	60004795	60013774	+	mmuCirc_000949	Ascc1	CTO:ANNOTATED:CDS:5UTR	4	510	NM_026937:NM_001199187	0	0	0	0	0	0.0982533341040761	0	0.0659643899816055	0.0795551751934235	0.0286723100463043	0;0;0;0;0;3;0;2;2;1	0	0	2.06653641916189	rnoCirc_007355	hsaCirc_002228
chr10	60012462	60013774	+	mmuCirc_000950	Ascc1	CTO:ANNOTATED:CDS	2	277	NM_026937:NM_001199187	0	0	0.0555357632266056	0	0	0.0655022227360508	0.0585734449204318	0.0659643899816055	0	0.0286723100463043	0;0;3;0;0;2;2;2;0;1	0	0	1.38492107033159	rnoCirc_007358	hsaCirc_002227
chr10	60042121	60064408	+	mmuCirc_000951	Ascc1	CTO:ANNOTATED:CDS	4	468	NM_026937:NM_001199187	0	0	0	0.0576882395620293	0	0.327511113680254	0.0292867224602159	0.0659643899816055	0.159110350386847	0.114689240185217	0;0;0;3;0;10;1;2;4;4	0	0	2.29611374012093		
chr10	60293424	60294652	+	mmuCirc_000952	Psap	CTO:ALT_DONOR:ALT_ACCEPTOR:CDS	2	171	NM_001146120:NM_001146121:NM_001146122:NM_001146123:NM_011179:NM_001146124	0	0	0	0	0	0	0.175720334761295	0	0	0	0;0;0;0;0;0;6;0;0;0	0	0	3.29072175036776		
chr10	60323289	60326148	-	mmuCirc_000953	Cdh23	CTO:ANNOTATED:CDS	3	789	NM_001252635:NM_023370:NR_045556	0.0359829012851383	0.0170667097749	0.148095368604282	0.0576882395620293	0	0.393013336416305	0.468587559363454	0.59367950983445	0.875106927127658	0.372740030601957	2;1;8;3;0;12;16;18;22;13	0	0	3.25871029335638	rnoCirc_007363	
chr10	60486990	60488647	-	mmuCirc_000954	Cdh23	CTO:ANNOTATED:CDS	2	302	NM_001252635:NM_023370:NR_045556	0	0	0	0	0	0	0	0.0989465849724082	0.0397775875967117	0	0;0;0;0;0;0;0;3;1;0	0	0	2.07592331146981	rnoCirc_007365	
chr10	61482336	61548215	+	mmuCirc_000955	Lrrc20	CTO:ANNOTATED:CDS:5UTR	3	465	NM_153542	0	0	0	0	0.018226776348359	0	0	0.131928779963211	0.0397775875967117	0.0573446200926087	0;0;0;0;1;0;0;4;1;2	0	0	1.8405484530015	rnoCirc_007368	
chr10	61527060	61548215	+	mmuCirc_000956	Lrrc20	CTO:ANNOTATED:CDS	2	318	NM_153542	0.0179914506425692	0	0	0.115376479124059	0.018226776348359	0.0327511113680254	0.175720334761295	0.164910974954014	0.23866552558027	0.0573446200926087	1;0;0;6;1;1;6;5;6;2	0	0	1.78476709545328	rnoCirc_007369	
chr10	61660912	61665466	+	mmuCirc_000957	Ppa1	CTO:ANNOTATED:CDS	3	334	NM_026438	0	0	0.0555357632266056	0	0	0	0	0	0	0.0286723100463043	0;0;3;0;0;0;0;0;0;1	0	0	-0.317029308763972		
chr10	62274447	62275864	-	mmuCirc_000958	Hk1	CTO:ANNOTATED:CDS	2	340	NM_001146100:NM_010438	0	0	0	0	0	0.0327511113680254	0.0292867224602159	0	0.0397775875967117	0.086016930138913	0;0;0;0;0;1;1;0;1;3	0	0	1.67155699430488		
chr10	62437434	62441246	-	mmuCirc_000959	Supv3l1	CTO:ANNOTATED:CDS	3	282	NM_181423	0.0359829012851383	0	0.0370238421510704	0.115376479124059	0.0546803290450771	0.556768893256432	0.49787428182367	0.626661704825252	0.636441401547388	0.229378480370435	2;0;2;6;3;17;17;19;16;8	0	1	3.11601302956922		
chr10	62639861	62643372	-	mmuCirc_000960	Ddx50	CTO:ANNOTATED:CDS	5	705	NM_053183	0	0.0170667097749	0	0	0	0.0327511113680254	0	0.0329821949908028	0.119332762790135	0	0;1;0;0;0;1;0;1;3;0	0	0	1.17876191800129		
chr10	62746901	62747464	-	mmuCirc_000961	Ccar1	CTO:ANNOTATED:CDS	2	307	NM_026201	0	0	0	0	0	0.0327511113680254	0.117146889840864	0.0659643899816055	0.159110350386847	0	0;0;0;0;0;1;4;2;4;0	0	0	2.36084186345011		hsaCirc_002201
chr10	62750547	62751016	-	mmuCirc_000962	Ccar1	CTO:ANNOTATED:CDS	2	227	NM_026201	0.0179914506425692	0.0170667097749	0	0.0384588263746862	0.018226776348359	0.229257779576178	0.351440669522591	0.461750729871238	0.23866552558027	0.20070617032413	1;1;0;2;1;7;12;14;6;7	0	0	3.0608218256961		hsaCirc_002199
chr10	62760094	62760279	-	mmuCirc_000963	Ccar1	CTO:ANNOTATED:CDS	1	186	NM_026201	0	0	0	0	0.018226776348359	0.0327511113680254	0.0878601673806477	0.164910974954014	0.159110350386847	0.0286723100463043	0;0;0;0;1;1;3;5;4;1	0	0	2.11006904427336		
chr10	62770855	62772065	-	mmuCirc_000964	Ccar1	CTO:ANNOTATED:CDS	2	292	NM_026201	0.0179914506425692	0	0.0370238421510704	0.0192294131873431	0.0364535526967181	0.196506668208152	0.234293779681727	0.36280414489883	0.318220700773694	0.172033860277826	1;0;2;1;2;6;8;11;8;6	0	0	2.76004801151345		
chr10	62776568	62776963	-	mmuCirc_000965	Ccar1	CTO:ANNOTATED:CDS	2	308	NM_026201	0.125940154497984	0.1024002586494	0.0555357632266056	0.0961470659367156	0.0364535526967181	1.08078667514484	0.878601673806477	1.84700291948495	1.94910179223888	0.831496991342826	7;6;3;5;2;33;30;56;49;29	1	0	3.6833920002132		hsaCirc_002196
chr10	62776568	62785594	-	mmuCirc_000966	Ccar1	CTO:ANNOTATED:CDS	6	744	NM_026201	0.0179914506425692	0	0	0.0192294131873431	0.0364535526967181	0.0327511113680254	0.0878601673806477	0.131928779963211	0.159110350386847	0	1;0;0;1;2;1;3;4;4;0	0	0	1.30474338360761		
chr10	62832894	62840378	-	mmuCirc_000967	Tet1	CTO:ANNOTATED:CDS	3	2388	NM_001253857:NM_027384	0	0	0	0	0.018226776348359	0.0327511113680254	0.0292867224602159	0.0329821949908028	0.198887937983559	0.0286723100463043	0;0;0;0;1;1;1;1;5;1	0	0	1.58130928090469	rnoCirc_007332	
chr10	62932719	62937994	+	mmuCirc_000968	Slc25a16	CTO:ANNOTATED:CDS	3	253	NM_175194	0	0	0	0	0	0.0655022227360508	0	0.131928779963211	0.119332762790135	0.0286723100463043	0;0;0;0;0;2;0;4;3;1	0	0	2.27621227088616	rnoCirc_007328	
chr10	63015802	63017610	-	mmuCirc_000969	Hnrnph3	CTO:ANNOTATED:CDS	5	528	NM_001079824	0	0.0170667097749	0	0	0.018226776348359	0.163755556840127	0.0585734449204318	0.197893169944816	0.0397775875967117	0.0573446200926087	0;1;0;0;1;5;2;6;1;2	0	0	2.06510097493688		
chr10	63016407	63019527	-	mmuCirc_000970	Hnrnph3	CTO:ANNOTATED:CDS:5UTR	6	798	NM_001079824	0	0	0	0	0	0	0	0.0989465849724082	0	0	0;0;0;0;0;0;0;3;0;0	0	0	2.57224194660756		
chr10	63047468	63061701	+	mmuCirc_000971	Pbld2:Pbld1	ITO:ANNOTATED	1	14234	NM_026085:NM_026701	0	0.0170667097749	0.0185119210755352	0	0.018226776348359	0	0.0585734449204318	0.131928779963211	0.0397775875967117	0	0;1;1;0;1;0;2;4;1;0	0	0	0.927239269547978		
chr10	63145836	63169430	-	mmuCirc_000972	Mypn	CTO:ANNOTATED:CDS	8	1068	NM_182992	0	0	0	0.0192294131873431	0.018226776348359	0.0655022227360508	0.0292867224602159	0.0989465849724082	0.0397775875967117	0.0573446200926087	0;0;0;1;1;2;1;3;1;2	0	0	1.51875784804831		hsaCirc_002165
chr10	63152795	63169430	-	mmuCirc_000973	Mypn	CTO:ANNOTATED:CDS	5	554	NM_182992	0.0179914506425692	0.0341334195498	0	0.0384588263746862	0	0.163755556840127	0.0585734449204318	0.0659643899816055	0.0397775875967117	0	1;2;0;2;0;5;2;2;1;0	0	0	1.23687160825072		hsaCirc_002164
chr10	63162222	63169430	-	mmuCirc_000974	Mypn	CTO:ANNOTATED:CDS	4	412	NM_182992	0.161923055783122	0.2048005172988	0.0740476843021408	0.153835305498745	0.164040987135231	1.24454223198496	0.820028228886045	1.1873590196689	2.46621043099613	0.745480061203913	9;12;4;8;9;38;28;36;62;26	1	1	2.85516379387572	rnoCirc_007319	hsaCirc_002163
chr10	63163513	63169430	-	mmuCirc_000975	Mypn	CTO:ANNOTATED:CDS	3	340	NM_182992	0.0719658025702766	0.0341334195498	0.0370238421510704	0.192294131873431	0.0364535526967181	0.294760002312228	0.556447726744102	1.02244804471489	1.67065867906189	0.630790821018696	4;2;2;10;2;9;19;31;42;22	0	0	3.18009085163041		
chr10	63269628	63273672	+	mmuCirc_000976	Herc4	CTO:ANNOTATED:CDS	2	299	NM_026101:NM_030114	0	0	0	0	0	0	0.0878601673806477	0	0	0	0;0;0;0;0;0;3;0;0;0	0	0	2.43109027266771		
chr10	63269628	63278465	+	mmuCirc_000977	Herc4	CTO:ANNOTATED:CDS	4	522	NM_026101:NM_030114	0.0179914506425692	0.0170667097749	0	0	0.018226776348359	0.131004445472102	0.0292867224602159	0.131928779963211	0.159110350386847	0.143361550231522	1;1;0;0;1;4;1;4;4;5	0	0	2.1170864804479		
chr10	63287519	63288009	+	mmuCirc_000978	Herc4	CTO:ANNOTATED:CDS	2	172	NM_026101:NM_030114	0.0179914506425692	0	0.0185119210755352	0	0	0.196506668208152	0.117146889840864	0.0659643899816055	0.397775875967117	0.143361550231522	1;0;1;0;0;6;4;2;10;5	0	0	2.77228053269125	rnoCirc_007214	
chr10	63289052	63299239	+	mmuCirc_000979	Herc4	CTO:ANNOTATED:CDS	3	483	NM_026101:NM_030114	0	0	0	0	0	0.0327511113680254	0.0292867224602159	0.0989465849724082	0.0397775875967117	0.0286723100463043	0;0;0;0;0;1;1;3;1;1	0	0	1.62706968120892		
chr10	63299120	63307909	+	mmuCirc_000980	Herc4	CTO:ANNOTATED:CDS	4	411	NM_026101:NM_030114	0	0	0	0	0	0.0655022227360508	0.146433612301079	0.0329821949908028	0	0.0573446200926087	0;0;0;0;0;2;5;1;0;2	0	0	2.12741135075007	rnoCirc_007217	
chr10	63306348	63311914	+	mmuCirc_000981	Herc4	CTO:ANNOTATED:CDS	5	645	NM_026101:NM_030114	0	0	0	0	0	0	0.0292867224602159	0.131928779963211	0.119332762790135	0.0286723100463043	0;0;0;0;0;0;1;4;3;1	0	0	2.07752155104824	rnoCirc_007219	
chr10	64250698	64260965	+	mmuCirc_000982	Ctnna3	CTO:ANNOTATED:CDS	2	234	NM_177612:NM_001164376:NM_001164519	0.0359829012851383	0.0341334195498	0.111071526453211	0.115376479124059	0.109360658090154	0.556768893256432	0.410014114443022	0.791572679779266	1.3524379782882	0.229378480370435	2;2;6;6;6;17;14;24;34;8	0	1	2.65474475394164	rnoCirc_007310	hsaCirc_002129
chr10	64834578	64873342	+	mmuCirc_000983	Ctnna3	CTO:ANNOTATED:CDS	2	275	NM_177612:NM_001164376:NM_001164519	0	0	0.0370238421510704	0	0	0.0982533341040761	0	0.0659643899816055	0	0	0;0;2;0;0;3;0;2;0;0	0	0	1.57799143309482	rnoCirc_007308	
chr10	67034599	67036005	-	mmuCirc_000984	Reep3	CTO:ANNOTATED:CDS	2	235	NM_001204915:NM_178606	0.0539743519277075	0.0512001293247	0	0.0576882395620293	0.0364535526967181	0.458515559152355	0.234293779681727	0.527715119852844	0.596663813950676	0.20070617032413	3;3;0;3;2;14;8;16;15;7	0	0	2.85221474707983		
chr10	67034599	67039577	-	mmuCirc_000985	Reep3	CTO:ANNOTATED:CDS	3	312	NM_001204915:NM_178606	0	0	0	0	0.018226776348359	0.0982533341040761	0.0878601673806477	0.164910974954014	0.517108638757253	0.0573446200926087	0;0;0;0;1;3;3;5;13;2	0	0	2.79350351997236	rnoCirc_007305	
chr10	67157907	67158071	+	mmuCirc_000986	Jmjd1c	CTO:ANNOTATED:CDS	1	165	NM_207221	0	0.0170667097749	0	0.0576882395620293	0	0.0327511113680254	0.117146889840864	0.263857559926422	0.318220700773694	0.315395410509348	0;1;0;3;0;1;4;8;8;11	0	0	2.66076211384758	rnoCirc_007302	hsaCirc_002124
chr10	67157907	67189849	+	mmuCirc_000987	Jmjd1c	CTO:ANNOTATED:CDS:5UTR	2	279	NM_207221	0.0719658025702766	0.0341334195498	0.0555357632266056	0.115376479124059	0.0911338817417952	0.42576444778433	0.292867224602159	0.857537069760872	1.3524379782882	1.23290933199109	4;2;3;6;5;13;10;26;34;43	0	1	3.03658057927159	rnoCirc_007301	
chr10	68118251	68135106	-	mmuCirc_000988	Arid5b	CTO:ANNOTATED:CDS	4	469	NM_023598	0	0	0	0	0	0.0982533341040761	0	0	0.0397775875967117	0.0286723100463043	0;0;0;0;0;3;0;0;1;1	0	0	1.80883829327713		
chr10	68186026	68243229	-	mmuCirc_000989	Arid5b	CTO:ANNOTATED:CDS	2	457	NM_023598	0	0	0.0185119210755352	0.0192294131873431	0	0	0	0.0329821949908028	0.437553463563829	0.0573446200926087	0;0;1;1;0;0;0;1;11;2	0	0	1.98514537853892		
chr10	68748376	68751328	+	mmuCirc_000990	Tmem26	CTO:ANNOTATED:CDS	2	335	NM_177794	0	0	0	0	0	0.0655022227360508	0	0.0989465849724082	0.159110350386847	0.0286723100463043	0;0;0;0;0;2;0;3;4;1	0	0	2.27852048118981		
chr10	69927695	69932496	+	mmuCirc_000991	Ank3	CTO:ANNOTATED:CDS	2	227	NM_146005:NM_170688:NM_170689:NM_170690:NM_170728:NM_170729:NM_170730:NM_009670:NM_170687	0	0	0.0185119210755352	0	0.018226776348359	0.0655022227360508	0.0292867224602159	0.0659643899816055	0.23866552558027	0.0286723100463043	0;0;1;0;1;2;1;2;6;1	0	0	1.71942572543591		hsaCirc_002119
chr10	69932394	69959072	+	mmuCirc_000992	Ank3	CTO:ANNOTATED:CDS	4	590	NM_146005:NM_170688:NM_170689:NM_170690:NM_170728:NM_170729:NM_170730:NM_009670:NM_170687	0.0179914506425692	0	0.0185119210755352	0.0384588263746862	0	0.0655022227360508	0	0.0989465849724082	0.0795551751934235	0.0286723100463043	1;0;1;2;0;2;0;3;2;1	0	0	1.21210016940998		
chr10	69994372	69999498	+	mmuCirc_000993	Ank3	CTO:ANNOTATED:CDS	3	351	NM_146005:NM_170688:NM_170689:NM_170690:NM_170728:NM_170729:NM_170730:NM_009670:NM_170687	0	0	0.0185119210755352	0	0	0	0	0.0989465849724082	0.0397775875967117	0.0286723100463043	0;0;1;0;0;0;0;3;1;1	0	0	1.49654759362731	rnoCirc_007297	