chr14	78947141	78984302	+	mmuCirc_003138	Vwa8	CTO:ANNOTATED:CDS	5	620	NM_173758:NM_027906	0.0179914506425692	0	0	0	0	0.0655022227360508	0.0878601673806477	0	0	0.0573446200926087	1;0;0;0;0;2;3;0;0;2	0	0	1.85089278082769		
chr14	78982236	78984302	+	mmuCirc_003139	Vwa8	CTO:ANNOTATED:CDS	2	275	NM_173758:NM_027906	0	0.0341334195498	0.092559605377676	0.0769176527493725	0.0364535526967181	0.131004445472102	0.146433612301079	0.296839754917225	0.477331051160541	0.143361550231522	0;2;5;4;2;4;5;9;12;5	0	0	1.98444920488235		
chr14	78982236	78995163	+	mmuCirc_003140	Vwa8	CTO:ANNOTATED:CDS	4	522	NM_173758:NM_027906	0	0	0.0185119210755352	0	0	0	0.0585734449204318	0.0659643899816055	0.159110350386847	0.0573446200926087	0;0;1;0;0;0;2;2;4;2	0	0	2.06163840821648	rnoCirc_004322	
chr14	78982236	79026077	+	mmuCirc_003141	Vwa8	CTO:ANNOTATED:CDS	8	924	NM_173758:NM_027906	0.0179914506425692	0	0	0	0	0.131004445472102	0	0	0.0397775875967117	0.0286723100463043	1;0;0;0;0;4;0;0;1;1	0	0	1.61785008054166		hsaCirc_004369
chr14	78982236	79038201	+	mmuCirc_003142	Vwa8	CTO:ANNOTATED:CDS	9	1001	NM_173758:NM_027906	0	0	0	0	0	0.0327511113680254	0	0.131928779963211	0	0.0286723100463043	0;0;0;0;0;1;0;4;0;1	0	0	1.86920867285401		hsaCirc_004366
chr14	78994400	79026077	+	mmuCirc_003143	Vwa8	CTO:ANNOTATED:CDS	6	649	NM_173758:NM_027906	0	0.0512001293247	0	0	0	0.131004445472102	0.0878601673806477	0.0659643899816055	0.159110350386847	0	0;3;0;0;0;4;3;2;4;0	0	0	2.19556137305627		hsaCirc_004368
chr14	79009164	79026077	+	mmuCirc_003144	Vwa8	CTO:ANNOTATED:CDS	4	402	NM_173758:NM_027906	0.0359829012851383	0	0.0370238421510704	0.0384588263746862	0.0364535526967181	0.196506668208152	0.351440669522591	0.296839754917225	0.477331051160541	0.20070617032413	2;0;2;2;2;6;12;9;12;7	0	0	2.73924676310467		hsaCirc_004367
chr14	79009164	79038201	+	mmuCirc_003145	Vwa8	CTO:ANNOTATED:CDS	5	479	NM_173758:NM_027906	0	0	0.0185119210755352	0	0	0.131004445472102	0.117146889840864	0.164910974954014	0.198887937983559	0.0573446200926087	0;0;1;0;0;4;4;5;5;2	0	0	2.67220889451845		
chr14	79056647	79065005	+	mmuCirc_003146	Vwa8	CTO:ANNOTATED:CDS	5	690	NM_173758:NM_027906	0	0	0.0370238421510704	0	0	0.327511113680254	0.0878601673806477	0.296839754917225	0.278443113176982	0.086016930138913	0;0;2;0;0;10;3;9;7;3	0	0	3.06596010425666	rnoCirc_004327	hsaCirc_004362
chr14	79081113	79103696	+	mmuCirc_003147	Vwa8	CTO:ANNOTATED:CDS	11	1498	NM_027906	0	0	0	0	0	0	0	0.131928779963211	0	0	0;0;0;0;0;0;0;4;0;0	0	0	2.92532328123365		hsaCirc_004360
chr14	79086620	79103696	+	mmuCirc_003148	Vwa8	CTO:ANNOTATED:CDS	9	1250	NM_027906	0	0.0170667097749	0	0	0	0	0	0.0989465849724082	0.159110350386847	0	0;1;0;0;0;0;0;3;4;0	0	0	1.61496489709351		
chr14	79157072	79164212	+	mmuCirc_003149	Vwa8	CTO:ANNOTATED:CDS	3	375	NM_027906	0	0	0	0	0	0.0327511113680254	0.0585734449204318	0	0.119332762790135	0	0;0;0;0;0;1;2;0;3;0	0	0	2.05790197742693		
chr14	79339534	79341095	-	mmuCirc_003150	Naa16	CTO:ANNOTATED:CDS	3	352	NM_025832	0	0.0170667097749	0	0	0	0.0982533341040761	0	0.0329821949908028	0.278443113176982	0.086016930138913	0;1;0;0;0;3;0;1;7;3	0	0	1.8769598666019		
chr14	79355721	79370097	-	mmuCirc_003151	Naa16	CTO:ANNOTATED:CDS	5	599	NM_025832	0	0	0.0185119210755352	0.0192294131873431	0.0546803290450771	0.163755556840127	0.117146889840864	0.230875364935619	0.198887937983559	0.0286723100463043	0;0;1;1;3;5;4;7;5;1	0	0	2.10870350963974		
chr14	79369078	79370097	-	mmuCirc_003152	Naa16	CTO:ANNOTATED:CDS	2	203	NM_025832	0.0899572532128458	0	0	0.0192294131873431	0.018226776348359	0.294760002312228	0.351440669522591	0.36280414489883	0.755774164337523	0.143361550231522	5;0;0;1;1;9;12;11;19;5	0	0	3.27838919240391		
chr14	79369078	79377521	-	mmuCirc_003153	Naa16	CTO:ANNOTATED:CDS	4	477	NM_025832	0	0	0	0	0	0.131004445472102	0.117146889840864	0.164910974954014	0.119332762790135	0.0573446200926087	0;0;0;0;0;4;4;5;3;2	0	0	2.73093832824843		
chr14	79374736	79377521	-	mmuCirc_003154	Naa16	CTO:ANNOTATED:CDS	2	274	NM_025832	0	0	0	0.0769176527493725	0	0.0655022227360508	0.0878601673806477	0.0989465849724082	0.0397775875967117	0.0573446200926087	0;0;0;4;0;2;3;3;1;2	0	0	1.67068806018412		
chr14	79377368	79387106	-	mmuCirc_003155	Naa16	CTO:ANNOTATED:CDS	5	637	NM_025832	0	0	0	0	0	0	0	0.0989465849724082	0	0	0;0;0;0;0;0;0;3;0;0	0	0	2.57224194660756		
chr14	79381495	79387106	-	mmuCirc_003156	Naa16	CTO:ANNOTATED:CDS	4	483	NM_025832	0.0179914506425692	0	0	0.0192294131873431	0.018226776348359	0.0327511113680254	0	0.0659643899816055	0.159110350386847	0.0573446200926087	1;0;0;1;1;1;0;2;4;2	0	0	1.44620607488281	rnoCirc_004330	
chr14	79470105	79470733	-	mmuCirc_003157	Wbp4	CTO:ANNOTATED:CDS	2	123	NM_018765	0	0	0	0	0	0	0.0585734449204318	0	0.119332762790135	0	0;0;0;0;0;0;2;0;3;0	0	0	2.38725222161676		
chr14	79536123	79536422	+	mmuCirc_003158	Elf1	CTO:ANNOTATED:CDS:5UTR	1	300	NM_007920:NM_001286411:NM_001286412	0.0179914506425692	0	0.0185119210755352	0	0.018226776348359	0.0982533341040761	0.0585734449204318	0.0989465849724082	0.437553463563829	0.143361550231522	1;0;1;0;1;3;2;3;11;5	0	0	2.37007885228986	rnoCirc_004338	
chr14	79580185	79580789	+	mmuCirc_003159	Elf1	CTO:ALT_DONOR:CDS:3UTR	1	605	NM_007920:NM_001286411:NM_001286412	0	0.0170667097749	0	0	0.018226776348359	0.262008890944203	0.0878601673806477	0.131928779963211	0.198887937983559	0.114689240185217	0;1;0;0;1;8;3;4;5;4	0	0	2.71061158845742		
chr14	84477323	84477687	+	mmuCirc_003160	Pcdh17	CTO:ANNOTATED:CDS	2	232	NM_001013753	0.0179914506425692	0.0341334195498	0.0185119210755352	0.0769176527493725	0.0364535526967181	0.327511113680254	0.263580502141943	0.395786339889633	1.07399486511122	0.630790821018696	1;2;1;4;2;10;9;12;27;22	0	0	3.20774100102844	rnoCirc_004340	
chr14	86772086	86810471	-	mmuCirc_003161	Diap3	CTO:ANNOTATED:CDS	3	292	NM_019670	0.0179914506425692	0	0	0	0	0.0655022227360508	0.0878601673806477	0	0	0	1;0;0;0;0;2;3;0;0;0	0	0	1.80068869887332		
chr14	86852072	86866642	-	mmuCirc_003162	Diap3	CTO:ANNOTATED:CDS	2	370	NM_019670	0	0.0341334195498	0.0185119210755352	0.0384588263746862	0	0.0327511113680254	0.0292867224602159	0.0329821949908028	0.477331051160541	0.20070617032413	0;2;1;2;0;1;1;1;12;7	0	0	1.65537046631527	rnoCirc_004346	
chr14	87457034	87472236	+	mmuCirc_003163	Tdrd3	CTO:ANNOTATED:CDS	3	312	NM_001253755:NM_172605	0	0.0341334195498	0	0	0.018226776348359	0.42576444778433	0.175720334761295	0.659643899816055	0.636441401547388	0.143361550231522	0;2;0;0;1;13;6;20;16;5	0	0	3.71022527139631		hsaCirc_004479
chr14	87457034	87474840	+	mmuCirc_003164	Tdrd3	CTO:ANNOTATED:CDS	4	454	NM_001253755:NM_172605	0	0.0170667097749	0.0370238421510704	0.0384588263746862	0.018226776348359	0.0327511113680254	0.117146889840864	0.197893169944816	0.159110350386847	0.114689240185217	0;1;2;2;1;1;4;6;4;4	0	0	1.73060926903931		hsaCirc_004480
chr14	87457034	87487287	+	mmuCirc_003165	Tdrd3	CTO:ANNOTATED:CDS	9	1100	NM_001253755:NM_172605	0	0.0170667097749	0	0	0	0.0327511113680254	0.0585734449204318	0.0659643899816055	0.0795551751934235	0.086016930138913	0;1;0;0;0;1;2;2;2;3	0	0	1.86171549650433	rnoCirc_004348	hsaCirc_004484
chr14	87457034	87511770	+	mmuCirc_003166	Tdrd3	CTO:ANNOTATED:CDS	11	2074	NM_001253755:NM_172605	0	0	0	0	0	0	0	0	0.0397775875967117	0.086016930138913	0;0;0;0;0;0;0;0;1;3	0	0	1.9929137211978		hsaCirc_004485
chr14	87472076	87474840	+	mmuCirc_003167	Tdrd3	CTO:ANNOTATED:CDS	2	303	NM_001253755:NM_172605	0.0179914506425692	0	0.0740476843021408	0.0192294131873431	0.0364535526967181	0.163755556840127	0.117146889840864	0.197893169944816	0.517108638757253	0.20070617032413	1;0;4;1;2;5;4;6;13;7	0	0	2.40120895433994	rnoCirc_004349	hsaCirc_004490
chr14	87472076	87487287	+	mmuCirc_003168	Tdrd3	CTO:ANNOTATED:CDS	7	949	NM_001253755:NM_172605	0.179914506425692	0.170667097749	0.092559605377676	0.115376479124059	0.0911338817417952	1.08078667514484	1.05432200856777	2.63857559926422	1.63088109146518	0.544773890879783	10;10;5;6;5;33;36;80;41;19	1	1	3.09416655970559	rnoCirc_004350	
chr14	87472076	87511770	+	mmuCirc_003169	Tdrd3	CTO:ANNOTATED:CDS	9	1923	NM_001253755:NM_172605	0.0179914506425692	0.0512001293247	0.0370238421510704	0	0.0546803290450771	0.0327511113680254	0.0292867224602159	0	0.357998288370406	0.0286723100463043	1;3;2;0;3;1;1;0;9;1	0	0	0.410792277090704	rnoCirc_004352	
chr14	97827742	97831441	-	mmuCirc_003170	Dach1	CTO:ANNOTATED:CDS	3	361	NM_001038610:NM_007826	0	0	0	0.0576882395620293	0.0911338817417952	0.196506668208152	0	0.0659643899816055	0.318220700773694	0.086016930138913	0;0;0;3;5;6;0;2;8;3	0	1	1.89856787480089		
chr14	97827742	97840240	-	mmuCirc_003171	Dach1	CTO:ANNOTATED:CDS	4	513	NM_001038610:NM_007826	0.0179914506425692	0	0	0	0	0.0655022227360508	0.0878601673806477	0	0.0397775875967117	0	1;0;0;0;0;2;3;0;1;0	0	0	1.7269940246929		hsaCirc_004500
chr14	97969807	98018993	-	mmuCirc_003172	Dach1	CTO:ANNOTATED:CDS	2	278	NM_001038610:NM_007826	0.0359829012851383	0	0.0185119210755352	0	0.018226776348359	0.229257779576178	0.205007057221511	0.36280414489883	0.556886226353964	0.20070617032413	2;0;1;0;1;7;7;11;14;7	0	0	3.26787892057583	rnoCirc_004360	
chr14	99133236	99150741	+	mmuCirc_003173	Pibf1	CTO:ANNOTATED:CDS	5	650	NM_029320	0	0	0.0185119210755352	0.0192294131873431	0.018226776348359	0.0327511113680254	0.0292867224602159	0.0659643899816055	0.318220700773694	0.0573446200926087	0;0;1;1;1;1;1;2;8;2	0	0	1.59670186153202		
chr14	99150643	99156619	+	mmuCirc_003174	Pibf1	CTO:ALT_DONOR:CDS	1	5977	NM_029320	0	0	0	0	0	0	0	0.0989465849724082	0	0.0286723100463043	0;0;0;0;0;0;0;3;0;1	0	0	1.92767159744432		
chr14	99186481	99211070	+	mmuCirc_003175	Pibf1	CTO:ANNOTATED:CDS	4	476	NM_029320	0	0	0	0	0.018226776348359	0.262008890944203	0.0585734449204318	0.230875364935619	0.556886226353964	0.315395410509348	0;0;0;0;1;8;2;7;14;11	0	0	3.48480637478708		
chr14	99210940	99243009	+	mmuCirc_003176	Pibf1	CTO:ANNOTATED:CDS	3	387	NM_029320	0	0	0	0	0.018226776348359	0	0	0.0989465849724082	0.0397775875967117	0.0573446200926087	0;0;0;0;1;0;0;3;1;2	0	0	1.7228546747928		
chr14	100100071	100109860	-	mmuCirc_003177	Klf12	CTO:ALT_DONOR:CDS	1	9790	NM_010636	0	0.0170667097749	0	0.0576882395620293	0	0.262008890944203	0.146433612301079	0.428768534880436	0.437553463563829	0.401412340648261	0;1;0;3;0;8;5;13;11;14	0	0	3.48553041631766		
chr14	100109497	100109860	-	mmuCirc_003178	Klf12	CTO:ALT_DONOR:CDS	1	364	NM_010636	0.0359829012851383	0.0170667097749	0.0555357632266056	0.0192294131873431	0.018226776348359	0.0655022227360508	0.117146889840864	0.36280414489883	0.198887937983559	0.143361550231522	2;1;3;1;1;2;4;11;5;5	0	0	1.88309481981708		
chr14	100109771	100149795	-	mmuCirc_003179	Klf12	CTO:ALT_ACCEPTOR:CDS:5UTR	2	154	NM_010636	0	0	0.0185119210755352	0	0	0.0327511113680254	0.0292867224602159	0.197893169944816	0.0795551751934235	0.143361550231522	0;0;1;0;0;1;1;6;2;5	0	0	2.10922747691445	rnoCirc_004370	hsaCirc_004515
chr14	101447527	101465764	-	mmuCirc_003180	Tbc1d4	CTO:ANNOTATED:CDS	8	1444	NM_001081278	0	0	0	0	0	0.0655022227360508	0	0.164910974954014	0	0.0286723100463043	0;0;0;0;0;2;0;5;0;1	0	0	2.19594070777849	rnoCirc_004371	
chr14	101487428	101507690	-	mmuCirc_003181	Tbc1d4	CTO:ANNOTATED:CDS	7	1254	NM_001081278	0	0	0	0	0	0	0	0.131928779963211	0	0	0;0;0;0;0;0;0;4;0;0	0	0	2.92532328123365	rnoCirc_004375	hsaCirc_004526
chr14	101494346	101507690	-	mmuCirc_003182	Tbc1d4	CTO:ANNOTATED:CDS	4	931	NM_001081278	0	0	0	0	0	0.131004445472102	0.0292867224602159	0.0329821949908028	0	0.0573446200926087	0;0;0;0;0;4;1;1;0;2	0	0	1.89363168042497	rnoCirc_004376	hsaCirc_004528
chr14	101501012	101507690	-	mmuCirc_003183	Tbc1d4	CTO:ANNOTATED:CDS	3	798	NM_001081278	0	0	0.0185119210755352	0	0	0.229257779576178	0.117146889840864	0.263857559926422	0.278443113176982	0.229378480370435	0;0;1;0;0;7;4;8;7;8	0	0	3.36773118539712	rnoCirc_004377	hsaCirc_004529
chr14	101665761	101668576	+	mmuCirc_003184	Uchl3	CTO:ANNOTATED:CDS	4	420	NM_016723	0	0	0	0	0	0	0	0	0.119332762790135	0.0286723100463043	0;0;0;0;0;0;0;0;3;1	0	0	2.04178193859134		hsaCirc_004530
chr14	101896467	101902369	+	mmuCirc_003185	Lmo7	CTO:ANNOTATED:CDS	4	1141	NM_201529	0.0899572532128458	0.0170667097749	0.148095368604282	0.134605892311402	0.109360658090154	0.556768893256432	0.351440669522591	0.95648365473328	0.994439689917794	0.630790821018696	5;1;8;7;6;17;12;29;25;22	0	1	2.65982263865069	rnoCirc_004364	hsaCirc_004538
chr14	101896467	101912160	+	mmuCirc_003186	Lmo7	CTO:ANNOTATED:CDS	6	1418	NM_201529	0	0.0170667097749	0	0	0	0.0982533341040761	0	0	0.0397775875967117	0.0573446200926087	0;1;0;0;0;3;0;0;1;2	0	0	1.30114762905436		hsaCirc_004539
chr14	101896467	101914337	+	mmuCirc_003187	Lmo7	CTO:ANNOTATED:CDS	8	1586	NM_201529	0.0359829012851383	0.0170667097749	0	0	0	0.163755556840127	0	0.131928779963211	0.119332762790135	0	2;1;0;0;0;5;0;4;3;0	0	0	1.63759789186184	rnoCirc_004365	hsaCirc_004540
chr14	101910766	101914337	+	mmuCirc_003188	Lmo7	CTO:ANNOTATED:CDS	4	445	NM_201529	0.0539743519277075	0	0	0	0	0.0327511113680254	0.0292867224602159	0.0659643899816055	0.0795551751934235	0.143361550231522	3;0;0;0;0;1;1;2;2;5	0	0	1.65252148249185		
chr14	103089302	103092426	-	mmuCirc_003189	Fbxl3	CTO:ANNOTATED:CDS	2	295	NM_015822	0.0179914506425692	0.0170667097749	0.0185119210755352	0.0384588263746862	0.018226776348359	0.131004445472102	0.205007057221511	0.428768534880436	0.278443113176982	0.114689240185217	1;1;1;2;1;4;7;13;7;4	0	0	2.46083109623455	rnoCirc_004382	
chr14	103247747	103262821	-	mmuCirc_003190	Mycbp2	CTO:ANNOTATED:CDS	5	679	NM_207215	0	0	0.0185119210755352	0	0	0.0327511113680254	0.0878601673806477	0	0.119332762790135	0	0;0;1;0;0;1;3;0;3;0	0	0	1.42136232506945		
chr14	103252409	103276518	-	mmuCirc_003191	Mycbp2	CTO:ANNOTATED:CDS	6	676	NM_207215	0	0	0.0185119210755352	0	0	0	0.0292867224602159	0.131928779963211	0.198887937983559	0.143361550231522	0;0;1;0;0;0;1;4;5;5	0	0	2.44083358602601		hsaCirc_004550
chr14	103260196	103276518	-	mmuCirc_003192	Mycbp2	CTO:ANNOTATED:CDS	5	558	NM_207215	0.0179914506425692	0	0.0185119210755352	0.0192294131873431	0	0.0655022227360508	0.0585734449204318	0.0329821949908028	0.198887937983559	0.143361550231522	1;0;1;1;0;2;2;1;5;5	0	0	1.82294256311768		hsaCirc_004552
chr14	103291018	103298863	-	mmuCirc_003193	Mycbp2	CTO:ANNOTATED:CDS	6	822	NM_207215	0	0	0	0	0.018226776348359	0.0655022227360508	0.0292867224602159	0.0989465849724082	0.119332762790135	0.0573446200926087	0;0;0;0;1;2;1;3;3;2	0	0	1.95731658957058		
chr14	104503347	104510437	-	mmuCirc_003194	Rnf219	CTO:ANNOTATED:CDS	4	566	NM_026047	0	0	0.0185119210755352	0.0769176527493725	0	0.196506668208152	0.0292867224602159	0.230875364935619	0.159110350386847	0.114689240185217	0;0;1;4;0;6;1;7;4;4	0	0	2.21574249075382	rnoCirc_004379	hsaCirc_004560
chr14	105116986	105124783	-	mmuCirc_003195	Rbm26	CTO:ANNOTATED:CDS	3	402	NM_134077	0	0	0	0	0	0.0655022227360508	0	0.0329821949908028	0	0.114689240185217	0;0;0;0;0;2;0;1;0;4	0	0	2.08434407936195		
chr14	105287617	105294892	+	mmuCirc_003196	Ndfip2	CTO:ANNOTATED:CDS	3	391	NM_001190989:NM_029561	0.0179914506425692	0.0170667097749	0	0.0192294131873431	0	0.196506668208152	0.263580502141943	0.36280414489883	0.596663813950676	0.143361550231522	1;1;0;1;0;6;9;11;15;5	0	0	3.34184695291738		hsaCirc_004568
chr14	105287617	105298127	+	mmuCirc_003197	Ndfip2	CTO:ANNOTATED:CDS	4	516	NM_001190989:NM_029561	0	0.0170667097749	0	0.0192294131873431	0	0.163755556840127	0.0585734449204318	0.131928779963211	0.556886226353964	0.143361550231522	0;1;0;1;0;5;2;4;14;5	0	0	2.82344654471823		
chr14	117186662	117203449	+	mmuCirc_003198	Gpc6	CTO:ALT_DONOR:CDS	1	16788	NM_001079844:NM_011821	0.0179914506425692	0	0	0.0192294131873431	0.018226776348359	0.0655022227360508	0	0.230875364935619	0.159110350386847	0.0286723100463043	1;0;0;1;1;2;0;7;4;1	0	0	1.83963619621367		
chr14	117789182	117808192	+	mmuCirc_003199	Gpc6	INTRONIC	1	19011	NM_001079844:NM_011821	0	0	0	0	0.018226776348359	0	0.0585734449204318	0	0.159110350386847	0.0286723100463043	0;0;0;0;1;0;2;0;4;1	0	0	1.82844544135255		
chr14	118627452	118632187	-	mmuCirc_003200	Abcc4	CTO:ANNOTATED:CDS	4	630	NM_001163675:NM_001033336:NM_001163676	0	0	0	0	0	0.0327511113680254	0	0.0659643899816055	0.119332762790135	0.086016930138913	0;0;0;0;0;1;0;2;3;3	0	0	2.17740651085162		
chr14	118654150	118669107	-	mmuCirc_003201	Abcc4	CTO:ANNOTATED:CDS:5UTR	3	457	NM_001163675:NM_001033336:NM_001163676	0	0.0341334195498	0	0.0192294131873431	0.0546803290450771	0.0655022227360508	0.0585734449204318	0.197893169944816	0.278443113176982	0.114689240185217	0;2;0;1;3;2;2;6;7;4	0	0	1.97146320036579	rnoCirc_004394	
chr14	118953109	118960860	+	mmuCirc_003202	Dnajc3	CTO:ANNOTATED:CDS	3	311	NM_008929	0	0	0	0.0384588263746862	0	0	0.0292867224602159	0.0989465849724082	0.119332762790135	0.0286723100463043	0;0;0;2;0;0;1;3;3;1	0	0	1.60239600095595		
chr14	120324794	120325412	+	mmuCirc_003203	Mbnl2	CTO:ANNOTATED:CDS:5UTR	1	619	NM_175341:NM_207515	0.0179914506425692	0.0853335488745	0.0555357632266056	0.134605892311402	0.0364535526967181	0.720524450096558	0.263580502141943	0.494732924862041	0.795551751934235	0.372740030601957	1;5;3;7;2;22;9;15;20;13	0	0	2.7359611584574	rnoCirc_004401	
chr14	120388900	120396604	+	mmuCirc_003204	Mbnl2	CTO:ANNOTATED:CDS	3	472	NM_175341:NM_207515	0.0359829012851383	0.0170667097749	0	0	0.0546803290450771	0.131004445472102	0	0.0989465849724082	0.318220700773694	0.0573446200926087	2;1;0;0;3;4;0;3;8;2	0	0	1.44882329315604	rnoCirc_004406	hsaCirc_004591