chr13	106842089	106848336	-	mmuCirc_002736	Ipo11	CTO:ANNOTATED:CDS	3	332	NM_029665	0	0	0	0.0192294131873431	0	0.0655022227360508	0.117146889840864	0.197893169944816	0.437553463563829	0.086016930138913	0;0;0;1;0;2;4;6;11;3	0	0	2.85386328567862		hsaCirc_012315
chr13	106865865	106886757	-	mmuCirc_002737	Ipo11	CTO:ANNOTATED:CDS	9	794	NM_029665	0	0	0	0	0	0.0655022227360508	0	0.296839754917225	0.159110350386847	0.086016930138913	0;0;0;0;0;2;0;9;4;3	0	0	2.91266073931194		
chr13	106870675	106886757	-	mmuCirc_002738	Ipo11	CTO:ANNOTATED:CDS	8	678	NM_029665	0	0.0341334195498	0	0	0	0.0327511113680254	0.0292867224602159	0.197893169944816	0.0795551751934235	0.0286723100463043	0;2;0;0;0;1;1;6;2;1	0	0	1.66160552838547		
chr13	106910200	106910816	-	mmuCirc_002739	Ipo11	CTO:ANNOTATED:CDS	2	277	NM_029665	0.0359829012851383	0.0170667097749	0.0185119210755352	0	0.0364535526967181	0.622271115992482	0.322153947062375	0.36280414489883	0.556886226353964	0.172033860277826	2;1;1;0;2;19;11;11;14;6	0	0	3.33124853732341		hsaCirc_012311
chr13	106910200	106925156	-	mmuCirc_002740	Ipo11	CTO:ANNOTATED:CDS:5UTR	4	522	NM_029665	0	0	0.0185119210755352	0	0	0.0655022227360508	0.0292867224602159	0.164910974954014	0.119332762790135	0.0573446200926087	0;0;1;0;0;2;1;5;3;2	0	0	2.08247568082605	rnoCirc_006312	hsaCirc_012310
chr13	106982524	106988075	-	mmuCirc_002741	Kif2a	CTO:ANNOTATED:CDS	5	538	NM_001145779:NM_008442	0.0359829012851383	0	0.0370238421510704	0.0576882395620293	0.0729071053934362	0.131004445472102	0.322153947062375	0.197893169944816	0.715996576740811	0.229378480370435	2;0;2;3;4;4;11;6;18;8	0	1	2.42609948665357		
chr13	106990038	106993942	-	mmuCirc_002742	Kif2a	CTO:ANNOTATED:CDS:5UTR	3	267	NM_001145779:NM_008442	0.0179914506425692	0	0.0185119210755352	0	0	0.0327511113680254	0.146433612301079	0.164910974954014	0.198887937983559	0.114689240185217	1;0;1;0;0;1;5;5;5;4	0	0	2.39950774340351		
chr13	106990038	106997129	-	mmuCirc_002743	Kif2a	CTO:ANNOTATED:CDS:5UTR	4	650	NM_001145779:NM_008442	0.0179914506425692	0	0	0	0	0	0.0585734449204318	0	0.23866552558027	0	1;0;0;0;0;0;2;0;6;0	0	0	1.58046096550615		
chr13	106993163	106993942	-	mmuCirc_002744	Kif2a	CTO:ANNOTATED:CDS:5UTR	2	212	NM_001145779:NM_008442	0	0	0.0185119210755352	0	0	0.0327511113680254	0.117146889840864	0.0989465849724082	0.198887937983559	0	0;0;1;0;0;1;4;3;5;0	0	0	2.31397722413085		
chr13	107738372	107748363	-	mmuCirc_002745	Zswim6	CTO:ANNOTATED:CDS	5	912	NM_145456	0.0179914506425692	0.0341334195498	0	0	0.0364535526967181	0.229257779576178	0.0878601673806477	0.0989465849724082	0.517108638757253	0.172033860277826	1;2;0;0;2;7;3;3;13;6	0	0	2.55881419594864		
chr13	107743536	107748363	-	mmuCirc_002746	Zswim6	CTO:ANNOTATED:CDS	3	504	NM_145456	0	0	0	0.0192294131873431	0	0.0982533341040761	0.0585734449204318	0.0329821949908028	0.0795551751934235	0	0;0;0;1;0;3;2;1;2;0	0	0	1.82172973559704		
chr13	107769560	107788009	-	mmuCirc_002747	Zswim6	CTO:ANNOTATED:CDS	3	657	NM_145456	0	0	0	0	0.0729071053934362	0.0655022227360508	0	0	0.159110350386847	0.143361550231522	0;0;0;0;4;2;0;0;4;5	0	0	2.02431545025781	rnoCirc_006314	hsaCirc_012307
chr13	108357394	108363663	+	mmuCirc_002748	Depdc1b	CTO:ANNOTATED:CDS	3	395	NM_178683	0	0	0.0185119210755352	0.0192294131873431	0	0	0.0585734449204318	0.0329821949908028	0.198887937983559	0.086016930138913	0;0;1;1;0;0;2;1;5;3	0	0	1.83016297493275		
chr13	108357394	108373853	+	mmuCirc_002749	Depdc1b	CTO:ANNOTATED:CDS	5	584	NM_178683	0.0179914506425692	0	0	0	0.018226776348359	0.0327511113680254	0.0292867224602159	0.0329821949908028	0.0795551751934235	0.086016930138913	1;0;0;0;1;1;1;1;2;3	0	0	1.39347377708404		
chr13	108653444	108654265	+	mmuCirc_002750	Pde4d	ITO:ALT_ACCEPTOR:5UTR	1	822	NM_011056	0.0719658025702766	0	0	0	0	0.0655022227360508	0.0878601673806477	0.0329821949908028	0.159110350386847	0.0286723100463043	4;0;0;0;0;2;3;1;4;1	0	0	1.63546807387247		
chr13	108654105	108654265	+	mmuCirc_002751	Pde4d	ITO:ALT_ACCEPTOR:5UTR	1	161	NM_011056	0.0179914506425692	0.0512001293247	0	0	0	0.294760002312228	0.0292867224602159	0.0659643899816055	0.198887937983559	0.286723100463044	1;3;0;0;0;9;1;2;5;10	0	0	2.40290986666665	rnoCirc_006318	
chr13	108654105	108686093	+	mmuCirc_002752	Pde4d	CTO:ALT_DONOR:ALT_ACCEPTOR:5UTR	1	31989	NM_011056	0	0	0	0.0192294131873431	0	0.0655022227360508	0.0878601673806477	0	0.0397775875967117	0	0;0;0;1;0;2;3;0;1;0	0	0	1.7115737063621		
chr13	109696166	109698156	+	mmuCirc_002753	Pde4d	INTRONIC	1	1991	NM_011056	0	0	0	0	0.018226776348359	0.0982533341040761	0.0878601673806477	0	0	0	0;0;0;0;1;3;3;0;0;0	0	0	1.35343856152945		
chr13	109740387	109772680	+	mmuCirc_002754	Pde4d	CTO:ANNOTATED:CDS	4	353	NM_011056	0	0	0.0370238421510704	0	0	0.0327511113680254	0.0585734449204318	0.164910974954014	0.159110350386847	0.0286723100463043	0;0;2;0;0;1;2;5;4;1	0	0	1.90326301158119	rnoCirc_006321	hsaCirc_012304
chr13	109933868	109939361	+	mmuCirc_002755	Pde4d	CTO:ANNOTATED:CDS	5	631	NM_011056	0	0	0	0.0192294131873431	0.0364535526967181	0.163755556840127	0.0878601673806477	0.263857559926422	0.278443113176982	0.229378480370435	0;0;0;1;2;5;3;8;7;8	0	0	2.90571010096236		hsaCirc_012303
chr13	112487709	112490642	+	mmuCirc_002756	Il6st	CTO:ANNOTATED:CDS	3	476	NM_010560	0.0359829012851383	0.0170667097749	0	0	0	0.163755556840127	0.146433612301079	0.296839754917225	0.636441401547388	0.229378480370435	2;1;0;0;0;5;5;9;16;8	0	0	3.30880428708527		
chr13	112960323	112963356	+	mmuCirc_002757	Dhx29	CTO:ANNOTATED:CDS	4	532	NM_172594	0	0	0	0	0	0.0327511113680254	0	0.0989465849724082	0	0	0;0;0;0;0;1;0;3;0;0	0	0	1.98572171782742		
chr13	113922247	113934123	+	mmuCirc_002758	Arl15	CTO:ANNOTATED:CDS	2	205	NM_172595	0	0	0.0370238421510704	0	0	0.0982533341040761	0.117146889840864	0.0989465849724082	0.159110350386847	0.114689240185217	0;0;2;0;0;3;4;3;4;4	0	0	2.46329503151884	rnoCirc_006339	hsaCirc_012270
chr13	113922247	113967790	+	mmuCirc_002759	Arl15	CTO:ANNOTATED:CDS	3	414	NM_172595	0.0179914506425692	0.0341334195498	0.0185119210755352	0.0384588263746862	0.109360658090154	0.294760002312228	0.0585734449204318	0.659643899816055	0.6762189891441	0.430084650694565	1;2;1;2;6;9;2;20;17;15	0	0	2.62045513811217	rnoCirc_006340	
chr13	113934064	113967790	+	mmuCirc_002760	Arl15	CTO:ANNOTATED:CDS	2	269	NM_172595	0	0	0	0	0	0	0	0.131928779963211	0	0.086016930138913	0;0;0;0;0;0;0;4;0;3	0	0	2.6657730236486	rnoCirc_006341	
chr13	115030036	115035385	-	mmuCirc_002761	Itga1	CTO:ANNOTATED:CDS	4	442	NM_001033228	0	0	0.0370238421510704	0.0192294131873431	0.018226776348359	0.196506668208152	0.117146889840864	0.36280414489883	0.517108638757253	0.143361550231522	0;0;2;1;1;6;4;11;13;5	0	0	2.96631562628571	rnoCirc_006370	hsaCirc_012262
chr13	116893000	116902856	-	mmuCirc_002762	Parp8	CTO:ANNOTATED:CDS	5	899	NM_001081009	0	0	0	0	0	0	0.0585734449204318	0.0989465849724082	0.0397775875967117	0.0286723100463043	0;0;0;0;0;0;2;3;1;1	0	0	1.85224742138815		
chr13	116922570	116927391	-	mmuCirc_002763	Parp8	CTO:ANNOTATED:CDS	4	334	NM_001081009	0	0	0	0.0192294131873431	0	0.0327511113680254	0	0.164910974954014	0.0795551751934235	0	0;0;0;1;0;1;0;5;2;0	0	0	1.98384033256191		hsaCirc_012257
chr13	119381676	119389281	-	mmuCirc_002764	Nnt	CTO:ANNOTATED:CDS	3	365	NM_008710:NR_003544	0	0	0	0	0	0.196506668208152	0.0878601673806477	0.0659643899816055	0.278443113176982	0.086016930138913	0;0;0;0;0;6;3;2;7;3	0	0	2.85535516200267	rnoCirc_006355	
chr13	119381676	119396976	-	mmuCirc_002765	Nnt	CTO:ANNOTATED:CDS	5	813	NM_008710:NR_003544	0.179914506425692	0.1536003879741	0.0740476843021408	0.0769176527493725	0.0911338817417952	1.11353778651286	0.556447726744102	1.71507413952174	0.91488451472437	0.286723100463044	10;9;4;4;5;34;19;52;23;10	1	1	2.63497060112518	rnoCirc_006356	hsaCirc_012242
chr13	119381676	119404754	-	mmuCirc_002766	Nnt	CTO:ANNOTATED:CDS:5UTR	6	1016	NM_008710:NR_003544	0.0179914506425692	0	0.0185119210755352	0	0	0.131004445472102	0.0292867224602159	0.131928779963211	0.119332762790135	0.0573446200926087	1;0;1;0;0;4;1;4;3;2	0	0	2.00476502546428	rnoCirc_006357	
chr13	119386579	119396976	-	mmuCirc_002767	Nnt	CTO:ANNOTATED:CDS	4	625	NM_008710:NR_003544	0	0	0	0.0384588263746862	0	0.131004445472102	0	0	0.23866552558027	0.0286723100463043	0;0;0;2;0;4;0;0;6;1	0	0	2.11507179394504		
chr13	119389194	119404754	-	mmuCirc_002768	Nnt	CTO:ANNOTATED:CDS:5UTR	4	739	NM_008710:NR_003544	0	0	0	0	0.018226776348359	0.0327511113680254	0	0.0329821949908028	0.119332762790135	0	0;0;0;0;1;1;0;1;3;0	0	0	1.16764704719421	rnoCirc_006360	
chr13	119394611	119404754	-	mmuCirc_002769	Nnt	CTO:ANNOTATED:CDS:5UTR	3	651	NM_008710:NR_003544	0	0	0	0	0	0	0	0.0989465849724082	0	0.0286723100463043	0;0;0;0;0;0;0;3;0;1	0	0	1.92767159744432		
chr13	119430160	119440871	+	mmuCirc_002770	Paip1	CTO:ANNOTATED:CDS:5UTR	3	469	NM_001079849:NM_145457	0	0	0	0.0576882395620293	0	0.327511113680254	0.263580502141943	0.461750729871238	0.517108638757253	0.344067720555652	0;0;0;3;0;10;9;14;13;12	0	0	3.90209386476226		
chr13	119447715	119450010	+	mmuCirc_002771	Paip1	CTO:ANNOTATED:CDS	2	233	NM_001079849:NM_145457	0.0359829012851383	0	0.0185119210755352	0.0576882395620293	0.018226776348359	0.131004445472102	0.292867224602159	0.197893169944816	0.198887937983559	0.172033860277826	2;0;1;3;1;4;10;6;5;6	0	0	2.34447701313166		
chr13	119775767	119790287	-	mmuCirc_002772	Zfp131	CTO:ANNOTATED:CDS:5UTR	5	967	NM_028245	0	0	0.0185119210755352	0	0.018226776348359	0.0327511113680254	0.0292867224602159	0.0989465849724082	0	0.0286723100463043	0;0;1;0;1;1;1;3;0;1	0	0	1.16896377401904	rnoCirc_006363	
chr13	119782772	119790287	-	mmuCirc_002773	Zfp131	CTO:ANNOTATED:CDS:5UTR	3	386	NM_028245	0	0	0	0	0	0	0.0585734449204318	0.0989465849724082	0.0795551751934235	0.114689240185217	0;0;0;0;0;0;2;3;2;4	0	0	2.4033356933814		
chr13	119788860	119790287	-	mmuCirc_002774	Zfp131	CTO:ANNOTATED:CDS:5UTR	2	241	NM_028245	0	0.0170667097749	0	0	0	0.0327511113680254	0.0292867224602159	0	0.159110350386847	0.0286723100463043	0;1;0;0;0;1;1;0;4;1	0	0	1.5640386319445	rnoCirc_006364	
chr14	7739459	7744983	-	mmuCirc_002775		NTO	1	5525		0	0	0	0	0	0	0	0.0989465849724082	0.0397775875967117	0	0;0;0;0;0;0;0;3;1;0	0	0	2.07592331146981		
chr14	7739459	7751583	-	mmuCirc_002776		NTO	1	12125		0	0.0170667097749	0	0	0.0546803290450771	0	0	0	0	0.086016930138913	0;1;0;0;3;0;0;0;0;3	0	0	-0.192314789083379		
chr14	7887537	7890866	+	mmuCirc_002777	Flnb	CTO:ANNOTATED:CDS	3	402	NM_001081427:NM_134080	0	0	0	0	0	0.0327511113680254	0.0292867224602159	0.0329821949908028	0.198887937983559	0	0;0;0;0;0;1;1;1;5;0	0	0	1.889507174885		
chr14	8140642	8141544	+	mmuCirc_002778	Pxk	CTO:ANNOTATED:CDS	2	207	NM_145458:NM_178279	0	0.0341334195498	0	0	0.018226776348359	0.196506668208152	0.205007057221511	0.0989465849724082	0.119332762790135	0.0573446200926087	0;2;0;0;1;6;7;3;3;2	0	0	2.37622807062214		
chr14	8150927	8155345	+	mmuCirc_002779	Pxk	CTO:ANNOTATED:CDS	4	298	NM_145458:NM_178279	0	0.0170667097749	0	0	0.018226776348359	0.0982533341040761	0.0878601673806477	0.131928779963211	0.0397775875967117	0	0;1;0;0;1;3;3;4;1;0	0	0	1.53502391641695		
chr14	11675724	11721219	+	mmuCirc_002780	Ptprg	CTO:ALT_ACCEPTOR:CDS	1	45496	NM_008981	0	0	0	0	0	0.0655022227360508	0	0.164910974954014	0.159110350386847	0.086016930138913	0;0;0;0;0;2;0;5;4;3	0	0	2.71843011146505		
chr14	11721115	11721219	+	mmuCirc_002781	Ptprg	CTO:ANNOTATED:CDS	1	105	NM_008981	0.0179914506425692	0.0341334195498	0.0185119210755352	0	0.0364535526967181	0.0982533341040761	0.0292867224602159	0.0329821949908028	0.0795551751934235	0.114689240185217	1;2;1;0;2;3;1;1;2;4	0	0	1.1066021676668	rnoCirc_004014	hsaCirc_010425
chr14	11952716	11962722	+	mmuCirc_002782	Ptprg	CTO:ANNOTATED:CDS	2	329	NM_008981	0.0719658025702766	0.0512001293247	0.0740476843021408	0	0.018226776348359	0.163755556840127	0.351440669522591	0.692626094806858	0.278443113176982	0.344067720555652	4;3;4;0;1;5;12;21;7;12	1	0	2.69088298505719	rnoCirc_004012	hsaCirc_010429
chr14	11952716	12037436	+	mmuCirc_002783	Ptprg	CTO:ANNOTATED:CDS	3	425	NM_008981	0	0	0	0.0192294131873431	0.018226776348359	0.0655022227360508	0.0292867224602159	0.131928779963211	0.119332762790135	0.0286723100463043	0;0;0;1;1;2;1;4;3;1	0	0	1.69990576619637	rnoCirc_004011	hsaCirc_010430
chr14	12109976	12122170	+	mmuCirc_002784	Ptprg	CTO:ANNOTATED:CDS	2	351	NM_008981	0	0	0	0.0192294131873431	0	0.0327511113680254	0.0878601673806477	0.0329821949908028	0.357998288370406	0.0286723100463043	0;0;0;1;0;1;3;1;9;1	0	0	1.95745453314033		
chr14	12142384	12154426	+	mmuCirc_002785	Ptprg	CTO:ANNOTATED:CDS	4	1113	NM_008981	0.0179914506425692	0	0	0	0	0.0982533341040761	0	0	0	0.0573446200926087	1;0;0;0;0;3;0;0;0;2	0	0	1.79471754995265		
chr14	12152016	12166877	+	mmuCirc_002786	Ptprg	CTO:ANNOTATED:CDS	3	952	NM_008981	0	0	0	0	0	0	0	0.164910974954014	0.0795551751934235	0	0;0;0;0;0;0;0;5;2;0	0	0	2.76212763184012		
chr14	12218939	12226454	+	mmuCirc_002787	Ptprg	CTO:ANNOTATED:CDS	5	590	NM_008981	0	0	0	0	0	0.0655022227360508	0.175720334761295	0.0989465849724082	0.437553463563829	0	0;0;0;0;0;2;6;3;11;0	0	0	3.11869851105973		
chr14	13950132	13951263	-	mmuCirc_002788	Thoc7	CTO:ANNOTATED:CDS	3	195	NM_001285780:NM_025435	0.0179914506425692	0	0.111071526453211	0.0769176527493725	0.109360658090154	0.720524450096558	0.527161004283886	0.72560828979766	1.11377245270793	0.544773890879783	1;0;6;4;6;22;18;22;28;19	0	1	3.44825201595179		
chr14	13951206	13954656	-	mmuCirc_002789	Thoc7	CTO:ANNOTATED:CDS:5UTR	4	391	NM_001285780:NM_025435	0	0	0	0	0	0.163755556840127	0.0292867224602159	0.0329821949908028	0.198887937983559	0.0286723100463043	0;0;0;0;0;5;1;1;5;1	0	0	2.12832888638677		
chr14	13995007	14013655	+	mmuCirc_002790	Atxn7	ITO:ALT_ACCEPTOR:CDS:5UTR	1	18649	NM_139227	0.0539743519277075	0.0170667097749	0.0185119210755352	0.134605892311402	0.0364535526967181	0.42576444778433	0.49787428182367	0.329821949908027	0.994439689917794	0.401412340648261	3;1;1;7;2;13;17;10;25;14	0	0	3.0385892881758	rnoCirc_004010	
chr14	13995007	14053023	+	mmuCirc_002791	Atxn7	ITO:ALT_ACCEPTOR:CDS:5UTR	1	58017	NM_139227	0	0.0170667097749	0.0185119210755352	0	0	0	0.0292867224602159	0.0989465849724082	0.23866552558027	0.0286723100463043	0;1;1;0;0;0;1;3;6;1	0	0	1.75353224312327	rnoCirc_004008	
chr14	14013073	14013655	+	mmuCirc_002792	Atxn7	CTO:ANNOTATED:CDS:5UTR	2	366	NM_139227	0.161923055783122	0.0853335488745	0.0740476843021408	0.192294131873431	0.200494539831949	1.47380001156114	1.46433612301079	3.23225510909867	3.18220700773694	1.66299398268565	9;5;4;10;11;45;50;98;80;58	1	1	3.7626834358629	rnoCirc_004009	hsaCirc_010446
chr14	14013073	14053023	+	mmuCirc_002793	Atxn7	CTO:ANNOTATED:CDS:5UTR	3	471	NM_139227	0	0.0170667097749	0.0185119210755352	0	0	0	0.205007057221511	0.131928779963211	0.0795551751934235	0	0;1;1;0;0;0;7;4;2;0	0	0	2.29909626364952	rnoCirc_004007	
chr14	14087283	14090109	+	mmuCirc_002794	Atxn7	CTO:ANNOTATED:CDS	3	593	NM_139227	0.0359829012851383	0	0	0	0.018226776348359	0.131004445472102	0.146433612301079	0.296839754917225	0.23866552558027	0.20070617032413	2;0;0;0;1;4;5;9;6;7	0	0	2.93931532786223	rnoCirc_004006	hsaCirc_010447
chr14	14350035	14351164	+	mmuCirc_002795	Il3ra	CTO:ANNOTATED:CDS	4	497	NM_008369	0	0	0	0	0	0	0	0	0	0.086016930138913	0;0;0;0;0;0;0;0;0;3	0	0	2.40622276606355		
chr14	16254642	16260800	+	mmuCirc_002796	Ngly1	CTO:ANNOTATED:CDS	2	352	NM_021504	0.0179914506425692	0	0	0.0192294131873431	0	0.0327511113680254	0.0585734449204318	0.0989465849724082	0.198887937983559	0.143361550231522	1;0;0;1;0;1;2;3;5;5	0	0	2.10599836046563		
chr14	16270475	16283473	+	mmuCirc_002797	Ngly1	CTO:ANNOTATED:CDS	5	768	NM_021504	0	0	0	0	0	0.0982533341040761	0.0292867224602159	0.0329821949908028	0.119332762790135	0.0286723100463043	0;0;0;0;0;3;1;1;3;1	0	0	1.87081589846063		
chr14	16270475	16294673	+	mmuCirc_002798	Ngly1	CTO:ANNOTATED:CDS	7	1119	NM_021504	0.0359829012851383	0	0.0185119210755352	0.0192294131873431	0	0.327511113680254	0	0.0659643899816055	0.0397775875967117	0	2;0;1;1;0;10;0;2;1;0	0	0	1.46670131551888	rnoCirc_004003	
chr14	16277799	16283473	+	mmuCirc_002799	Ngly1	CTO:ANNOTATED:CDS	4	602	NM_021504	0	0	0.0185119210755352	0.0192294131873431	0.018226776348359	0	0.0585734449204318	0.131928779963211	0.198887937983559	0.0573446200926087	0;0;1;1;1;0;2;4;5;2	0	0	1.86274055055357		
chr14	16277799	16294673	+	mmuCirc_002800	Ngly1	CTO:ANNOTATED:CDS	6	953	NM_021504	0.0539743519277075	0.0170667097749	0.0370238421510704	0.0384588263746862	0.018226776348359	0.131004445472102	0.234293779681727	0.164910974954014	0.357998288370406	0.229378480370435	3;1;2;2;1;4;8;5;9;8	0	0	2.18071126639203		
chr14	16290771	16294673	+	mmuCirc_002801	Ngly1	CTO:ANNOTATED:CDS	2	351	NM_021504	0	0	0	0	0	0.131004445472102	0.146433612301079	0.263857559926422	0.119332762790135	0.086016930138913	0;0;0;0;0;4;5;8;3;3	0	0	3.0014349382162		
chr14	16378142	16378256	+	mmuCirc_002802	Top2b	INTRONIC	1	115	NM_009409	0	0	0	0	0	0	0.0878601673806477	0	0	0	0;0;0;0;0;0;3;0;0;0	0	0	2.43109027266771		