chr2	5052988	5054716	-	mmuCirc_005081	Optn	CTO:ANNOTATED:CDS:5UTR	2	380	NM_181848	0.0179914506425692	0.0170667097749	0	0.0384588263746862	0.0364535526967181	0.163755556840127	0	0.0989465849724082	0.23866552558027	0.172033860277826	1;1;0;2;2;5;0;3;6;6	0	0	1.57359570247017	rnoCirc_005198	
chr2	5548887	5550044	-	mmuCirc_005082	Camk1d	INTRONIC	1	1158	NM_001290376:NM_001290374:NM_001290375:NM_177343	0	0	0	0	0	0	0	0.0989465849724082	0	0	0;0;0;0;0;0;0;3;0;0	0	0	2.57224194660756		
chr2	5807431	5821382	-	mmuCirc_005083	Cdc123	CTO:ANNOTATED:CDS	3	232	NM_133837	0	0	0	0	0	0	0	0.0329821949908028	0.0795551751934235	0.086016930138913	0;0;0;0;0;0;0;1;2;3	0	0	2.0424088979811		
chr2	5923869	5932542	-	mmuCirc_005084	Dhtkd1	CTO:ANNOTATED:CDS	4	833	NM_001081131	0.0179914506425692	0	0	0.0192294131873431	0	0.196506668208152	0	0.0989465849724082	0.0397775875967117	0.0286723100463043	1;0;0;1;0;6;0;3;1;1	0	0	1.74341921758655		
chr2	5973469	5979923	+	mmuCirc_005085	Upf2	CTO:ANNOTATED:CDS	3	506	NM_001081132	0	0	0	0	0.018226776348359	0.0327511113680254	0	0	0.159110350386847	0.0286723100463043	0;0;0;0;1;1;0;0;4;1	0	0	1.63683199959101		
chr2	5973469	5983095	+	mmuCirc_005086	Upf2	CTO:ANNOTATED:CDS	4	610	NM_001081132	0	0	0.0370238421510704	0	0	0.0982533341040761	0.0292867224602159	0.0329821949908028	0.23866552558027	0.086016930138913	0;0;2;0;0;3;1;1;6;3	0	0	1.97163780299945	rnoCirc_005193	
chr2	5973469	5988472	+	mmuCirc_005087	Upf2	CTO:ANNOTATED:CDS	5	696	NM_001081132	0.0719658025702766	0.0512001293247	0.0370238421510704	0.211523545060774	0.0729071053934362	0.360262225048279	0.380727391982807	0.428768534880436	1.31266039069149	0.430084650694565	4;3;2;11;4;11;13;13;33;15	0	1	2.46364856857859	rnoCirc_005192	hsaCirc_001830
chr2	5973469	6010428	+	mmuCirc_005088	Upf2	CTO:ANNOTATED:CDS	7	919	NM_001081132	0	0	0.0370238421510704	0	0	0.163755556840127	0.0585734449204318	0.0329821949908028	0.0795551751934235	0.086016930138913	0;0;2;0;0;5;2;1;2;3	0	0	1.95788384660252	rnoCirc_005191	
chr2	5979774	5988472	+	mmuCirc_005089	Upf2	CTO:ANNOTATED:CDS	3	340	NM_001081132	0	0.0170667097749	0	0	0	0.0327511113680254	0.0292867224602159	0.0659643899816055	0.119332762790135	0.0286723100463043	0;1;0;0;0;1;1;2;3;1	0	0	1.59951590226627		
chr2	5979774	6010428	+	mmuCirc_005090	Upf2	CTO:ANNOTATED:CDS	5	563	NM_001081132	0	0	0.0370238421510704	0	0	0.0655022227360508	0	0.0989465849724082	0.0397775875967117	0.086016930138913	0;0;2;0;0;2;0;3;1;3	0	0	1.7856165164272		
chr2	5982992	6010428	+	mmuCirc_005091	Upf2	CTO:ANNOTATED:CDS	4	413	NM_001081132	0.0179914506425692	0.0512001293247	0	0.0192294131873431	0.0729071053934362	0.196506668208152	0.146433612301079	0.428768534880436	0.477331051160541	0.086016930138913	1;3;0;1;4;6;5;13;12;3	0	0	2.41563842234436		
chr2	6391055	6394555	+	mmuCirc_005092	Usp6nl	CTO:ANNOTATED:CDS	2	151	NM_001080548:NM_181399	0.0179914506425692	0	0.0185119210755352	0.0192294131873431	0	0.163755556840127	0.0585734449204318	0.0989465849724082	0.0397775875967117	0.143361550231522	1;0;1;1;0;5;2;3;1;5	0	0	1.90253706436874		
chr2	6400280	6415040	+	mmuCirc_005093	Usp6nl	CTO:ANNOTATED:CDS	3	229	NM_001080548:NM_181399	0	0.0170667097749	0.0185119210755352	0.0192294131873431	0	0.0655022227360508	0.117146889840864	0.0989465849724082	0.119332762790135	0.0286723100463043	0;1;1;1;0;2;4;3;3;1	0	0	1.7444105688171		
chr2	6585974	6607961	-	mmuCirc_005094	Celf2	CTO:ANNOTATED:CDS	4	438	NM_001110228:NM_001160293:NM_010160:NM_001110229:NM_001110230:NM_001160292:NM_001110232:NM_001110231	0	0	0	0	0.018226776348359	0.0327511113680254	0.0878601673806477	0	0.0795551751934235	0	0;0;0;0;1;1;3;0;2;0	0	0	1.30280113304288	rnoCirc_005184	
chr2	6600034	6615822	-	mmuCirc_005095	Celf2	CTO:ANNOTATED:CDS	4	438	NM_001110228:NM_001160293:NM_010160:NM_001110229:NM_001110230:NM_001160292:NM_001110232:NM_001110231	0	0	0	0	0	0	0	0.0329821949908028	0.159110350386847	0	0;0;0;0;0;0;0;1;4;0	0	0	2.28414220943394	rnoCirc_005182	
chr2	6615688	6624719	-	mmuCirc_005096	Celf2	CTO:ANNOTATED:CDS	2	184	NM_001110228:NM_001160293:NM_010160:NM_001110229:NM_001110230:NM_001160292:NM_001110232:NM_001110231	0	0	0	0.0192294131873431	0	0	0.0878601673806477	0	0	0	0;0;0;1;0;0;3;0;0;0	0	0	0.729577258812967		
chr2	6664115	6721613	-	mmuCirc_005097	Celf2	CTO:ANNOTATED:CDS:5UTR	2	280	NM_001110228:NM_001160293:NM_010160:NM_001110229:NM_001110230:NM_001160292:NM_001110232:NM_001110231	0.0179914506425692	0	0	0	0	0.0982533341040761	0	0.131928779963211	0.318220700773694	0	1;0;0;0;0;3;0;4;8;0	0	0	2.88111683126215		hsaCirc_001821
chr2	6721417	6784388	-	mmuCirc_005098	Celf2	CTO:ALT_ACCEPTOR:CDS:5UTR	1	62972	NM_001110228:NM_001160293:NM_010160:NM_001110229:NM_001110230:NM_001160292:NM_001110232:NM_001110231	0	0	0	0	0	0	0	0	0.119332762790135	0.0286723100463043	0;0;0;0;0;0;0;0;3;1	0	0	2.04178193859134		
chr2	10058996	10064311	-	mmuCirc_005099	Atp5c1	CTO:ANNOTATED:CDS	5	667	NM_001112738:NM_020615	0.0719658025702766	0.0853335488745	0	0.0384588263746862	0	0.85152889556866	0.468587559363454	0.890519264751674	1.15355004030464	0.430084650694565	4;5;0;2;0;26;16;27;29;15	0	0	3.95721759951049		
chr2	10437947	10461472	+	mmuCirc_005100	Sfmbt2	CTO:ANNOTATED:CDS:3UTR	5	684	NM_001198808:NM_177386	0	0	0	0	0	0	0	0.131928779963211	0	0.0286723100463043	0;0;0;0;0;0;0;4;0;1	0	0	2.10421226475737		hsaCirc_001807
chr2	11245253	11260826	+	mmuCirc_005101	Prkcq	CTO:ANNOTATED:CDS	8	974	NM_008859	0	0	0	0	0.018226776348359	0	0	0	0	0.086016930138913	0;0;0;0;1;0;0;0;0;3	0	0	1.47163922276591		
chr2	11718264	11720105	+	mmuCirc_005102	Il15ra	CTO:ANNOTATED:CDS:5UTR	2	288	NM_001271497:NM_001271498:NM_133836:NR_073191:NR_073192:NM_001271499:NM_001271500:NM_001271501:NM_008358	0	0	0	0	0	0.0982533341040761	0.0878601673806477	0.164910974954014	0	0	0;0;0;0;0;3;3;5;0;0	0	0	2.73455272593735		
chr2	11751451	11751766	-	mmuCirc_005103	Fbxo18	CTO:ANNOTATED:CDS	2	222	NM_015792	0	0	0	0	0	0.0327511113680254	0	0.0329821949908028	0.159110350386847	0	0;0;0;0;0;1;0;1;4;0	0	0	1.98916196930505		
chr2	11760481	11763021	-	mmuCirc_005104	Fbxo18	CTO:ANNOTATED:CDS	2	284	NM_015792	0	0	0.0185119210755352	0	0	0.0327511113680254	0	0.0659643899816055	0.159110350386847	0.258050790416739	0;0;1;0;0;1;0;2;4;9	0	0	2.37942222400974		
chr2	11781477	11786302	+	mmuCirc_005105	Ankrd16	CTO:ANNOTATED:CDS	4	393	NM_177268	0.0179914506425692	0	0	0	0	0.0982533341040761	0	0.0329821949908028	0.0397775875967117	0.0286723100463043	1;0;0;0;0;3;0;1;1;1	0	0	1.4765869234769		
chr2	12160322	12189620	-	mmuCirc_005106	Itga8	CTO:ANNOTATED:CDS	5	508	NM_001001309	0	0	0.0370238421510704	0.0384588263746862	0	0	0.0585734449204318	0.164910974954014	0.119332762790135	0.086016930138913	0;0;2;2;0;0;2;5;3;3	0	0	1.83262501126434		
chr2	12174153	12182751	-	mmuCirc_005107	Itga8	CTO:ANNOTATED:CDS	3	254	NM_001001309	0	0	0	0	0	0.0327511113680254	0	0	0.318220700773694	0.0286723100463043	0;0;0;0;0;1;0;0;8;1	0	0	2.25406526490409		
chr2	12230050	12265333	-	mmuCirc_005108	Itga8	CTO:ANNOTATED:CDS	11	1056	NM_001001309	0	0	0	0.0192294131873431	0	0	0	0	0	0.086016930138913	0;0;0;1;0;0;0;0;0;3	0	0	0.717143505510885		
chr2	12355277	12364519	-	mmuCirc_005109	Fam188a	CTO:ANNOTATED:CDS	3	234	NM_024185	0.0179914506425692	0.0170667097749	0.0185119210755352	0	0	0.0655022227360508	0	0.131928779963211	0.0795551751934235	0.086016930138913	1;1;1;0;0;2;0;4;2;3	0	0	1.39638006714444		
chr2	12355277	12386679	-	mmuCirc_005110	Fam188a	CTO:ANNOTATED:CDS	5	386	NM_024185	0.0359829012851383	0	0.0370238421510704	0.0192294131873431	0.018226776348359	0.458515559152355	0.175720334761295	0.59367950983445	0.875106927127658	0.401412340648261	2;0;2;1;1;14;6;18;22;14	0	0	3.55774143455079	rnoCirc_005212	
chr2	12355277	12410080	-	mmuCirc_005111	Fam188a	CTO:ANNOTATED:CDS	12	1019	NM_024185	0	0	0.0370238421510704	0	0.018226776348359	0.229257779576178	0.0292867224602159	0.164910974954014	0.477331051160541	0.0573446200926087	0;0;2;0;1;7;1;5;12;2	0	0	2.45816227624069	rnoCirc_005213	
chr2	12364447	12386679	-	mmuCirc_005112	Fam188a	CTO:ANNOTATED:CDS	3	225	NM_024185	0	0	0	0.0384588263746862	0.0364535526967181	0.0982533341040761	0.0585734449204318	0.131928779963211	0.0795551751934235	0.20070617032413	0;0;0;2;2;3;2;4;2;7	0	0	2.03964803659998	rnoCirc_005214	
chr2	12364447	12397566	-	mmuCirc_005113	Fam188a	CTO:ANNOTATED:CDS	5	379	NM_024185	0	0	0.0185119210755352	0.0384588263746862	0	0.0327511113680254	0	0.131928779963211	0.159110350386847	0.0573446200926087	0;0;1;2;0;1;0;4;4;2	0	0	1.73646914091945	rnoCirc_005215	
chr2	12382103	12386679	-	mmuCirc_005114	Fam188a	CTO:ANNOTATED:CDS	2	152	NM_024185	0	0	0	0.0192294131873431	0	0.0982533341040761	0.0878601673806477	0.0329821949908028	0.278443113176982	0	0;0;0;1;0;3;3;1;7;0	0	0	2.33196378616029	rnoCirc_005219	
chr2	12382103	12397566	-	mmuCirc_005115	Fam188a	CTO:ANNOTATED:CDS	4	306	NM_024185	0	0	0	0.0576882395620293	0.018226776348359	0.163755556840127	0.0585734449204318	0.263857559926422	0.198887937983559	0	0;0;0;3;1;5;2;8;5;0	0	0	1.91213876693991	rnoCirc_005220	
chr2	12382103	12410080	-	mmuCirc_005116	Fam188a	CTO:ANNOTATED:CDS	9	785	NM_024185	0	0.0512001293247	0.0185119210755352	0.0576882395620293	0.018226776348359	0.229257779576178	0.0292867224602159	0.461750729871238	0.517108638757253	0.286723100463044	0;3;1;3;1;7;1;14;13;10	0	0	2.50950456931802	rnoCirc_005221	hsaCirc_001871
chr2	12386609	12410080	-	mmuCirc_005117	Fam188a	CTO:ANNOTATED:CDS	8	704	NM_024185	0.0179914506425692	0	0	0	0	0.0655022227360508	0	0.0659643899816055	0.23866552558027	0	1;0;0;0;0;2;0;2;6;0	0	0	2.32234738890296		hsaCirc_001873
chr2	12396179	12410080	-	mmuCirc_005118	Fam188a	CTO:ANNOTATED:CDS	7	633	NM_024185	0.0539743519277075	0.0170667097749	0.0370238421510704	0.0576882395620293	0.0546803290450771	0.458515559152355	0.410014114443022	0.890519264751674	1.15355004030464	0.602118510972391	3;1;2;3;3;14;14;27;29;21	0	1	3.44042755796356	rnoCirc_005222	hsaCirc_001875
chr2	13169998	13219127	-	mmuCirc_005119	Rsu1	CTO:ANNOTATED:CDS	4	450	NM_009105	0.0179914506425692	0	0	0	0	0	0	0	0.159110350386847	0	1;0;0;0;0;0;0;0;4;0	0	0	1.11855100234645		
chr2	13169998	13241795	-	mmuCirc_005120	Rsu1	CTO:ANNOTATED:CDS	6	622	NM_009105	0	0	0	0	0.0364535526967181	0	0	0	0.0795551751934235	0.143361550231522	0;0;0;0;2;0;0;0;2;5	0	0	1.92421424801723		
chr2	13216770	13219127	-	mmuCirc_005121	Rsu1	CTO:ANNOTATED:CDS	3	317	NM_009105	0	0	0	0	0	0.0655022227360508	0	0.164910974954014	0.159110350386847	0.114689240185217	0;0;0;0;0;2;0;5;4;4	0	0	2.80476509465715		
chr2	13216770	13224425	-	mmuCirc_005122	Rsu1	CTO:ANNOTATED:CDS	4	438	NM_009105	0	0	0.0185119210755352	0.0384588263746862	0	0.262008890944203	0.0878601673806477	0.197893169944816	0.357998288370406	0.172033860277826	0;0;1;2;0;8;3;6;9;6	0	0	2.94103574715993	rnoCirc_005225	hsaCirc_001877
chr2	13216770	13241795	-	mmuCirc_005123	Rsu1	CTO:ANNOTATED:CDS	5	489	NM_009105	0.0899572532128458	0.0170667097749	0.0185119210755352	0.0384588263746862	0.0546803290450771	0.327511113680254	0.234293779681727	0.230875364935619	0.835329339530947	0.286723100463044	5;1;1;2;3;10;8;7;21;10	0	0	2.61022685190347		hsaCirc_001878
chr2	14115817	14117535	+	mmuCirc_005124	Stam	CTO:ANNOTATED:CDS	3	319	NM_011484	0	0	0	0	0	0.0982533341040761	0.0878601673806477	0.164910974954014	0.119332762790135	0.114689240185217	0;0;0;0;0;3;3;5;3;4	0	0	2.75113670110911		
chr2	14270139	14271374	+	mmuCirc_005125	Mrc1	CTO:ANNOTATED:CDS	2	269	NM_008625	0	0	0	0	0	0.0327511113680254	0.0585734449204318	0.164910974954014	0.0795551751934235	0.0573446200926087	0;0;0;0;0;1;2;5;2;2	0	0	2.16975990235917	rnoCirc_005231	
chr2	14288987	14294944	+	mmuCirc_005126	Mrc1	CTO:ANNOTATED:CDS	4	561	NM_008625	0.233888858353399	0.1024002586494	0.166607289679817	0.249982371435461	0.18226776348359	0.85152889556866	0.937175118726908	1.78103852950335	1.86954661704545	1.26158164203739	13;6;9;13;10;26;32;54;47;44	1	1	2.69759391348384		
chr2	14981306	14984439	+	mmuCirc_005127	Cacnb2	CTO:ANNOTATED:CDS	3	437	NM_023116:NM_001252533:NR_045533	0	0	0	0.0192294131873431	0	0.0655022227360508	0.0292867224602159	0.263857559926422	0.23866552558027	0.086016930138913	0;0;0;1;0;2;1;8;6;3	0	0	2.47031182484146		
chr2	17397057	17400584	-	mmuCirc_005128	Nebl	INTRONIC	1	3528	NM_028757	0	0	0.0185119210755352	0	0	0.0982533341040761	0	0	0	0	0;0;1;0;0;3;0;0;0;0	0	0	0.809251932439744	rnoCirc_005247	
chr2	17411086	17434980	-	mmuCirc_005129	Nebl	INTRONIC	1	23895	NM_028757	0	0	0	0	0.0364535526967181	0.0327511113680254	0	0.164910974954014	0.23866552558027	0.086016930138913	0;0;0;0;2;1;0;5;6;3	0	0	2.30253367817776		hsaCirc_001923
chr2	17424521	17434980	-	mmuCirc_005130	Nebl	INTRONIC	1	10460	NM_028757	0	0	0	0	0	0.131004445472102	0	0.0329821949908028	0	0	0;0;0;0;0;4;0;1;0;0	0	0	2.16101336559341		
chr2	17443715	17452594	-	mmuCirc_005131	Nebl	INTRONIC	1	8880	NM_028757	0	0	0	0	0	0	0.0292867224602159	0	0.23866552558027	0.0286723100463043	0;0;0;0;0;0;1;0;6;1	0	0	2.0924387254312	rnoCirc_005254	hsaCirc_001929
chr2	17526050	17530017	-	mmuCirc_005132	Nebl	CTO:ALT_DONOR:CDS	1	3968	NM_028757	0	0	0.0185119210755352	0	0	0.0982533341040761	0.0292867224602159	0.0659643899816055	0.119332762790135	0.0286723100463043	0;0;1;0;0;3;1;2;3;1	0	0	1.82140118944657	rnoCirc_005257	hsaCirc_001932
chr2	18071125	18109891	+	mmuCirc_005133	Mllt10	CTO:ANNOTATED:CDS:5UTR	5	489	NM_010804:NM_001252560:NM_001252561:NR_045538:NR_045539	0.0179914506425692	0	0.0740476843021408	0.0961470659367156	0	0.0982533341040761	0.117146889840864	0.395786339889633	0.477331051160541	0.114689240185217	1;0;4;5;0;3;4;12;12;4	0	0	2.28199573780728	rnoCirc_005258	
chr2	18092168	18146872	+	mmuCirc_005134	Mllt10	CTO:ANNOTATED:CDS:5UTR	8	799	NM_010804:NM_001252560:NM_001252561:NR_045538:NR_045539	0	0	0	0	0	0.0982533341040761	0.146433612301079	0.0989465849724082	0.318220700773694	0.143361550231522	0;0;0;0;0;3;5;3;8;5	0	0	3.06056308701234	rnoCirc_005264	
chr2	18092784	18123812	+	mmuCirc_005135	Mllt10	CTO:ANNOTATED:CDS:5UTR	5	414	NM_010804:NM_001252560:NM_001252561:NR_045538:NR_045539	0	0	0	0	0	0	0.0292867224602159	0.0329821949908028	0	0.114689240185217	0;0;0;0;0;0;1;1;0;4	0	0	1.81942311957806		
chr2	18092784	18126229	+	mmuCirc_005136	Mllt10	CTO:ANNOTATED:CDS:5UTR	6	510	NM_010804:NM_001252560:NM_001252561:NR_045538:NR_045539	0	0	0	0	0	0	0.0585734449204318	0.0659643899816055	0.198887937983559	0	0;0;0;0;0;0;2;2;5;0	0	0	2.50996717477215	rnoCirc_005267	
chr2	18092784	18146872	+	mmuCirc_005137	Mllt10	CTO:ANNOTATED:CDS:5UTR	7	606	NM_010804:NM_001252560:NM_001252561:NR_045538:NR_045539	0.0179914506425692	0	0.0185119210755352	0.0576882395620293	0	0.229257779576178	0.0878601673806477	0.197893169944816	0.397775875967117	0.229378480370435	1;0;1;3;0;7;3;6;10;8	0	0	2.74249044268135	rnoCirc_005268	
chr2	18101458	18109891	+	mmuCirc_005138	Mllt10	CTO:ANNOTATED:CDS	2	165	NM_010804:NM_001252560:NM_001252561:NR_045538:NR_045539	0	0	0	0	0	0	0.117146889840864	0	0.119332762790135	0.0286723100463043	0;0;0;0;0;0;4;0;3;1	0	0	2.28707129259984	rnoCirc_005269	
chr2	18101458	18123812	+	mmuCirc_005139	Mllt10	CTO:ANNOTATED:CDS	4	363	NM_010804:NM_001252560:NM_001252561:NR_045538:NR_045539	0.0359829012851383	0	0.0185119210755352	0.0192294131873431	0.0364535526967181	0.294760002312228	0.0585734449204318	0.461750729871238	0.278443113176982	0.114689240185217	2;0;1;1;2;9;2;14;7;4	0	0	2.4584184722372	rnoCirc_005270	
chr2	18101458	18126229	+	mmuCirc_005140	Mllt10	CTO:ANNOTATED:CDS	5	459	NM_010804:NM_001252560:NM_001252561:NR_045538:NR_045539	0.0179914506425692	0	0.0370238421510704	0	0.018226776348359	0.196506668208152	0.146433612301079	0.0659643899816055	0.198887937983559	0.143361550231522	1;0;2;0;1;6;5;2;5;5	0	0	2.3414494296567	rnoCirc_005271	
chr2	18101458	18146872	+	mmuCirc_005141	Mllt10	CTO:ANNOTATED:CDS	6	555	NM_010804:NM_001252560:NM_001252561:NR_045538:NR_045539	0.0899572532128458	0.0512001293247	0.0555357632266056	0.0384588263746862	0.018226776348359	0.294760002312228	0.146433612301079	0.395786339889633	0.517108638757253	0.229378480370435	5;3;3;2;1;9;5;12;13;8	1	0	2.22166355617827	rnoCirc_005272	
chr2	18109782	18111419	+	mmuCirc_005142	Mllt10	CTO:ALT_DONOR:CDS	1	1638	NM_010804:NM_001252560:NM_001252561:NR_045538:NR_045539	0	0	0	0	0	0.131004445472102	0.0585734449204318	0	0	0	0;0;0;0;0;4;2;0;0;0	0	0	2.44528046569657		
chr2	18109782	18126229	+	mmuCirc_005143	Mllt10	CTO:ANNOTATED:CDS	4	404	NM_010804:NM_001252560:NM_001252561:NR_045538:NR_045539	0.0179914506425692	0	0	0	0	0.0655022227360508	0.0585734449204318	0.197893169944816	0.198887937983559	0.0286723100463043	1;0;0;0;0;2;2;6;5;1	0	0	2.26501996155466	rnoCirc_005274	
chr2	18109782	18146872	+	mmuCirc_005144	Mllt10	CTO:ANNOTATED:CDS	5	500	NM_010804:NM_001252560:NM_001252561:NR_045538:NR_045539	0.0179914506425692	0	0.0185119210755352	0.0961470659367156	0	0.0327511113680254	0.146433612301079	0.131928779963211	0.119332762790135	0.086016930138913	1;0;1;5;0;1;5;4;3;3	0	0	1.63584487783807	rnoCirc_005275	
chr2	18122245	18123812	+	mmuCirc_005145	Mllt10	CTO:ANNOTATED:CDS	2	198	NM_010804:NM_001252560:NM_001252561:NR_045538:NR_045539	0	0	0.0185119210755352	0.0576882395620293	0	0	0.117146889840864	0.0329821949908028	0.23866552558027	0.0286723100463043	0;0;1;3;0;0;4;1;6;1	0	0	1.56406835869767		
chr2	18122245	18126229	+	mmuCirc_005146	Mllt10	CTO:ANNOTATED:CDS	3	294	NM_010804:NM_001252560:NM_001252561:NR_045538:NR_045539	0.0359829012851383	0	0.0185119210755352	0	0.0364535526967181	0.294760002312228	0.175720334761295	0.197893169944816	0.517108638757253	0.229378480370435	2;0;1;0;2;9;6;6;13;8	0	0	3.03450050191682	rnoCirc_005276	
chr2	18122245	18146872	+	mmuCirc_005147	Mllt10	CTO:ANNOTATED:CDS	4	390	NM_010804:NM_001252560:NM_001252561:NR_045538:NR_045539	0.0359829012851383	0.0512001293247	0.0555357632266056	0.0576882395620293	0.018226776348359	0.294760002312228	0.380727391982807	0.626661704825252	0.835329339530947	0.258050790416739	2;3;3;3;1;9;13;19;21;9	0	0	2.8810095449289	rnoCirc_005277	