chr19	21678353	21684305	+	mmuCirc_004813	Abhd17b	CTO:ALT_DONOR:CDS:5UTR	3	858	NM_146096	0	0	0.0555357632266056	0.0192294131873431	0	0.360262225048279	0.175720334761295	0.230875364935619	0.437553463563829	0.229378480370435	0;0;3;1;0;11;6;7;11;8	0	0	3.29111625047871	rnoCirc_001114	
chr19	22749771	22793454	+	mmuCirc_004814	Trpm3	CTO:ANNOTATED:CDS:3UTR	3	374	NM_001035239:NM_001035240:NM_001035241:NM_001035242:NM_001035243:NM_177341:NM_001035244	0	0	0	0.0192294131873431	0.018226776348359	0	0.0292867224602159	0	0.119332762790135	0.114689240185217	0;0;0;1;1;0;1;0;3;4	0	0	1.64890169172359		
chr19	22766634	22793454	+	mmuCirc_004815	Trpm3	CTO:ANNOTATED:CDS:3UTR	2	299	NM_001035239:NM_001035240:NM_001035241:NM_001035242:NM_001035243:NM_177341:NM_001035244	0	0	0	0	0.018226776348359	0.0655022227360508	0.0585734449204318	0.0659643899816055	0.159110350386847	0.0286723100463043	0;0;0;0;1;2;2;2;4;1	0	0	1.937007481716		
chr19	23259647	23261467	-	mmuCirc_004816	Smc5	CTO:ANNOTATED:CDS	2	276	NM_001252685:NM_001252684:NM_153808	0	0.0341334195498	0	0	0	0	0.117146889840864	0.0329821949908028	0	0	0;2;0;0;0;0;4;1;0;0	0	0	1.37331904515985		
chr19	23350599	23363966	-	mmuCirc_004817	Mamdc2	CTO:ANNOTATED:CDS	4	761	NM_174857	0	0	0	0	0	0	0.146433612301079	0	0	0	0;0;0;0;0;0;5;0;0;0	0	0	3.05687491900994	rnoCirc_001117	
chr19	23694321	23720354	+	mmuCirc_004818	Ptar1	CTO:ALT_DONOR:CDS	6	1143	NM_028208	0	0	0	0	0	0	0.0292867224602159	0	0.159110350386847	0.086016930138913	0;0;0;0;0;0;1;0;4;3	0	0	2.29006620552749		
chr19	24112746	24120903	-	mmuCirc_004819	Tjp2	CTO:ANNOTATED:CDS	4	538	NM_001198985:NM_011597	0	0.0170667097749	0	0	0	0.327511113680254	0.0878601673806477	0.0329821949908028	0.119332762790135	0.0286723100463043	0;1;0;0;0;10;3;1;3;1	0	0	2.22980498317927		
chr19	24346237	24350289	-	mmuCirc_004820	Pip5k1b	CTO:ANNOTATED:CDS	2	301	NM_008846	0	0	0	0	0	0.0982533341040761	0.0585734449204318	0.0989465849724082	0.119332762790135	0.0286723100463043	0;0;0;0;0;3;2;3;3;1	0	0	2.23873131866808		
chr19	24346237	24355202	-	mmuCirc_004821	Pip5k1b	CTO:ANNOTATED:CDS	3	386	NM_008846	0	0	0	0	0	0.0327511113680254	0	0	0	0.086016930138913	0;0;0;0;0;1;0;0;0;3	0	0	1.90271212755542		
chr19	24346237	24360151	-	mmuCirc_004822	Pip5k1b	CTO:ANNOTATED:CDS	6	731	NM_008846	0.305854660923676	0.1536003879741	0.296190737208563	0.288441197810147	0.145814210786872	2.62008890944203	1.20075562086885	3.00137974416305	3.69931564649419	1.66299398268565	17;9;16;15;8;80;41;91;93;58	1	1	3.20478382041908	rnoCirc_001119	hsaCirc_015663
chr19	24439053	24443688	-	mmuCirc_004823	Pip5k1b	CTO:ANNOTATED:CDS:5UTR	2	156	NM_008846	0	0	0.0185119210755352	0.0192294131873431	0	0.163755556840127	0.205007057221511	0.263857559926422	0.23866552558027	0.114689240185217	0;0;1;1;0;5;7;8;6;4	0	0	3.00920946305217	rnoCirc_001121	
chr19	24727669	24733677	-	mmuCirc_004824	Pgm5	CTO:ANNOTATED:CDS	2	320	NM_175013	0.0179914506425692	0.0341334195498	0	0	0.018226776348359	0	0.0585734449204318	0.131928779963211	0.198887937983559	0.143361550231522	1;2;0;0;1;0;2;4;5;5	0	0	1.61694086704567	rnoCirc_001126	
chr19	24938396	24957990	-	mmuCirc_004825	Cbwd1	CTO:ANNOTATED:CDS	8	553	NM_146097:NR_033744	0	0	0	0	0.018226776348359	0.0327511113680254	0.0585734449204318	0.0659643899816055	0.159110350386847	0	0;0;0;0;1;1;2;2;4;0	0	0	1.54103514484358		
chr19	25051487	25065459	+	mmuCirc_004826	Dock8	CTO:ANNOTATED:CDS	3	351	NM_028785	0	0	0	0	0	0.0655022227360508	0	0.0329821949908028	0.119332762790135	0.0573446200926087	0;0;0;0;0;2;0;1;3;2	0	0	2.06330827822298		hsaCirc_015431
chr19	25061108	25065459	+	mmuCirc_004827	Dock8	CTO:ANNOTATED:CDS	2	248	NM_028785	0.0359829012851383	0	0	0	0.0546803290450771	0.0327511113680254	0.0585734449204318	0.197893169944816	0.278443113176982	0.20070617032413	2;0;0;0;3;1;2;6;7;7	0	0	2.15930338987372	rnoCirc_001129	
chr19	25274748	25318432	+	mmuCirc_004828	Kank1	CTO:ANNOTATED:5UTR	2	215	NM_181404	0	0	0	0	0	0	0.0292867224602159	0.0989465849724082	0.0397775875967117	0	0;0;0;0;0;0;1;3;1;0	0	0	1.81768188957208		
chr19	25409086	25411764	+	mmuCirc_004829	Kank1	CTO:ANNOTATED:CDS	1	2679	NM_181404	0	0	0.0185119210755352	0.0576882395620293	0.018226776348359	0.0982533341040761	0.0292867224602159	0	0.0795551751934235	0	0;0;1;3;1;3;1;0;2;0	0	0	0.468583892196539	rnoCirc_001135	hsaCirc_015433
chr19	26619684	26631131	+	mmuCirc_004830	Smarca2	CTO:ANNOTATED:CDS:5UTR	3	853	NM_011416	0	0	0	0	0	0.0655022227360508	0	0	0	0.114689240185217	0;0;0;0;0;2;0;0;0;4	0	0	2.42376231198013		hsaCirc_015438
chr19	26619684	26640649	+	mmuCirc_004831	Smarca2	CTO:ANNOTATED:CDS:5UTR	4	1115	NM_011416	0	0	0	0	0	0.0327511113680254	0	0	0.198887937983559	0.0573446200926087	0;0;0;0;0;1;0;0;5;2	0	0	2.2675409947914		
chr19	26619684	26654511	+	mmuCirc_004832	Smarca2	CTO:ANNOTATED:CDS:5UTR	8	1761	NM_011416	0	0	0.0370238421510704	0.0192294131873431	0	0.131004445472102	0.0585734449204318	0.131928779963211	0.23866552558027	0.0286723100463043	0;0;2;1;0;4;2;4;6;1	0	0	2.06170006793586	rnoCirc_001136	
chr19	26647021	26654511	+	mmuCirc_004833	Smarca2	CTO:ANNOTATED:CDS	4	646	NM_011416	0	0	0	0.0192294131873431	0.018226776348359	0.163755556840127	0.0292867224602159	0.0659643899816055	0.0795551751934235	0.143361550231522	0;0;0;1;1;5;1;2;2;5	0	0	2.00872555011751	rnoCirc_001137	
chr19	26676634	26683922	+	mmuCirc_004834	Smarca2	CTO:ANNOTATED:CDS	5	699	NM_011416	0	0	0	0	0.018226776348359	0.0655022227360508	0.0292867224602159	0.0329821949908028	0.119332762790135	0	0;0;0;0;1;2;1;1;3;0	0	0	1.3337095341269		
chr19	26706068	26710685	+	mmuCirc_004835	Smarca2	CTO:ANNOTATED:CDS	2	392	NM_011416	0	0.0170667097749	0	0	0	0.0982533341040761	0.0878601673806477	0.329821949908027	0.198887937983559	0.143361550231522	0;1;0;0;0;3;3;10;5;5	0	0	2.94308823709932		
chr19	26751824	26752041	+	mmuCirc_004836	Smarca2	CTO:ANNOTATED:CDS:5UTR	1	218	NM_011416:NM_026003	0.0359829012851383	0	0	0	0.0364535526967181	0	0.175720334761295	0.131928779963211	0.159110350386847	0.114689240185217	2;0;0;0;2;0;6;4;4;4	0	0	1.82966678096706	rnoCirc_001138	
chr19	27826033	27849969	-	mmuCirc_004837	Rfx3	CTO:ANNOTATED:CDS	4	636	NM_001166414:NM_011265	0.0179914506425692	0	0	0	0	0.0327511113680254	0	0.0659643899816055	0.119332762790135	0.0573446200926087	1;0;0;0;0;1;0;2;3;2	0	0	1.83225735550749		
chr19	27849711	27900903	-	mmuCirc_004838	Rfx3	CTO:ANNOTATED:CDS:5UTR	3	482	NM_001166414:NM_011265	0	0	0	0	0	0	0.0292867224602159	0.0329821949908028	0.119332762790135	0	0;0;0;0;0;0;1;1;3;0	0	0	1.83572309626794		hsaCirc_015452
chr19	27900779	27923266	-	mmuCirc_004839	Rfx3	CTO:ANNOTATED:CDS:5UTR	2	184	NM_001166414:NM_011265	0	0	0	0	0	0.0982533341040761	0.0878601673806477	0.0329821949908028	0.0795551751934235	0.086016930138913	0;0;0;0;0;3;3;1;2;3	0	0	2.22442518436586		
chr19	28530873	28531986	-	mmuCirc_004840	Glis3	CTO:ANNOTATED:CDS	1	1114	NM_175459	0	0.0341334195498	0	0.0192294131873431	0	0.163755556840127	0.0292867224602159	0.36280414489883	0.198887937983559	0.258050790416739	0;2;0;1;0;5;1;11;5;9	0	0	2.72007827383218	rnoCirc_001141	
chr19	28530873	28540408	-	mmuCirc_004841	Glis3	CTO:ANNOTATED:CDS	2	1322	NM_175459	0	0	0	0.0769176527493725	0	0.131004445472102	0.146433612301079	0.0659643899816055	0.23866552558027	0.0573446200926087	0;0;0;4;0;4;5;2;6;2	0	0	2.28893811157721		
chr19	28665753	28666236	-	mmuCirc_004842	Glis3	CTO:ANNOTATED:CDS:5UTR	1	484	NM_175459	0	0	0	0	0	0	0.0292867224602159	0	0.159110350386847	0	0;0;0;0;0;0;1;0;4;0	0	0	2.23198792525946		hsaCirc_015454
chr19	28923567	28944454	-	mmuCirc_004843	4430402I18Rik	CTO:ALT_DONOR:CDS:3UTR	7	880	NM_198651	0	0	0	0.0384588263746862	0	0	0	0.131928779963211	0	0	0;0;0;2;0;0;0;4;0;0	0	0	0.68895120774529		
chr19	28938232	28944454	-	mmuCirc_004844	4430402I18Rik	CTO:ANNOTATED:CDS	4	557	NM_198651	0.0359829012851383	0	0	0	0	0.0982533341040761	0.0878601673806477	0	0	0	2;0;0;0;0;3;3;0;0;0	0	0	1.75495648605367		
chr19	28999261	29012053	+	mmuCirc_004845	Cdc37l1	CTO:ANNOTATED:CDS	4	495	NM_025950	0	0	0.0185119210755352	0.0384588263746862	0.0364535526967181	0.0655022227360508	0.0292867224602159	0.164910974954014	0.0795551751934235	0.172033860277826	0;0;1;2;2;2;1;5;2;6	0	0	1.63898294294249		
chr19	29115723	29134503	+	mmuCirc_004846	Rcl1	CTO:ANNOTATED:CDS	7	835	NM_021525	0	0	0.0370238421510704	0.0192294131873431	0	0.0655022227360508	0	0.164910974954014	0.119332762790135	0	0;0;2;1;0;2;0;5;3;0	0	0	1.8738941668305		
chr19	29533165	29541335	+	mmuCirc_004847	Ric1	CTO:ANNOTATED:CDS	2	188	NM_001081319	0.0179914506425692	0.0341334195498	0.0370238421510704	0	0.018226776348359	0.131004445472102	0.292867224602159	0.395786339889633	0.397775875967117	0.0286723100463043	1;2;2;0;1;4;10;12;10;1	0	0	2.4242367230478	rnoCirc_001146	
chr19	29743533	29755017	-	mmuCirc_004848	9930021J03Rik	CTO:ANNOTATED:CDS	2	1498	NM_172836	0	0	0	0	0	0	0	0.131928779963211	0.0795551751934235	0.0286723100463043	0;0;0;0;0;0;0;4;2;1	0	0	2.17464028108964	rnoCirc_001153	
chr19	29743533	29786449	-	mmuCirc_004849	9930021J03Rik	CTO:ANNOTATED:CDS	3	1699	NM_172836	0	0	0.0185119210755352	0	0.0364535526967181	0.0327511113680254	0	0.0989465849724082	0	0.0286723100463043	0;0;1;0;2;1;0;3;0;1	0	0	0.937391739678473	rnoCirc_001154	hsaCirc_015472
chr19	29753600	29755017	-	mmuCirc_004850	9930021J03Rik	CTO:ANNOTATED:CDS	1	1418	NM_172836	0	0.0341334195498	0	0	0	0.0982533341040761	0	0.164910974954014	0.0795551751934235	0.0573446200926087	0;2;0;0;0;3;0;5;2;2	0	0	1.72056912784244	rnoCirc_001155	hsaCirc_015473
chr19	29753600	29786449	-	mmuCirc_004851	9930021J03Rik	CTO:ANNOTATED:CDS	2	1619	NM_172836	0.0359829012851383	0.0170667097749	0.0370238421510704	0	0.0546803290450771	0.0982533341040761	0	0.164910974954014	0.198887937983559	0.172033860277826	2;1;2;0;3;3;0;5;5;6	0	0	1.34011468361481	rnoCirc_001156	hsaCirc_015474
chr19	29838861	29843494	-	mmuCirc_004852		NTO	1	4634		0	0	0	0	0	0	0	0.131928779963211	0	0.0286723100463043	0;0;0;0;0;0;0;4;0;1	0	0	2.10421226475737		
chr19	30039064	30039297	+	mmuCirc_004853	Uhrf2	CTO:ANNOTATED:CDS	1	234	NM_144873	0.0359829012851383	0	0.0185119210755352	0.0576882395620293	0.0364535526967181	0.294760002312228	0.322153947062375	0.263857559926422	0.6762189891441	0.172033860277826	2;0;1;3;2;9;11;8;17;6	0	0	2.8799110785248	rnoCirc_001158	hsaCirc_015475
chr19	30071243	30079943	+	mmuCirc_004854	Uhrf2	CTO:ANNOTATED:CDS	6	853	NM_144873	0	0.0170667097749	0	0	0	0.131004445472102	0.0292867224602159	0.164910974954014	0.0397775875967117	0	0;1;0;0;0;4;1;5;1;0	0	0	2.02898943225667		
chr19	30781295	30786971	-	mmuCirc_004855	Prkg1	CTO:ANNOTATED:CDS	2	173	NM_011160:NM_001013833	0	0	0.0185119210755352	0.0576882395620293	0.018226776348359	0.0655022227360508	0.117146889840864	0.131928779963211	0.119332762790135	0.086016930138913	0;0;1;3;1;2;4;4;3;3	0	0	1.83360714963551		
chr19	32043481	32061402	-	mmuCirc_004856	Asah2	CTO:ANNOTATED:CDS:5UTR	8	1061	NM_018830	0.0539743519277075	0	0.0185119210755352	0	0.0364535526967181	0.0327511113680254	0.0292867224602159	0.197893169944816	0.477331051160541	0.143361550231522	3;0;1;0;2;1;1;6;12;5	0	0	1.89653722965322		
chr19	32043481	32061460	-	mmuCirc_004857	Asah2	CTO:ALT_ACCEPTOR:CDS:5UTR	8	1119	NM_018830	0	0.0170667097749	0	0	0	0.0655022227360508	0.0585734449204318	0.230875364935619	0.0795551751934235	0.20070617032413	0;1;0;0;0;2;2;7;2;7	0	0	2.52166599140072		
chr19	32043481	32068615	-	mmuCirc_004858	Asah2	CTO:ALT_ACCEPTOR:CDS:5UTR	8	8274	NM_018830	0	0	0	0	0	0.131004445472102	0	0	0	0.0286723100463043	0;0;0;0;0;4;0;0;0;1	0	0	2.09981018267116		
chr19	32159524	32160363	-	mmuCirc_004859	Sgms1	CTO:ANNOTATED:CDS:5UTR	1	840	NM_001168526:NM_001168525:NM_144792	0	0	0	0	0	0.0327511113680254	0.146433612301079	0.0329821949908028	0.0795551751934235	0.0286723100463043	0;0;0;0;0;1;5;1;2;1	0	0	1.89203631684361	rnoCirc_001164	
chr19	32289541	32352023	-	mmuCirc_004860	Sgms1	CTO:ANNOTATED:5UTR	2	170	NM_144792	0	0	0.0185119210755352	0.0192294131873431	0	0.163755556840127	0.0585734449204318	0.0659643899816055	0.159110350386847	0.0286723100463043	0;0;1;1;0;5;2;2;4;1	0	0	1.96122683090577		hsaCirc_002097
chr19	32676717	32707009	-	mmuCirc_004861	Atad1	CTO:ANNOTATED:CDS:5UTR	8	978	NM_026487	0	0	0	0	0	0	0	0.0329821949908028	0.119332762790135	0.0286723100463043	0;0;0;0;0;0;0;1;3;1	0	0	1.82969049710276		
chr19	32684002	32707009	-	mmuCirc_004862	Atad1	CTO:ANNOTATED:CDS:5UTR	7	844	NM_026487	0.0179914506425692	0	0.0555357632266056	0	0.018226776348359	0	0	0	0	0	1;0;3;0;1;0;0;0;0;0	0	0	-1.25913940305201		
chr19	32695792	32707009	-	mmuCirc_004863	Atad1	CTO:ANNOTATED:CDS:5UTR	5	703	NM_026487	0	0.0170667097749	0.0185119210755352	0	0.018226776348359	0.0655022227360508	0.0878601673806477	0.230875364935619	0	0.114689240185217	0;1;1;0;1;2;3;7;0;4	0	0	2.03937527700351		
chr19	32792549	32800099	+	mmuCirc_004864	Pten	CTO:ANNOTATED:CDS	3	328	NM_008960	0.0359829012851383	0.0341334195498	0.111071526453211	0.0769176527493725	0.0364535526967181	0.589520004624457	0.380727391982807	0.791572679779266	0.91488451472437	0.516101580833478	2;2;6;4;2;18;13;24;23;18	0	0	3.09606759969784	rnoCirc_001172	
chr19	32792549	32811837	+	mmuCirc_004865	Pten	CTO:ANNOTATED:CDS	4	470	NM_008960	0	0	0	0	0.018226776348359	0	0.0585734449204318	0.0659643899816055	0.119332762790135	0.086016930138913	0;0;0;0;1;0;2;2;3;3	0	0	2.08747070634837		
chr19	32792549	32818060	+	mmuCirc_004866	Pten	CTO:ANNOTATED:CDS	6	862	NM_008960	0	0.0170667097749	0	0	0.018226776348359	0	0.0585734449204318	0.0989465849724082	0	0.086016930138913	0;1;0;0;1;0;2;3;0;3	0	0	1.7092663078787		
chr19	32798071	32800099	+	mmuCirc_004867	Pten	CTO:ANNOTATED:CDS	2	283	NM_008960	0	0	0	0	0	0.0655022227360508	0.0292867224602159	0.0659643899816055	0.159110350386847	0	0;0;0;0;0;2;1;2;4;0	0	0	2.16591923376032	rnoCirc_001173	
chr19	32798071	32818060	+	mmuCirc_004868	Pten	CTO:ANNOTATED:CDS	5	817	NM_008960	0	0	0	0	0	0.0982533341040761	0	0	0	0	0;0;0;0;0;3;0;0;0;0	0	0	2.56380895521826	rnoCirc_001174	
chr19	34795615	34827373	-	mmuCirc_004869	Pank1:Mir107	ITO:ALT_DONOR:CDS:3UTR	1	31759	NM_023792:NM_001114339:NR_029783	0	0.0170667097749	0	0.0384588263746862	0.018226776348359	0.0327511113680254	0.0878601673806477	0.131928779963211	0.119332762790135	0	0;1;0;2;1;1;3;4;3;0	0	0	1.23678984054805		
chr19	34795615	34841109	-	mmuCirc_004870	Pank1:Mir107	ITO:ALT_DONOR:CDS:3UTR	1	45495	NM_023792:NM_001114339:NR_029783	0	0	0	0.0192294131873431	0.018226776348359	0	0	0.0329821949908028	0.119332762790135	0	0;0;0;1;1;0;0;1;3;0	0	0	0.766483648229256		
chr19	34812221	34841109	-	mmuCirc_004871	Pank1	CTO:ALT_DONOR:CDS:3UTR	6	1201	NM_023792:NM_001114339	0.0359829012851383	0	0	0	0	0.196506668208152	0.0585734449204318	0.197893169944816	0	0.0286723100463043	2;0;0;0;0;6;2;6;0;1	0	0	2.16351135763548		
chr19	34812278	34827373	-	mmuCirc_004872	Pank1	CTO:ALT_DONOR:CDS:3UTR	5	791	NM_023792:NM_001114339	0.0179914506425692	0	0.0555357632266056	0	0.0911338817417952	0.524017781888406	0.175720334761295	0.395786339889633	0.119332762790135	0.229378480370435	1;0;3;0;5;16;6;12;3;8	0	0	2.71154806519454	rnoCirc_001178	
chr19	34812278	34841109	-	mmuCirc_004873	Pank1	CTO:ALT_DONOR:CDS:3UTR	6	1144	NM_023792:NM_001114339	0.107948703855415	0.0853335488745	0.0740476843021408	0.0576882395620293	0.018226776348359	0.753275561464584	0.322153947062375	1.02244804471489	0.397775875967117	0.544773890879783	6;5;4;3;1;23;11;31;10;19	1	0	2.81550318535307	rnoCirc_001179	
chr19	34821100	34827373	-	mmuCirc_004874	Pank1	CTO:ANNOTATED:CDS	3	555	NM_023792:NM_001114339	0	0	0	0	0	0.0655022227360508	0.0292867224602159	0	0.119332762790135	0	0;0;0;0;0;2;1;0;3;0	0	0	2.06587453326885		
chr19	34821100	34841109	-	mmuCirc_004875	Pank1	CTO:ANNOTATED:CDS	4	908	NM_023792:NM_001114339	0	0.0341334195498	0	0.0384588263746862	0.018226776348359	0.393013336416305	0.117146889840864	0.395786339889633	0.278443113176982	0.0573446200926087	0;2;0;2;1;12;4;12;7;2	0	0	2.69113959764923		
chr19	34827120	34841109	-	mmuCirc_004876	Pank1	CTO:ANNOTATED:CDS	2	607	NM_023792:NM_001114339	0.0539743519277075	0.0170667097749	0.0555357632266056	0.0384588263746862	0.018226776348359	0.42576444778433	0.117146889840864	0.527715119852844	0.437553463563829	0.0286723100463043	3;1;3;2;1;13;4;16;11;1	0	0	2.13077392773499	rnoCirc_001182	
chr19	34840757	34841109	-	mmuCirc_004877	Pank1	CTO:ANNOTATED:CDS	1	353	NM_023792:NM_001114339	0.251880308995968	0.0512001293247	0.092559605377676	0.192294131873431	0.255174868877027	1.04803556377681	0.790741506425829	1.87998511447576	2.0286569674323	0.630790821018696	14;3;5;10;14;32;27;57;51;22	1	1	2.81456412188997	rnoCirc_001184	
chr19	36086959	36089210	+	mmuCirc_004878	Rpp30	CTO:ANNOTATED:CDS	3	204	NM_019428	0	0	0	0	0	0.131004445472102	0	0	0	0.0286723100463043	0;0;0;0;0;4;0;0;0;1	0	0	2.09981018267116		
chr19	36118295	36119293	+	mmuCirc_004879	Ankrd1	AS:CTO	1	999	NM_013468	0.0359829012851383	0.1194669684243	0.0370238421510704	0.0961470659367156	0.164040987135231	0	0	0	0.0795551751934235	0.0573446200926087	2;7;2;5;9;0;0;0;2;2	0	1	-1.45428836244638		