chr17	10238983	10274020	-	mmuCirc_003942	Qk	CTO:ALT_DONOR:ALT_ACCEPTOR:CDS	2	128	NM_001159517:NM_001159516:NM_021881	0.161923055783122	0.2218672270737	0.314702658284099	0.115376479124059	0.18226776348359	0.0655022227360508	0.0292867224602159	0.230875364935619	0.318220700773694	0.172033860277826	9;13;17;6;10;2;1;7;8;6	1	1	-0.510813187792489		
chr17	10265968	10282981	-	mmuCirc_003943	Qk	CTO:ALT_DONOR:CDS	2	8239	NM_001159517:NM_001159516:NM_021881	0	0.0170667097749	0.0185119210755352	0	0	0	0.0585734449204318	0.0329821949908028	0.119332762790135	0.0573446200926087	0;1;1;0;0;0;2;1;3;2	0	0	1.57397096292186		
chr17	10273947	10274063	-	mmuCirc_003944	Qk	CTO:ANNOTATED:CDS	1	117	NM_001159517:NM_001159516:NM_021881	0	0	0.0555357632266056	0	0.0364535526967181	0.0327511113680254	0	0.0659643899816055	0	0.0286723100463043	0;0;3;0;2;1;0;2;0;1	0	0	0.457272552117219		hsaCirc_013872
chr17	10273947	10282981	-	mmuCirc_003945	Qk	CTO:ANNOTATED:CDS	2	260	NM_001159517:NM_001159516:NM_021881	0.0179914506425692	0.0341334195498	0.0370238421510704	0.115376479124059	0.0911338817417952	0.491266670520381	0.380727391982807	0.890519264751674	1.67065867906189	0.544773890879783	1;2;2;6;5;15;13;27;42;19	0	1	3.3246644916682		hsaCirc_013869
chr17	10273947	10284044	-	mmuCirc_003946	Qk	CTO:ALT_ACCEPTOR:CDS	2	1323	NM_001159517:NM_001159516:NM_021881	0	0	0	0	0	0.0327511113680254	0	0.0329821949908028	0.159110350386847	0.0286723100463043	0;0;0;0;0;1;0;1;4;1	0	0	1.81264678904906		
chr17	10282839	10282981	-	mmuCirc_003947	Qk	CTO:ANNOTATED:CDS	1	143	NM_001159517:NM_001159516:NM_021881	0.0179914506425692	0	0	0	0.018226776348359	0	0	0	0.119332762790135	0.0573446200926087	1;0;0;0;1;0;0;0;3;2	0	0	0.963835076763667		hsaCirc_013867
chr17	12260451	12272220	-	mmuCirc_003948	Map3k4	CTO:ANNOTATED:CDS	4	1906	NM_011948	0	0	0	0	0	0	0	0.0989465849724082	0.0397775875967117	0.0286723100463043	0;0;0;0;0;0;0;3;1;1	0	0	1.8116492904069		
chr17	12270863	12272220	-	mmuCirc_003949	Map3k4	CTO:ANNOTATED:CDS	1	1358	NM_011948	0.0359829012851383	0	0	0	0.018226776348359	0.0982533341040761	0.0292867224602159	0.296839754917225	0.0795551751934235	0.0286723100463043	2;0;0;0;1;3;1;9;2;1	0	0	1.8059434450535		hsaCirc_013864
chr17	12725315	12726833	-	mmuCirc_003950	Igf2r	CTO:ANNOTATED:CDS	3	433	NM_010515	0	0	0	0	0	0	0	0.0989465849724082	0	0	0;0;0;0;0;0;0;3;0;0	0	0	2.57224194660756		
chr17	12731408	12748783	-	mmuCirc_003951	Igf2r	CTO:ANNOTATED:CDS	6	733	NM_010515	0	0	0.0370238421510704	0.0192294131873431	0	0	0	0.0329821949908028	0	0.086016930138913	0;0;2;1;0;0;0;1;0;3	0	0	0.442743125574892		
chr17	12739287	12748783	-	mmuCirc_003952	Igf2r	CTO:ANNOTATED:CDS	3	364	NM_010515	0	0	0	0.0192294131873431	0.018226776348359	0.0982533341040761	0	0.0659643899816055	0.119332762790135	0.0286723100463043	0;0;0;1;1;3;0;2;3;1	0	0	1.71114817336389		
chr17	12920740	12922732	+	mmuCirc_003953	Tcp1	CTO:ANNOTATED:CDS	3	427	NM_001290712:NM_013686	0.0179914506425692	0	0	0.0192294131873431	0	0.0655022227360508	0.0585734449204318	0.131928779963211	0.119332762790135	0.0286723100463043	1;0;0;1;0;2;2;4;3;1	0	0	1.83625606855708		
chr17	13008263	13015098	-	mmuCirc_003954	Sod2	AS:CTO	1	6836	NM_013671	0	0	0	0	0	0	0	0	0	0.114689240185217	0;0;0;0;0;0;0;0;0;4	0	0	2.75156269883195		
chr17	13803939	13818278	+	mmuCirc_003955	Mllt4	CTO:ANNOTATED:CDS	5	792	NM_010806	0	0	0	0	0	0	0.117146889840864	0	0	0.0573446200926087	0;0;0;0;0;0;4;0;0;2	0	0	2.36447547267663		hsaCirc_013889
chr17	14325535	14337761	+	mmuCirc_003956	Smoc2	CTO:ANNOTATED:CDS	3	379	NM_022315	0	0	0	0	0	0	0.0292867224602159	0.131928779963211	0	0	0;0;0;0;0;0;1;4;0;0	0	0	2.11326116350514		
chr17	14336547	14348778	+	mmuCirc_003957	Smoc2	CTO:ANNOTATED:CDS	5	381	NM_022315	0	0	0	0	0	0.0327511113680254	0.0292867224602159	0	0.318220700773694	0.0286723100463043	0;0;0;0;0;1;1;0;8;1	0	0	2.01584871012223		
chr17	14336547	14375519	+	mmuCirc_003958	Smoc2	CTO:ANNOTATED:CDS	7	651	NM_022315	0.0539743519277075	0.0170667097749	0	0	0	0.0327511113680254	0	0	0	0	3;1;0;0;0;1;0;0;0;0	0	0	-0.688973861688482		
chr17	14344327	14375519	+	mmuCirc_003959	Smoc2	CTO:ANNOTATED:CDS	5	444	NM_022315	0	0.0170667097749	0.0185119210755352	0	0.018226776348359	0.131004445472102	0.0585734449204318	0.131928779963211	0.23866552558027	0.114689240185217	0;1;1;0;1;4;2;4;6;4	0	0	2.29809001999779		
chr17	15405755	15417725	+	mmuCirc_003960	Fam120b	CTO:ncRNA	4	549	NR_033586:NM_024203	0	0	0	0	0	0	0	0.197893169944816	0.159110350386847	0.0573446200926087	0;0;0;0;0;0;0;6;4;2	0	0	2.85320893965654	rnoCirc_001100	
chr17	15742157	15743230	+	mmuCirc_003961	Chd1	CTO:ANNOTATED:CDS	2	316	NM_007690	0	0	0.0185119210755352	0.0192294131873431	0	0.196506668208152	0	0.164910974954014	0.397775875967117	0.086016930138913	0;0;1;1;0;6;0;5;10;3	0	0	2.87968442690014		
chr17	17527220	17538704	-	mmuCirc_003962	Lnpep	ITO:ALT_DONOR:CDS:3UTR	1	11485	NM_172827	0	0	0	0	0	0	0	0	0.159110350386847	0	0;0;0;0;0;0;0;0;4;0	0	0	3.16277680474228		
chr17	17552870	17575387	-	mmuCirc_003963	Lnpep	CTO:ANNOTATED:CDS	9	1175	NM_172827	0	0	0.0185119210755352	0	0	0	0	0	0.0795551751934235	0.086016930138913	0;0;1;0;0;0;0;0;2;3	0	0	1.25880466315965		
chr17	17562753	17575387	-	mmuCirc_003964	Lnpep	CTO:ANNOTATED:CDS	7	925	NM_172827	0	0.0341334195498	0	0	0	0.131004445472102	0	0.0659643899816055	0.119332762790135	0.0573446200926087	0;2;0;0;0;4;0;2;3;2	0	0	1.66710046513411		
chr17	17566683	17575387	-	mmuCirc_003965	Lnpep	CTO:ANNOTATED:CDS	6	793	NM_172827	0	0	0.0185119210755352	0	0	0.0655022227360508	0	0.0329821949908028	0.23866552558027	0.086016930138913	0;0;1;0;0;2;0;1;6;3	0	0	2.16385077430364		
chr17	17570874	17575387	-	mmuCirc_003966	Lnpep	CTO:ANNOTATED:CDS	4	547	NM_172827	0	0	0	0.0576882395620293	0.0729071053934362	0.163755556840127	0.0585734449204318	0.0329821949908028	0.318220700773694	0.114689240185217	0;0;0;3;4;5;2;1;8;4	0	1	1.84744720035285		
chr17	21011676	21020834	+	mmuCirc_003967	Zfp160	CTO:ANNOTATED:CDS:5UTR	3	353	NM_145483	0.0179914506425692	0	0.0370238421510704	0	0	0	0.0585734449204318	0.164910974954014	0.278443113176982	0.0286723100463043	1;0;2;0;0;0;2;5;7;1	0	0	1.58560920434768		
chr17	22225539	22313320	-	mmuCirc_003968	Gm4944	ITO:ALT_ACCEPTOR:5UTR	1	87782	NM_001205095	0	0.0341334195498	0.0555357632266056	0	0	0	0.0292867224602159	0	0	0	0;2;3;0;0;0;1;0;0;0	0	0	-1.02624017222756		
chr17	24088004	24100908	-	mmuCirc_003969	Pdpk1	CTO:ANNOTATED:CDS	6	732	NM_001080773:NM_011062:NM_001286662	0.0179914506425692	0	0	0.0384588263746862	0.018226776348359	0.327511113680254	0.146433612301079	0.0659643899816055	0.357998288370406	0.258050790416739	1;0;0;2;1;10;5;2;9;9	0	0	2.78190128222389	rnoCirc_001454	
chr17	24088004	24107271	-	mmuCirc_003970	Pdpk1	CTO:ANNOTATED:CDS	9	1058	NM_001080773:NM_011062:NM_001286662	0.0179914506425692	0	0.0185119210755352	0	0	0.0982533341040761	0.0878601673806477	0.230875364935619	0.0795551751934235	0	1;0;1;0;0;3;3;7;2;0	0	0	2.27207863908595		
chr17	24088004	24111117	-	mmuCirc_003971	Pdpk1	CTO:ANNOTATED:CDS:5UTR	10	1328	NM_001080773:NM_011062:NM_001286662	0.0359829012851383	0	0.0370238421510704	0.0384588263746862	0.0729071053934362	0.262008890944203	0.175720334761295	0.230875364935619	0.278443113176982	0.143361550231522	2;0;2;2;4;8;6;7;7;5	0	0	2.18538174128393	rnoCirc_001455	
chr17	24091421	24100908	-	mmuCirc_003972	Pdpk1	CTO:ANNOTATED:CDS	5	514	NM_001080773:NM_011062:NM_001286662	0.0179914506425692	0	0.0185119210755352	0.0192294131873431	0	0.0655022227360508	0.117146889840864	0.197893169944816	0.23866552558027	0.114689240185217	1;0;1;1;0;2;4;6;6;4	0	0	2.38416478617479	rnoCirc_001456	
chr17	24091421	24111117	-	mmuCirc_003973	Pdpk1	CTO:ANNOTATED:CDS:5UTR	9	1110	NM_001080773:NM_011062:NM_001286662	0.0179914506425692	0	0	0	0.018226776348359	0.196506668208152	0	0.263857559926422	0.0795551751934235	0.0573446200926087	1;0;0;0;1;6;0;8;2;2	0	0	2.41749343235123		
chr17	24100811	24111117	-	mmuCirc_003974	Pdpk1	CTO:ANNOTATED:CDS:5UTR	5	694	NM_001080773:NM_011062:NM_001286662	0	0	0.0185119210755352	0.0384588263746862	0	0.0982533341040761	0.0585734449204318	0.164910974954014	0.23866552558027	0.086016930138913	0;0;1;2;0;3;2;5;6;3	0	0	2.27062448233877		
chr17	24433133	24434155	+	mmuCirc_003975	Eci1	CTO:ALT_DONOR:CDS	1	1023	NM_010023	0.0359829012851383	0	0.0555357632266056	0.0961470659367156	0.0364535526967181	0.524017781888406	0.439300836903238	0.626661704825252	0.477331051160541	0.20070617032413	2;0;3;5;2;16;15;19;12;7	0	0	2.9929974089218		
chr17	24571521	24572109	+	mmuCirc_003976	Pkd1	CTO:ANNOTATED:CDS	2	310	NM_013630	0.0179914506425692	0	0.0370238421510704	0	0	0.0655022227360508	0	0.0659643899816055	0.0397775875967117	0.20070617032413	1;0;2;0;0;2;0;2;1;7	0	0	1.70153019278727		
chr17	24577750	24578029	+	mmuCirc_003977	Pkd1	CTO:ANNOTATED:CDS	1	280	NM_013630	0	0	0	0	0	0.0655022227360508	0.0585734449204318	0.230875364935619	0.0795551751934235	0.086016930138913	0;0;0;0;0;2;2;7;2;3	0	0	2.48812434487395	rnoCirc_001461	
chr17	24578096	24578309	+	mmuCirc_003978	Pkd1	CTO:ANNOTATED:CDS	1	214	NM_013630	0	0	0	0.0769176527493725	0	0	0.0878601673806477	0.164910974954014	0.278443113176982	0.20070617032413	0;0;0;4;0;0;3;5;7;7	0	0	2.68163221862011		
chr17	24627991	24630999	-	mmuCirc_003979	Tsc2	CTO:ANNOTATED:CDS	4	461	NM_001039363:NM_001286713:NM_001286714:NM_001286716:NM_001286718:NM_001286720:NM_011647	0	0	0.0185119210755352	0	0	0.131004445472102	0.0292867224602159	0.164910974954014	0.278443113176982	0	0;0;1;0;0;4;1;5;7;0	0	0	2.59513902002414		
chr17	24724187	24724348	-	mmuCirc_003980	Ndufb10	CTO:ALT_ACCEPTOR:CDS:5UTR	1	162	NM_026684	0.0539743519277075	0.0170667097749	0.0185119210755352	0	0.018226776348359	0	0.0292867224602159	0	0	0	3;1;1;0;1;0;1;0;0;0	0	0	-0.838959700071006		
chr17	24992270	25003405	-	mmuCirc_003981	Cramp1l	CTO:ANNOTATED:CDS	4	481	NM_020608	0	0	0.0185119210755352	0	0	0.0982533341040761	0.0878601673806477	0.164910974954014	0.278443113176982	0.114689240185217	0;0;1;0;0;3;3;5;7;4	0	0	2.78185996879532		hsaCirc_005893
chr17	25032085	25037049	+	mmuCirc_003982	Ift140	CTO:ANNOTATED:CDS	6	714	NM_134126	0	0	0	0	0.018226776348359	0	0	0.131928779963211	0.0397775875967117	0.086016930138913	0;0;0;0;1;0;0;4;1;3	0	0	1.99218906011054		
chr17	25110227	25111184	-	mmuCirc_003983	Telo2	CTO:ANNOTATED:CDS	3	320	NM_027880:NM_001163661	0.0179914506425692	0	0	0	0	0	0	0.0989465849724082	0	0	1;0;0;0;0;0;0;3;0;0	0	0	0.823283573279092		
chr17	25110227	25113257	-	mmuCirc_003984	Telo2	CTO:ANNOTATED:CDS	4	598	NM_027880:NM_001163661	0.0359829012851383	0	0.0370238421510704	0.0192294131873431	0	0.0655022227360508	0.0292867224602159	0.164910974954014	0.318220700773694	0.0286723100463043	2;0;2;1;0;2;1;5;8;1	0	0	1.60008539345058		
chr17	25199767	25213106	+	mmuCirc_003985	Unkl	CTO:ANNOTATED:CDS:5UTR	7	793	NM_001197024:NM_001290736	0	0	0	0	0	0	0.0292867224602159	0.0329821949908028	0.159110350386847	0.0286723100463043	0;0;0;0;0;0;1;1;4;1	0	0	1.7881461782314		
chr17	25199767	25218755	+	mmuCirc_003986	Unkl	CTO:ANNOTATED:CDS:5UTR	8	971	NM_001197024:NM_001290736	0	0	0	0	0	0.0655022227360508	0.0292867224602159	0.197893169944816	0.159110350386847	0.0573446200926087	0;0;0;0;0;2;1;6;4;2	0	0	2.39135755797491	rnoCirc_001466	
chr17	25234808	25235111	-	mmuCirc_003987	Gnptg	CTO:ANNOTATED:CDS	2	214	NM_172529	0	0	0	0	0	0	0	0.0329821949908028	0	0.086016930138913	0;0;0;0;0;0;0;1;0;3	0	0	1.90586519009457		
chr17	25235182	25235627	-	mmuCirc_003988	Gnptg	CTO:ANNOTATED:CDS	3	292	NM_172529	0.0359829012851383	0.0341334195498	0	0.0192294131873431	0.0729071053934362	0.131004445472102	0.0878601673806477	0.197893169944816	0.357998288370406	0.114689240185217	2;2;0;1;4;4;3;6;9;4	0	0	1.93515969669824		
chr17	25829785	25830061	+	mmuCirc_003989	Jmjd8	CTO:ANNOTATED:CDS	2	189	NM_028101	0.0179914506425692	0	0.0185119210755352	0.0192294131873431	0	0.0327511113680254	0.0585734449204318	0.329821949908027	0.318220700773694	0	1;0;1;1;0;1;2;10;8;0	0	0	2.18469240639515	rnoCirc_001471	
chr17	25841052	25841482	-	mmuCirc_003990	Rhot2	CTO:ANNOTATED:CDS	2	206	NM_145999	0	0	0	0	0	0	0	0.0329821949908028	0.119332762790135	0	0;0;0;0;0;0;0;1;3;0	0	0	2.10298512151359		
chr17	25934758	25935134	-	mmuCirc_003991	Pigq	CTO:ANNOTATED:CDS	2	253	NM_001291025:NM_011822	0	0	0	0.0384588263746862	0	0	0	0.0329821949908028	0.159110350386847	0.0286723100463043	0;0;0;2;0;0;0;1;4;1	0	0	1.43465493380196		
chr17	26013774	26024466	-	mmuCirc_003992	Rab11fip3	CTO:ANNOTATED:CDS:5UTR	3	448	NM_001162868:NM_001162869	0	0	0.0370238421510704	0	0	0.0655022227360508	0	0.131928779963211	0.159110350386847	0.0573446200926087	0;0;2;0;0;2;0;4;4;2	0	0	2.1559494268545	rnoCirc_001474	
chr17	26266283	26267358	+	mmuCirc_003993	Luc7l	CTO:ANNOTATED:CDS	2	255	NM_025881:NR_037905:NR_037906:NM_028190	0.0899572532128458	0.0682668390996	0.296190737208563	0.230752958248117	0.236948092528668	0.753275561464584	1.20075562086885	2.17682486939298	2.3866552558027	0.974858541574348	5;4;16;12;13;23;41;66;60;34	1	1	2.92321142131095	rnoCirc_001475	
chr17	26634417	26641704	+	mmuCirc_003994	Ergic1	CTO:ANNOTATED:CDS	4	390	NM_026170	0	0	0	0	0	0.0982533341040761	0	0	0.0397775875967117	0.0286723100463043	0;0;0;0;0;3;0;0;1;1	0	0	1.80883829327713	rnoCirc_001492	
chr17	26736789	26739668	+	mmuCirc_003995	Crebrf	CTO:ANNOTATED:CDS:5UTR	2	321	NM_029870	0	0	0	0	0	0.0982533341040761	0	0	0.159110350386847	0.0286723100463043	0;0;0;0;0;3;0;0;4;1	0	0	2.33656233608054		
chr17	26736789	26743131	+	mmuCirc_003996	Crebrf	CTO:ANNOTATED:CDS:5UTR	3	1411	NM_029870	0.0539743519277075	0.0170667097749	0.092559605377676	0.0769176527493725	0.0729071053934362	1.24454223198496	0.64430789412475	1.55016316456773	1.03421727751451	0.716807751157609	3;1;5;4;4;38;22;47;26;25	0	1	3.69839042384418	rnoCirc_001488	
chr17	26736789	26763448	+	mmuCirc_003997	Crebrf	CTO:ANNOTATED:CDS:5UTR	7	1993	NM_029870	0	0	0	0	0	0	0.0292867224602159	0	0.159110350386847	0	0;0;0;0;0;0;1;0;4;0	0	0	2.23198792525946	rnoCirc_001485	
chr17	26736816	26743131	+	mmuCirc_003998	Crebrf	CTO:ALT_ACCEPTOR:CDS:5UTR	3	1384	NM_029870	0	0	0.0185119210755352	0.0192294131873431	0	0.163755556840127	0.292867224602159	0.428768534880436	0.159110350386847	0.258050790416739	0;0;1;1;0;5;10;13;4;9	0	0	3.33958134274865		
chr17	26739543	26743131	+	mmuCirc_003999	Crebrf	CTO:ANNOTATED:CDS	2	1216	NM_029870	0.21589740771083	0.1365336781992	0.129583447528746	0.0576882395620293	0.127587434438513	1.86681334797745	0.790741506425829	2.96839754917225	2.66509836897969	1.40494319226891	12;8;7;3;7;57;27;90;67;49	1	1	3.61504726320231	rnoCirc_001487	
chr17	26739543	26763448	+	mmuCirc_004000	Crebrf	CTO:ANNOTATED:CDS	6	1798	NM_029870	0	0	0.0185119210755352	0	0	0.131004445472102	0.0292867224602159	0.0329821949908028	0.0795551751934235	0.086016930138913	0;0;1;0;0;4;1;1;2;3	0	0	1.87992795328848		
chr17	26742042	26743131	+	mmuCirc_004001	Crebrf	CTO:ANNOTATED:CDS	1	1090	NM_029870	0	0	0.0185119210755352	0	0	0	0.175720334761295	0.296839754917225	0.119332762790135	0.114689240185217	0;0;1;0;0;0;6;9;3;4	0	0	2.97078086226904	rnoCirc_001486	
chr17	26757805	26759949	+	mmuCirc_004002	Crebrf	CTO:ANNOTATED:CDS	2	385	NM_029870	0.0179914506425692	0.0170667097749	0.0370238421510704	0.0192294131873431	0.018226776348359	0.0655022227360508	0.0292867224602159	0.164910974954014	0.397775875967117	0.114689240185217	1;1;2;1;1;2;1;5;10;4	0	0	1.7016512991114		
chr17	26757805	26763448	+	mmuCirc_004003	Crebrf	CTO:ANNOTATED:CDS	4	582	NM_029870	0.0179914506425692	0.0170667097749	0.0555357632266056	0.0384588263746862	0.109360658090154	0.949782229672736	0.410014114443022	0.791572679779266	0.6762189891441	0.401412340648261	1;1;3;2;6;29;14;24;17;14	0	0	3.38269454467523		hsaCirc_012927
chr17	27018058	27022449	-	mmuCirc_004004	Ggnbp1	AS:CTO	1	4392	NM_001251881	0	0	0	0	0	0.0982533341040761	0	0	0	0	0;0;0;0;0;3;0;0;0;0	0	0	2.56380895521826		
chr17	27190170	27190280	-	mmuCirc_004005	Lemd2	CTO:ALT_DONOR:ALT_ACCEPTOR:3UTR	1	111	NM_146075	0	0	0	0	0	0	0	0.0329821949908028	0	0.086016930138913	0;0;0;0;0;0;0;1;0;3	0	0	1.90586519009457		
chr17	28050566	28054756	+	mmuCirc_004006	Anks1	CTO:ANNOTATED:CDS	7	810	NM_001286040:NM_001286041:NM_181413	0	0	0	0	0	0.0327511113680254	0.0292867224602159	0.131928779963211	0.119332762790135	0.086016930138913	0;0;0;0;0;1;1;4;3;3	0	0	2.16648184220454		
chr17	28410510	28416025	-	mmuCirc_004007	Fkbp5	CTO:ANNOTATED:CDS	3	332	NM_010220	0	0	0.0555357632266056	0	0	0	0	0	0	0.0286723100463043	0;0;3;0;0;0;0;0;0;1	0	0	-0.317029308763972		
chr17	28428352	28429363	-	mmuCirc_004008	Fkbp5	CTO:ANNOTATED:CDS	2	258	NM_010220	0	0	0	0	0	0	0.0292867224602159	0.230875364935619	0.23866552558027	0	0;0;0;0;0;0;1;7;6;0	0	0	2.88103794436811	rnoCirc_007236	hsaCirc_013157