chr15	38682941	38689222	+	mmuCirc_003339	Atp6v1c1	CTO:ANNOTATED:CDS	4	354	NM_025494	0	0	0	0	0	0.0327511113680254	0.117146889840864	0.0329821949908028	0.0397775875967117	0	0;0;0;0;0;1;4;1;1;0	0	0	1.79049094503044		
chr15	40752896	40774146	+	mmuCirc_003340	Zfpm2	CTO:ANNOTATED:CDS	2	261	NM_011766	0.0539743519277075	0.0512001293247	0.092559605377676	0.0576882395620293	0.0546803290450771	0.818777784200635	0.585734449204318	0.923501459742477	1.71043626665861	0.401412340648261	3;3;5;3;3;25;20;28;43;14	1	1	3.32659780261505		hsaCirc_015276
chr15	40870528	40954804	+	mmuCirc_003341	Zfpm2	CTO:ANNOTATED:CDS	2	231	NM_011766	0.0359829012851383	0.0170667097749	0	0	0.0729071053934362	0	0.0585734449204318	0.0329821949908028	0.159110350386847	0.0286723100463043	2;1;0;0;4;0;2;1;4;1	0	0	0.646905645938746	rnoCirc_011149	
chr15	40933226	40954804	+	mmuCirc_003342	Zfpm2	CTO:ALT_ACCEPTOR:CDS	1	21579	NM_011766	0	0	0	0	0	0.0327511113680254	0.0292867224602159	0	0.119332762790135	0	0;0;0;0;0;1;1;0;3;0	0	0	1.83362105457517		
chr15	41797474	41801695	+	mmuCirc_003343	Oxr1	CTO:ANNOTATED:CDS:5UTR	3	305	NM_001130166:NM_001130165:NM_001130163:NM_130885	0	0	0	0	0	0.131004445472102	0.0585734449204318	0.164910974954014	0.0795551751934235	0.0286723100463043	0;0;0;0;0;4;2;5;2;1	0	0	2.33958348867089		hsaCirc_015279
chr15	41797474	41826052	+	mmuCirc_003344	Oxr1	CTO:ANNOTATED:CDS:5UTR	8	1715	NM_001130166:NM_001130165:NM_001130163:NM_130885	0	0	0	0	0	0.0655022227360508	0.0292867224602159	0.164910974954014	0	0.0573446200926087	0;0;0;0;0;2;1;5;0;2	0	0	2.13930521639186	rnoCirc_011150	
chr15	42459667	42468257	-	mmuCirc_003345	Angpt1	CTO:ANNOTATED:CDS	2	269	NM_001286062:NM_009640	0	0	0	0	0	0.0655022227360508	0.175720334761295	0.0989465849724082	0.159110350386847	0	0;0;0;0;0;2;6;3;4;0	0	0	2.78042560671148		
chr15	42496230	42523659	-	mmuCirc_003346	Angpt1	CTO:ANNOTATED:CDS	3	508	NM_001286062:NM_009640	0	0	0.0370238421510704	0.0192294131873431	0	0	0	0	0	0.114689240185217	0;0;2;1;0;0;0;0;0;4	0	0	0.0893538984558285		
chr15	43492170	43513849	+	mmuCirc_003347	Emc2	CTO:ANNOTATED:CDS	9	767	NM_025736	0.107948703855415	0	0.111071526453211	0.0961470659367156	0.200494539831949	1.50655112292917	0.439300836903238	2.14384267440218	1.15355004030464	0.802824681296522	6;0;6;5;11;46;15;65;29;28	0	1	3.47597444990337	rnoCirc_011159	
chr15	43507645	43513849	+	mmuCirc_003348	Emc2	CTO:ANNOTATED:CDS	5	444	NM_025736	0	0	0	0.0192294131873431	0.018226776348359	0.131004445472102	0.146433612301079	0.230875364935619	0.517108638757253	0.20070617032413	0;0;0;1;1;4;5;7;13;7	0	0	3.18539414444025	rnoCirc_011160	hsaCirc_015285
chr15	44388469	44405992	-	mmuCirc_003349	Nudcd1	CTO:ANNOTATED:CDS	6	1026	NM_001113554:NM_026149	0	0.0170667097749	0	0	0.018226776348359	0	0	0.0659643899816055	0.0795551751934235	0.086016930138913	0;1;0;0;1;0;0;2;2;3	0	0	1.25018765896121		
chr15	44388469	44420873	-	mmuCirc_003350	Nudcd1	CTO:ANNOTATED:CDS	7	1181	NM_001113554:NM_026149	0	0	0.0370238421510704	0	0	0.0327511113680254	0.0292867224602159	0.131928779963211	0.198887937983559	0.0573446200926087	0;0;2;0;0;1;1;4;5;2	0	0	1.90351601259236		
chr15	44396511	44420873	-	mmuCirc_003351	Nudcd1	CTO:ANNOTATED:CDS	6	1055	NM_001113554:NM_026149	0.0179914506425692	0	0	0	0	0	0	0.0329821949908028	0.159110350386847	0	1;0;0;0;0;0;0;1;4;0	0	0	1.21420320627283		
chr15	44718788	44729202	-	mmuCirc_003352	Sybu	CTO:ALT_ACCEPTOR:CDS	1	10415	NM_001285840:NM_178765:NM_001032727:NM_176998	0	0	0.0185119210755352	0	0	0.0327511113680254	0.0292867224602159	0.0329821949908028	0.0397775875967117	0.086016930138913	0;0;1;0;0;1;1;1;1;3	0	0	1.42928610020127		
chr15	50822105	50831958	-	mmuCirc_003353	Trps1	CTO:ANNOTATED:CDS	2	1734	NM_032000	0	0	0	0	0	0	0	0.0989465849724082	0	0.0286723100463043	0;0;0;0;0;0;0;3;0;1	0	0	1.92767159744432		
chr15	53101685	53107571	-	mmuCirc_003354	Ext1	CTO:ANNOTATED:CDS	3	322	NM_010162	0.0179914506425692	0	0	0.0384588263746862	0.018226776348359	0	0.0878601673806477	0.0329821949908028	0.119332762790135	0.114689240185217	1;0;0;2;1;0;3;1;3;4	0	0	1.19618880108735	rnoCirc_011169	
chr15	55149341	55151911	+	mmuCirc_003355	Deptor	CTO:ANNOTATED:CDS	2	303	NM_145470:NM_001037937	0.0359829012851383	0.0170667097749	0	0	0.0364535526967181	0.163755556840127	0.117146889840864	0.527715119852844	0.477331051160541	0.086016930138913	2;1;0;0;2;5;4;16;12;3	0	0	2.78458049113234	rnoCirc_011172	hsaCirc_015298
chr15	55208731	55218273	+	mmuCirc_003356	Deptor	CTO:ANNOTATED:CDS	4	497	NM_145470:NM_001037937	0	0.0170667097749	0	0	0.018226776348359	0.0655022227360508	0.0585734449204318	0.131928779963211	0.159110350386847	0.114689240185217	0;1;0;0;1;2;2;4;4;4	0	0	2.21699178418024	rnoCirc_011173	
chr15	55338406	55344959	+	mmuCirc_003357	Col14a1	CTO:ANNOTATED:CDS	3	351	NM_181277	0	0	0	0	0	0	0	0.0989465849724082	0.0397775875967117	0	0;0;0;0;0;0;0;3;1;0	0	0	2.07592331146981		
chr15	55577448	55597503	+	mmuCirc_003358	Mtbp	CTO:ANNOTATED:CDS	4	562	NM_001168250:NM_134092	0	0	0	0	0	0.0327511113680254	0	0	0	0.086016930138913	0;0;0;0;0;1;0;0;0;3	0	0	1.90271212755542	rnoCirc_011177	
chr15	55852066	55852269	-	mmuCirc_003359	Sntb1	INTRONIC	1	204	NM_016667	0	0	0	0	0	0	0	0	0.159110350386847	0	0;0;0;0;0;0;0;0;4;0	0	0	3.16277680474228		
chr15	56894862	56922612	+	mmuCirc_003360		NTO	1	27751		0	0	0	0	0	0	0.117146889840864	0	0	0	0;0;0;0;0;0;4;0;0;0	0	0	2.77765000061683		
chr15	58052224	58069429	-	mmuCirc_003361	Zhx1	CTO:ANNOTATED	3	3096	NM_001042438:NM_009572	0	0	0	0.0192294131873431	0	0	0	0	0	0.114689240185217	0;0;0;1;0;0;0;0;0;4	0	0	0.889813471895085		
chr15	58117238	58122602	-	mmuCirc_003362	Atad2	CTO:ANNOTATED:CDS	4	482	NM_027435	0	0	0	0	0	0	0	0	0.159110350386847	0	0;0;0;0;0;0;0;0;4;0	0	0	3.16277680474228		
chr15	58205213	58208067	-	mmuCirc_003363	Fbxo32	CTO:ANNOTATED:CDS	3	256	NM_026346	0	0	0	0	0.018226776348359	0.163755556840127	0	0.0659643899816055	0.0795551751934235	0.0573446200926087	0;0;0;0;1;5;0;2;2;2	0	0	2.15891721193676	rnoCirc_011188	
chr15	58968839	58972560	-	mmuCirc_003364	Mtss1	CTO:ANNOTATED:CDS	3	252	NM_001146180:NM_144800	0.0539743519277075	0.0341334195498	0.0555357632266056	0.0192294131873431	0.018226776348359	0.360262225048279	0.263580502141943	0.560697314843647	1.11377245270793	0.372740030601957	3;2;3;1;1;11;9;17;28;13	0	0	3.18151796783228	rnoCirc_011191	hsaCirc_015325
chr15	59454306	59455466	+	mmuCirc_003365	Nsmce2	CTO:ALT_ACCEPTOR:CDS	1	1161	NM_001164604:NM_026746	0	0	0.0185119210755352	0	0	0.0655022227360508	0	0.164910974954014	0	0	0;0;1;0;0;2;0;5;0;0	0	0	2.1797078923578		
chr15	60953306	60967345	+	mmuCirc_003366		NTO	1	14040		0	0	0	0	0.018226776348359	0.131004445472102	0	0.131928779963211	0.278443113176982	0.0286723100463043	0;0;0;0;1;4;0;4;7;1	0	0	2.52243604023743		
chr15	62107148	62107465	+	mmuCirc_003367	Pvt1	CTO:ncRNA	1	318	NR_003368	0.0719658025702766	0.0512001293247	0.0555357632266056	0.153835305498745	0.0364535526967181	0.458515559152355	0.322153947062375	0.758590484788463	2.10821214262572	0.487429270787174	4;3;3;8;2;14;11;23;53;17	1	0	2.95832852137644	rnoCirc_011199	
chr15	62175467	62175926	+	mmuCirc_003368	Pvt1	CTO:ncRNA	1	460	NR_003368	0	0	0.0185119210755352	0	0	0	0	0	0.119332762790135	0	0;0;1;0;0;0;0;0;3;0	0	0	0.927578769281409		
chr15	62242174	62242561	+	mmuCirc_003369	Pvt1	CTO:ncRNA	2	256	NR_003368	0	0	0	0	0	0.0327511113680254	0	0.0989465849724082	0.0397775875967117	0.0286723100463043	0;0;0;0;0;1;0;3;1;1	0	0	1.708537340067		
chr15	64119958	64130267	-	mmuCirc_003370	Asap1	CTO:ANNOTATED:CDS	9	1184	NM_001276462:NM_001276463:NM_001276461:NM_001276467:NM_010026	0	0	0	0	0	0.0327511113680254	0	0.131928779963211	0	0.0286723100463043	0;0;0;0;0;1;0;4;0;1	0	0	1.86920867285401		
chr15	64135806	64152930	-	mmuCirc_003371	Asap1	CTO:ANNOTATED:CDS	4	308	NM_001276462:NM_001276463:NM_001276461:NM_001276467:NM_010026	0	0	0	0	0	0.131004445472102	0.0292867224602159	0.164910974954014	0.0397775875967117	0.258050790416739	0;0;0;0;0;4;1;5;1;9	0	0	2.56067166445802		
chr15	64135806	64166545	-	mmuCirc_003372	Asap1	CTO:ANNOTATED:CDS	8	602	NM_001276462:NM_001276463:NM_001276461:NM_001276467:NM_010026	0	0	0	0.0192294131873431	0	0.0655022227360508	0	0.0989465849724082	0	0.086016930138913	0;0;0;1;0;2;0;3;0;3	0	0	1.52562272068941		
chr15	64149606	64160297	-	mmuCirc_003373	Asap1	CTO:ANNOTATED:CDS	5	379	NM_001276462:NM_001276463:NM_001276461:NM_001276467:NM_010026	0	0.0170667097749	0	0	0.018226776348359	0.0655022227360508	0.0292867224602159	0.0659643899816055	0.23866552558027	0	0;1;0;0;1;2;1;2;6;0	0	0	1.47384168183359	rnoCirc_011164	hsaCirc_015336
chr15	64158882	64167829	-	mmuCirc_003374	Asap1	CTO:ANNOTATED:CDS	4	415	NM_001276462:NM_001276463:NM_001276461:NM_001276467:NM_010026	0	0	0	0	0.0364535526967181	0	0	0.131928779963211	0	0.0286723100463043	0;0;0;0;2;0;0;4;0;1	0	0	1.3556800774765		
chr15	64158918	64166545	-	mmuCirc_003375	Asap1	CTO:ANNOTATED:CDS	3	249	NM_001276462:NM_001276463:NM_001276461:NM_001276467:NM_010026	0	0	0	0	0	0.0982533341040761	0	0.0659643899816055	0	0.0573446200926087	0;0;0;0;0;3;0;2;0;2	0	0	2.20628301978291		
chr15	64191484	64208556	-	mmuCirc_003376	Asap1	CTO:ANNOTATED:CDS	2	219	NM_001276462:NM_001276463:NM_001276461:NM_001276467:NM_010026	0	0	0	0	0	0.0327511113680254	0.0292867224602159	0.0329821949908028	0.198887937983559	0.0573446200926087	0;0;0;0;0;1;1;1;5;2	0	0	1.90186592885528	rnoCirc_011166	hsaCirc_015344
chr15	64295669	64312475	-	mmuCirc_003377	Asap1	CTO:ALT_DONOR:CDS:5UTR	1	16807	NM_001276462:NM_001276463:NM_001276461:NM_001276467:NM_010026	0	0	0	0	0.0546803290450771	0	0	0.0329821949908028	0.0397775875967117	0.0286723100463043	0;0;0;0;3;0;0;1;1;1	0	0	0.78916175152591		
chr15	65815335	65819870	+	mmuCirc_003378	Efr3a	CTO:ANNOTATED:CDS	3	356	NM_133766	0	0	0	0	0	0	0	0	0.198887937983559	0	0;0;0;0;0;0;0;0;5;0	0	0	3.45212055059048		hsaCirc_015348
chr15	65829727	65842720	+	mmuCirc_003379	Efr3a	CTO:ANNOTATED:CDS	3	367	NM_133766	0	0	0	0	0	0.0982533341040761	0	0	0	0	0;0;0;0;0;3;0;0;0;0	0	0	2.56380895521826		
chr15	65829727	65848309	+	mmuCirc_003380	Efr3a	CTO:ANNOTATED:CDS	5	665	NM_133766	0.0359829012851383	0	0	0	0.0364535526967181	0.0327511113680254	0.0585734449204318	0.395786339889633	0.198887937983559	0.0573446200926087	2;0;0;0;2;1;2;12;5;2	0	0	2.03447692487804		
chr15	66594807	66595199	+	mmuCirc_003381	Phf20l1	CTO:ANNOTATED:CDS	2	257	NM_001081409	0.0179914506425692	0.0170667097749	0.0185119210755352	0.115376479124059	0	0.294760002312228	0.439300836903238	0.428768534880436	0.556886226353964	0.20070617032413	1;1;1;6;0;9;15;13;14;7	0	0	3.15594165452437		
chr15	66604027	66615847	+	mmuCirc_003382	Phf20l1	CTO:ANNOTATED:CDS	6	1072	NM_001081409	0	0	0	0	0	0	0	0.131928779963211	0.0397775875967117	0	0;0;0;0;0;0;0;4;1;0	0	0	2.25246397878285		
chr15	68101471	68119074	-	mmuCirc_003383	Zfat	CTO:ANNOTATED:CDS	4	513	NM_001145888:NM_198644	0	0	0	0	0	0.0655022227360508	0.0878601673806477	0.131928779963211	0.119332762790135	0.0286723100463043	0;0;0;0;0;2;3;4;3;1	0	0	2.30718787124247	rnoCirc_011212	
chr15	68101471	68146591	-	mmuCirc_003384	Zfat	CTO:ANNOTATED:CDS	5	602	NM_001145888:NM_198644	0	0	0	0.0192294131873431	0	0.0327511113680254	0.0292867224602159	0.0329821949908028	0.119332762790135	0.0573446200926087	0;0;0;1;0;1;1;1;3;2	0	0	1.57714719350915		
chr15	68101471	68170223	-	mmuCirc_003385	Zfat	CTO:ANNOTATED:CDS	8	1014	NM_001145888:NM_198644	0.0359829012851383	0	0	0	0	0	0	0	0.0795551751934235	0.086016930138913	2;0;0;0;0;0;0;0;2;3	0	0	1.07891094134636		
chr15	68165753	68170223	-	mmuCirc_003386	Zfat	CTO:ANNOTATED:CDS	3	412	NM_001145888:NM_198644	0.0179914506425692	0.0170667097749	0	0.0192294131873431	0.0546803290450771	0.327511113680254	0.175720334761295	0.164910974954014	0.6762189891441	0.229378480370435	1;1;0;1;3;10;6;5;17;8	0	0	2.93834786847044	rnoCirc_011215	
chr15	68995052	69017474	+	mmuCirc_003387	Khdrbs3	CTO:ANNOTATED:CDS	3	383	NM_010158	0	0	0	0.0192294131873431	0	0.196506668208152	0.0292867224602159	0.230875364935619	0.159110350386847	0.0286723100463043	0;0;0;1;0;6;1;7;4;1	0	0	2.37207596061334		
chr15	68995052	69049461	+	mmuCirc_003388	Khdrbs3	CTO:ANNOTATED:CDS	6	802	NM_010158	0	0	0	0	0	0	0	0.0329821949908028	0.119332762790135	0.0573446200926087	0;0;0;0;0;0;0;1;3;2	0	0	2.05242372925454		
chr15	69013358	69029910	+	mmuCirc_003389	Khdrbs3	CTO:ANNOTATED:CDS	4	600	NM_010158	0.0179914506425692	0.0512001293247	0	0	0	0.0982533341040761	0.0878601673806477	0.0329821949908028	0.119332762790135	0.0286723100463043	1;3;0;0;0;3;3;1;3;1	0	0	1.54528321150094	rnoCirc_011220	
chr15	69024700	69049461	+	mmuCirc_003390	Khdrbs3	CTO:ANNOTATED:CDS	3	419	NM_010158	0	0	0	0.0384588263746862	0	0.0655022227360508	0.0585734449204318	0.0989465849724082	0.198887937983559	0	0;0;0;2;0;2;2;3;5;0	0	0	2.1367363427288		
chr15	72685283	72693657	-	mmuCirc_003391	Trappc9	CTO:ANNOTATED:CDS	2	245	NM_029640:NM_180662	0	0.0170667097749	0.0185119210755352	0	0	0.0982533341040761	0	0.230875364935619	0.357998288370406	0	0;1;1;0;0;3;0;7;9;0	0	0	2.15439662663093		
chr15	72736776	72757358	-	mmuCirc_003392	Trappc9	CTO:ANNOTATED:CDS	2	254	NM_029640:NM_180662	0	0	0	0	0	0	0	0.0989465849724082	0.0795551751934235	0.0286723100463043	0;0;0;0;0;0;0;3;2;1	0	0	2.05694650288094		
chr15	72903557	72937125	-	mmuCirc_003393	Trappc9	CTO:ANNOTATED:CDS	3	442	NM_029640:NM_180662:NM_001164641:NM_001164642	0	0	0	0	0	0	0	0	0	0.114689240185217	0;0;0;0;0;0;0;0;0;4	0	0	2.75156269883195		
chr15	72936962	72953119	-	mmuCirc_003394	Trappc9	CTO:ANNOTATED:CDS	5	656	NM_029640:NM_180662:NM_001164641:NM_001164642	0.0359829012851383	0.0170667097749	0	0	0.018226776348359	0.0327511113680254	0	0.0329821949908028	0.119332762790135	0	2;1;0;0;1;1;0;1;3;0	0	0	0.45909557458578		
chr15	72999972	73031643	-	mmuCirc_003395	Trappc9	CTO:ANNOTATED:CDS	4	609	NM_029640:NM_180662:NM_001164641:NM_001164642:NM_001164643	0.413803364779091	0.1536003879741	0.296190737208563	0.461505916496235	0.346308750618822	2.94760002312228	1.96221040483446	3.52909486401589	4.85286568679883	2.15042325347283	23;9;16;24;19;90;67;107;122;75	1	1	3.13640500641624	rnoCirc_011223	
chr15	73012806	73031643	-	mmuCirc_003396	Trappc9	CTO:ANNOTATED:CDS	3	465	NM_029640:NM_180662:NM_001164641:NM_001164642:NM_001164643	0.0359829012851383	0	0.0185119210755352	0.0192294131873431	0.0364535526967181	0.360262225048279	0.292867224602159	0.36280414489883	0.357998288370406	0.286723100463044	2;0;1;1;2;11;10;11;9;10	0	0	3.15096342784248	rnoCirc_011224	
chr15	73025962	73031643	-	mmuCirc_003397	Trappc9	CTO:ANNOTATED:CDS	2	248	NM_029640:NM_180662:NM_001164641:NM_001164642:NM_001164643	0.0359829012851383	0.0170667097749	0.0555357632266056	0.0384588263746862	0.018226776348359	0.458515559152355	0.0585734449204318	0.428768534880436	0.437553463563829	0.258050790416739	2;1;3;2;1;14;2;13;11;9	0	0	2.51626114599038		hsaCirc_015381
chr15	73025962	73050723	-	mmuCirc_003398	Trappc9	CTO:ANNOTATED:CDS	4	404	NM_029640:NM_180662:NM_001164641:NM_001164642:NM_001164643	0	0	0	0	0	0	0	0	0.119332762790135	0	0;0;0;0;0;0;0;0;3;0	0	0	2.80046262890159		
chr15	73031522	73050723	-	mmuCirc_003399	Trappc9	CTO:ANNOTATED:CDS	3	278	NM_029640:NM_180662:NM_001164641:NM_001164642:NM_001164643	0	0	0	0	0	0	0.0585734449204318	0.131928779963211	0	0.0573446200926087	0;0;0;0;0;0;2;4;0;2	0	0	2.28355534676733		
chr15	73229861	73242477	-	mmuCirc_003400	Ptk2	CTO:ANNOTATED:CDS	4	469	NM_007982:NM_001130409	0	0	0	0	0	0.0982533341040761	0.0292867224602159	0	0.0397775875967117	0.0286723100463043	0;0;0;0;0;3;1;0;1;1	0	0	1.68192848140201	rnoCirc_011231	hsaCirc_015390
chr15	73257034	73268893	-	mmuCirc_003401	Ptk2	CTO:ANNOTATED:CDS	6	698	NM_007982:NM_001130409	0.0179914506425692	0	0.0370238421510704	0.0192294131873431	0	0.131004445472102	0.0292867224602159	0.329821949908027	0.318220700773694	0.258050790416739	1;0;2;1;0;4;1;10;8;9	0	0	2.56285217202989	rnoCirc_011235	hsaCirc_015394
chr15	73274487	73276913	-	mmuCirc_003402	Ptk2	CTO:ANNOTATED:CDS	2	155	NM_007982:NM_001130409	0.0179914506425692	0	0	0	0	0.0327511113680254	0.0585734449204318	0	0.159110350386847	0	1;0;0;0;0;1;2;0;4;0	0	0	1.8701151026907	rnoCirc_011238	hsaCirc_015396
chr15	73292035	73298245	-	mmuCirc_003403	Ptk2	CTO:ANNOTATED:CDS	4	310	NM_007982:NM_001130409	0.0179914506425692	0	0	0.0384588263746862	0.0729071053934362	0.196506668208152	0.0878601673806477	0.164910974954014	0.278443113176982	0.086016930138913	1;0;0;2;4;6;3;5;7;3	0	0	2.13858219976274	rnoCirc_011239	hsaCirc_015397
chr15	73292035	73304547	-	mmuCirc_003404	Ptk2	CTO:ANNOTATED:CDS	6	529	NM_007982:NM_001130409	0	0	0	0	0	0.0982533341040761	0.0585734449204318	0.0329821949908028	0.119332762790135	0.0286723100463043	0;0;0;0;0;3;2;1;3;1	0	0	2.00538445217169		
chr15	73292035	73309869	-	mmuCirc_003405	Ptk2	CTO:ANNOTATED:CDS	7	584	NM_007982:NM_001130409	0	0	0.0185119210755352	0	0.018226776348359	0.163755556840127	0.175720334761295	0.296839754917225	0.318220700773694	0.229378480370435	0;0;1;0;1;5;6;9;8;8	0	0	3.26327773589208	rnoCirc_011240	hsaCirc_015398