chr10	14004201	14011215	+	mmuCirc_000793	Hivep2	INTRONIC	1	7015	NM_010437	0	0	0	0.0384588263746862	0	0.0327511113680254	0	0.0329821949908028	0.23866552558027	0.0286723100463043	0;0;0;2;0;1;0;1;6;1	0	0	1.5583513419867		
chr10	14004201	14066684	+	mmuCirc_000794	Hivep2	CTO:ALT_ACCEPTOR:5UTR	1	62484	NM_010437	0.233888858353399	0.2218672270737	0.166607289679817	0.153835305498745	0.109360658090154	1.8013111252414	1.34718923316993	3.06734413414466	3.14242942014023	1.23290933199109	13;13;9;8;6;55;46;93;79;43	1	1	3.37019492746034		
chr10	14004201	14076962	+	mmuCirc_000795	Hivep2	CTO:ALT_DONOR:ALT_ACCEPTOR:5UTR	1	72762	NM_010437	0	0	0	0	0	0.0655022227360508	0	0.0989465849724082	0.159110350386847	0	0;0;0;0;0;2;0;3;4;0	0	0	2.61032689215939		
chr10	14004201	14086082	+	mmuCirc_000796	Hivep2	CTO:ALT_DONOR:ALT_ACCEPTOR:5UTR	1	81882	NM_010437	0.0179914506425692	0	0	0	0	0.229257779576178	0.0585734449204318	0.296839754917225	0.119332762790135	0.086016930138913	1;0;0;0;0;7;2;9;3;3	0	0	2.77606009973625		
chr10	14032304	14066684	+	mmuCirc_000797	Hivep2	CTO:ALT_ACCEPTOR:5UTR	1	34381	NM_010437	0	0	0	0	0	0.0327511113680254	0	0.0659643899816055	0.198887937983559	0.0286723100463043	0;0;0;0;0;1;0;2;5;1	0	0	2.05954061182823		
chr10	14066583	14076962	+	mmuCirc_000798	Hivep2	CTO:ALT_DONOR:5UTR	1	10380	NM_010437	0	0	0	0	0	0	0.0292867224602159	0.0659643899816055	0.159110350386847	0.0286723100463043	0;0;0;0;0;0;1;2;4;1	0	0	1.96270406454851		
chr10	14066583	14086082	+	mmuCirc_000799	Hivep2	CTO:ALT_DONOR:5UTR	1	19500	NM_010437	0	0	0	0	0.018226776348359	0.131004445472102	0.263580502141943	0.263857559926422	0.278443113176982	0.0286723100463043	0;0;0;0;1;4;9;8;7;1	0	0	2.96344051534205		
chr10	18089448	18096336	+	mmuCirc_000800	Reps1	CTO:ANNOTATED:CDS	7	982	NM_001111065:NM_009048	0.0539743519277075	0.0170667097749	0.0185119210755352	0.0384588263746862	0.0546803290450771	0.458515559152355	0.322153947062375	0.494732924862041	0.596663813950676	0.315395410509348	3;1;1;2;3;14;11;15;15;11	0	0	3.04128393064577	rnoCirc_000055	hsaCirc_013708
chr10	18092845	18094908	+	mmuCirc_000801	Reps1	CTO:ANNOTATED:CDS	5	703	NM_001111065:NM_009048	0	0	0.0185119210755352	0.115376479124059	0	0.360262225048279	0.292867224602159	0.428768534880436	0.477331051160541	0.20070617032413	0;0;1;6;0;11;10;13;12;7	0	0	3.42005606997961		
chr10	18092845	18096336	+	mmuCirc_000802	Reps1	CTO:ANNOTATED:CDS	6	858	NM_001111065:NM_009048	0	0	0	0	0	0.0327511113680254	0.0292867224602159	0.0989465849724082	0.198887937983559	0.114689240185217	0;0;0;0;0;1;1;3;5;4	0	0	2.29526514617078		
chr10	18092845	18121218	+	mmuCirc_000803	Reps1	CTO:ANNOTATED:CDS	14	1691	NM_001111065:NM_009048	0	0	0.0185119210755352	0	0	0	0	0.0989465849724082	0.0397775875967117	0	0;0;1;0;0;0;0;3;1;0	0	0	1.60327076630042		
chr10	19869294	19894802	-	mmuCirc_000804	Pex7	CTO:ANNOTATED:CDS	6	564	NM_001161825:NM_008822	0	0	0.0185119210755352	0.0192294131873431	0.018226776348359	0	0.0878601673806477	0.263857559926422	0.0397775875967117	0	0;0;1;1;1;0;3;8;1;0	0	0	1.24649145509157		
chr10	19884778	19894802	-	mmuCirc_000805	Pex7	CTO:ANNOTATED:CDS	5	464	NM_001161825:NM_008822	0	0	0	0.0192294131873431	0.018226776348359	0.0327511113680254	0	0.131928779963211	0.23866552558027	0.114689240185217	0;0;0;1;1;1;0;4;6;4	0	0	2.21564601325234		
chr10	20023608	20029203	+	mmuCirc_000806	Map3k5	CTO:ANNOTATED:CDS	4	641	NM_008580	0.0359829012851383	0.0170667097749	0.0370238421510704	0	0	0.294760002312228	0.146433612301079	0.494732924862041	0.357998288370406	0.20070617032413	2;1;2;0;0;9;5;15;9;7	0	0	3.10729893826777	rnoCirc_000064	hsaCirc_013697
chr10	20023608	20046484	+	mmuCirc_000807	Map3k5	CTO:ANNOTATED:CDS	5	754	NM_008580	0.0179914506425692	0	0	0.0192294131873431	0.018226776348359	0.0982533341040761	0.0585734449204318	0.230875364935619	0.198887937983559	0.086016930138913	1;0;0;1;1;3;2;7;5;3	0	0	2.24257977858144	rnoCirc_000065	hsaCirc_013695
chr10	20023608	20059090	+	mmuCirc_000808	Map3k5	CTO:ANNOTATED:CDS	7	1068	NM_008580	0.0359829012851383	0	0.0185119210755352	0.0192294131873431	0.0729071053934362	0.196506668208152	0.0292867224602159	0.395786339889633	0.357998288370406	0.0573446200926087	2;0;1;1;4;6;1;12;9;2	0	0	1.93778035205551	rnoCirc_000066	
chr10	20023608	20082468	+	mmuCirc_000809	Map3k5	CTO:ANNOTATED:CDS	11	1404	NM_008580	0	0	0	0	0	0.131004445472102	0.0292867224602159	0.0659643899816055	0.198887937983559	0.0286723100463043	0;0;0;0;0;4;1;2;5;1	0	0	2.2113358242207	rnoCirc_000067	hsaCirc_013692
chr10	20023608	20100197	+	mmuCirc_000810	Map3k5	CTO:ANNOTATED:CDS	14	1803	NM_008580	0.0179914506425692	0.0341334195498	0.0370238421510704	0	0	0.229257779576178	0.0292867224602159	0.0659643899816055	0.0397775875967117	0.0286723100463043	1;2;2;0;0;7;1;2;1;1	0	0	1.2066902370018	rnoCirc_000068	
chr10	20024885	20046484	+	mmuCirc_000811	Map3k5	CTO:ANNOTATED:CDS	4	560	NM_008580	0	0	0.0185119210755352	0.0192294131873431	0.018226776348359	0	0.0585734449204318	0.131928779963211	0	0	0;0;1;1;1;0;2;4;0;0	0	0	0.511885176721847		
chr10	20067829	20079337	+	mmuCirc_000812	Map3k5	CTO:ANNOTATED:CDS	3	254	NM_008580	0	0	0	0.0384588263746862	0	0.0655022227360508	0	0.131928779963211	0.159110350386847	0	0;0;0;2;0;2;0;4;4;0	0	0	2.21221371512039		
chr10	20067829	20082468	+	mmuCirc_000813	Map3k5	CTO:ANNOTATED:CDS	4	336	NM_008580	0.0179914506425692	0.0341334195498	0	0.0192294131873431	0	0.163755556840127	0.0585734449204318	0.0329821949908028	0.278443113176982	0.143361550231522	1;2;0;1;0;5;2;1;7;5	0	0	2.03490318732342		
chr10	20076482	20082468	+	mmuCirc_000814	Map3k5	CTO:ANNOTATED:CDS	3	228	NM_008580	0	0.0341334195498	0.0370238421510704	0.0192294131873431	0.018226776348359	0.163755556840127	0.117146889840864	0.230875364935619	0.159110350386847	0	0;2;2;1;1;5;4;7;4;0	0	0	1.58688752248523	rnoCirc_000074	
chr10	20118145	20118583	+	mmuCirc_000815	Map3k5	CTO:ANNOTATED:CDS	2	347	NM_008580	0	0.0170667097749	0	0.0384588263746862	0	0.163755556840127	0.0585734449204318	0.0659643899816055	0.278443113176982	0	0;1;0;2;0;5;2;2;7;0	0	0	2.18483401968626		
chr10	20124952	20132208	+	mmuCirc_000816	Map3k5	CTO:ANNOTATED:CDS	3	536	NM_008580	0.0539743519277075	0.0682668390996	0.0185119210755352	0.0384588263746862	0.018226776348359	0.229257779576178	0.234293779681727	0.36280414489883	0.278443113176982	0	3;4;1;2;1;7;8;11;7;0	0	0	1.60194066252992		
chr10	20245270	20250480	+	mmuCirc_000817	Map7	CTO:ANNOTATED:CDS	3	393	NM_001198635:NM_008635	0	0	0	0	0	0	0	0.0329821949908028	0.119332762790135	0	0;0;0;0;0;0;0;1;3;0	0	0	2.10298512151359		hsaCirc_013686
chr10	20434465	20443369	-	mmuCirc_000818	Pde7b	CTO:ANNOTATED:CDS	5	545	NM_013875	0	0	0.0185119210755352	0.0192294131873431	0.018226776348359	0.196506668208152	0.146433612301079	0.230875364935619	0.159110350386847	0.086016930138913	0;0;1;1;1;6;5;7;4;3	0	0	2.57185771208921		hsaCirc_013681
chr10	21054585	21058250	+	mmuCirc_000819	Ahi1	CTO:ALT_ACCEPTOR:CDS	2	657	NM_026203:NM_001177776	0	0	0	0	0	0	0.0585734449204318	0.0989465849724082	0.0397775875967117	0	0;0;0;0;0;0;2;3;1;0	0	0	2.04196281242384		
chr10	22664363	22665706	+	mmuCirc_000820	Slc2a12	CTO:ANNOTATED:CDS	1	1344	NM_178934	0.0539743519277075	0.0341334195498	0.0370238421510704	0.0192294131873431	0	0.163755556840127	0.0292867224602159	0.164910974954014	0.0795551751934235	0.0286723100463043	3;2;2;1;0;5;1;5;2;1	0	0	1.10024517013117	rnoCirc_000133	hsaCirc_013670
chr10	22705693	22712091	-	mmuCirc_000821	Tbpl1	CTO:ALT_DONOR	6	727	NM_011603	0.107948703855415	0	0.0185119210755352	0.0192294131873431	0	0.229257779576178	0.234293779681727	0.296839754917225	0.795551751934235	0.172033860277826	6;0;1;1;0;7;8;9;20;6	0	0	3.06238624350227	rnoCirc_000132	hsaCirc_013669
chr10	23798746	23806040	+	mmuCirc_000822	Slc18b1	CTO:ANNOTATED:CDS	4	458	NM_183116	0	0	0	0	0	0.196506668208152	0	0.164910974954014	0.119332762790135	0.0573446200926087	0;0;0;0;0;6;0;5;3;2	0	0	2.84921551944518		
chr10	25220611	25239738	-	mmuCirc_000823	Akap7	CTO:ANNOTATED:CDS	2	261	NM_018747	0	0	0	0	0	0.196506668208152	0.0292867224602159	0.0989465849724082	0.23866552558027	0.114689240185217	0;0;0;0;0;6;1;3;6;4	0	0	2.75087182553374		
chr10	25220611	25289730	-	mmuCirc_000824	Akap7	CTO:ANNOTATED:CDS:5UTR	6	840	NM_018747	0.233888858353399	0.1194669684243	0.259166895057493	0.115376479124059	0.328081974270463	1.63755556840127	1.55219629039144	2.30875364935619	2.26732249301257	1.63432167263935	13;7;14;6;18;50;53;70;57;57	1	1	3.11785680627309	rnoCirc_000117	
chr10	25239626	25289730	-	mmuCirc_000825	Akap7	CTO:ANNOTATED:CDS:5UTR	5	692	NM_018747	0	0.0170667097749	0	0	0	0	0.0292867224602159	0.0659643899816055	0.119332762790135	0.0573446200926087	0;1;0;0;0;0;1;2;3;2	0	0	1.81664442968485	rnoCirc_000116	
chr10	25267308	25271641	-	mmuCirc_000826	Akap7	CTO:ANNOTATED:CDS	2	298	NM_018747	0.0539743519277075	0	0	0	0	0.0327511113680254	0.0292867224602159	0.0329821949908028	0.477331051160541	0.0573446200926087	3;0;0;0;0;1;1;1;12;2	0	0	1.76126370913914	rnoCirc_000121	
chr10	25267308	25284041	-	mmuCirc_000827	Akap7	CTO:ANNOTATED:CDS	3	447	NM_018747	0	0	0	0.0576882395620293	0	0.0327511113680254	0.0292867224602159	0	0.159110350386847	0.114689240185217	0;0;0;3;0;1;1;0;4;4	0	0	1.66426095456705	rnoCirc_000118	hsaCirc_013656
chr10	25267308	25289730	-	mmuCirc_000828	Akap7	CTO:ANNOTATED:CDS:5UTR	4	579	NM_018747	0.305854660923676	0.2218672270737	0.370238421510704	0.423047090121549	0.455669408708976	3.53712002774674	1.90363695991403	4.7494360786756	5.64841743873307	2.43714635393587	17;13;20;22;25;108;65;144;142;85	1	1	3.21954322543177	rnoCirc_000115	hsaCirc_013655
chr10	25283893	25289730	-	mmuCirc_000829	Akap7	CTO:ANNOTATED:CDS:5UTR	2	281	NM_018747	0.0179914506425692	0	0.0370238421510704	0.0192294131873431	0.018226776348359	0.163755556840127	0.175720334761295	0.428768534880436	0.596663813950676	0.0573446200926087	1;0;2;1;1;5;6;13;15;2	0	0	2.70645824560507	rnoCirc_000114	
chr10	25441573	25443954	+	mmuCirc_000830	Epb4.1l2	CTO:ANNOTATED:CDS:5UTR	2	698	NM_001199265:NM_013511	0.0539743519277075	0	0.0740476843021408	0.0384588263746862	0	0.393013336416305	0.263580502141943	0.527715119852844	0.318220700773694	0.20070617032413	3;0;4;2;0;12;9;16;8;7	0	0	2.96905327564719	rnoCirc_000112	hsaCirc_013654
chr10	25441573	25460896	+	mmuCirc_000831	Epb4.1l2	CTO:ANNOTATED:CDS:5UTR	3	803	NM_001199265:NM_013511	0.0179914506425692	0	0	0.0192294131873431	0.018226776348359	0.0327511113680254	0.146433612301079	0.296839754917225	0.198887937983559	0.20070617032413	1;0;0;1;1;1;5;9;5;7	0	0	2.50514787606785	rnoCirc_000111	hsaCirc_013653
chr10	25441573	25473163	+	mmuCirc_000832	Epb4.1l2	CTO:ANNOTATED:CDS:5UTR	7	1229	NM_001199265:NM_013511	0	0	0	0.0192294131873431	0	0	0.0878601673806477	0.197893169944816	0.119332762790135	0.0573446200926087	0;0;0;1;0;0;3;6;3;2	0	0	2.41411679018871		
chr10	25441573	25489093	+	mmuCirc_000833	Epb4.1l2	CTO:ANNOTATED:CDS:5UTR	11	1796	NM_001199265:NM_013511	0	0	0	0	0	0	0	0.0989465849724082	0	0	0;0;0;0;0;0;0;3;0;0	0	0	2.57224194660756		
chr10	25441573	25495591	+	mmuCirc_000834	Epb4.1l2	CTO:ANNOTATED:CDS:5UTR	13	2006	NM_001199265:NM_013511	0	0	0	0	0	0.0655022227360508	0	0.164910974954014	0.0397775875967117	0.0573446200926087	0;0;0;0;0;2;0;5;1;2	0	0	2.20890662403071		
chr10	25460792	25471637	+	mmuCirc_000835	Epb4.1l2	CTO:ANNOTATED:CDS	4	443	NM_001199265:NM_013511	0	0	0	0	0	0	0	0	0.119332762790135	0	0;0;0;0;0;0;0;0;3;0	0	0	2.80046262890159		
chr10	25460792	25473163	+	mmuCirc_000836	Epb4.1l2	CTO:ANNOTATED:CDS	5	531	NM_001199265:NM_013511	0	0	0.0185119210755352	0.0384588263746862	0.018226776348359	0.0327511113680254	0.0878601673806477	0.0659643899816055	0.278443113176982	0	0;0;1;2;1;1;3;2;7;0	0	0	1.28122109588019		
chr10	25479009	25484380	+	mmuCirc_000837	Epb4.1l2	CTO:ANNOTATED:CDS	3	424	NM_001199265:NM_013511	0	0	0	0.0384588263746862	0	0.0327511113680254	0.0292867224602159	0.131928779963211	0.0795551751934235	0	0;0;0;2;0;1;1;4;2;0	0	0	1.59844981601717	rnoCirc_000109	
chr10	26313847	26352375	-	mmuCirc_000838	L3mbtl3	CTO:ANNOTATED:CDS:5UTR	14	1533	NM_172787	0	0	0.0185119210755352	0	0.0546803290450771	0.0655022227360508	0.0585734449204318	0.197893169944816	0.0397775875967117	0.114689240185217	0;0;1;0;3;2;2;6;1;4	0	0	1.80013736192307		
chr10	26327687	26352375	-	mmuCirc_000839	L3mbtl3	CTO:ANNOTATED:CDS:5UTR	11	1259	NM_172787	0	0	0.0370238421510704	0	0.018226776348359	0.0327511113680254	0.117146889840864	0.164910974954014	0.198887937983559	0.0286723100463043	0;0;2;0;1;1;4;5;5;1	0	0	1.93493668934829	rnoCirc_000108	
chr10	26336233	26352375	-	mmuCirc_000840	L3mbtl3	CTO:ANNOTATED:CDS:5UTR	8	879	NM_172787	0.0179914506425692	0	0.0370238421510704	0	0.018226776348359	0.0655022227360508	0.117146889840864	0.131928779963211	0.0397775875967117	0.0286723100463043	1;0;2;0;1;2;4;4;1;1	0	0	1.45796350796445		
chr10	26845932	26860732	+	mmuCirc_000841	Arhgap18	CTO:ANNOTATED:CDS	4	673	NM_176837	0	0.0170667097749	0	0	0.0364535526967181	0.229257779576178	0.0585734449204318	0.0329821949908028	0	0.086016930138913	0;1;0;0;2;7;2;1;0;3	0	0	1.75953759700249		
chr10	26869921	26880770	+	mmuCirc_000842	Arhgap18	CTO:ANNOTATED:CDS	5	579	NM_176837	0.0179914506425692	0	0	0.0192294131873431	0	0.163755556840127	0.0292867224602159	0	0	0	1;0;0;1;0;5;1;0;0;0	0	0	0.867768154615176		
chr10	26869921	26889872	+	mmuCirc_000843	Arhgap18	CTO:ANNOTATED:CDS	7	927	NM_176837	0	0	0.0370238421510704	0.0192294131873431	0	0.163755556840127	0	0	0	0.086016930138913	0;0;2;1;0;5;0;0;0;3	0	0	0.780609433939783	rnoCirc_000106	
chr10	26877157	26889872	+	mmuCirc_000844	Arhgap18	CTO:ANNOTATED:CDS	5	669	NM_176837	0.0179914506425692	0	0	0.0192294131873431	0	0.0655022227360508	0	0.131928779963211	0.0795551751934235	0.0286723100463043	1;0;0;1;0;2;0;4;2;1	0	0	1.68056805332652	rnoCirc_000105	
chr10	27118479	27139005	-	mmuCirc_000845	Lama2	CTO:ANNOTATED:CDS	5	728	NM_008481	0	0	0	0.0192294131873431	0	0.262008890944203	0.0878601673806477	0	0.159110350386847	0.0573446200926087	0;0;0;1;0;8;3;0;4;2	0	0	2.59772525235873		hsaCirc_013637
chr10	27118479	27204981	-	mmuCirc_000846	Lama2	CTO:ANNOTATED:CDS	17	2589	NM_008481	0.0179914506425692	0.0170667097749	0	0.0384588263746862	0	0	0.0292867224602159	0	0.0397775875967117	0.086016930138913	1;1;0;2;0;0;1;0;1;3	0	0	0.480951690577618	rnoCirc_000099	
chr10	27124466	27139005	-	mmuCirc_000847	Lama2	CTO:ANNOTATED:CDS	3	354	NM_008481	0	0	0	0.0192294131873431	0	0.0327511113680254	0.0292867224602159	0.197893169944816	0.0397775875967117	0.086016930138913	0;0;0;1;0;1;1;6;1;3	0	0	1.83196825833373		hsaCirc_013636
chr10	27133967	27139005	-	mmuCirc_000848	Lama2	CTO:ANNOTATED:CDS	2	242	NM_008481	0	0	0	0	0	0	0	0.0989465849724082	0.119332762790135	0.0286723100463043	0;0;0;0;0;0;0;3;3;1	0	0	2.21860194126341		
chr10	27155494	27204981	-	mmuCirc_000849	Lama2	CTO:ALT_DONOR:CDS	12	1723	NM_008481	0	0	0	0	0	0.0655022227360508	0	0.0989465849724082	0.0795551751934235	0.0286723100463043	0;0;0;0;0;2;0;3;2;1	0	0	2.06670035844278		
chr10	27164902	27204981	-	mmuCirc_000850	Lama2	CTO:ANNOTATED:CDS	10	1580	NM_008481	0.0179914506425692	0	0.0370238421510704	0	0.0364535526967181	0.0327511113680254	0.0292867224602159	0.197893169944816	0.198887937983559	0	1;0;2;0;2;1;1;6;5;0	0	0	1.1327531463743		hsaCirc_013631
chr10	27184384	27204981	-	mmuCirc_000851	Lama2	CTO:ANNOTATED:CDS	8	1320	NM_008481	0	0	0	0	0	0	0	0.0989465849724082	0	0	0;0;0;0;0;0;0;3;0;0	0	0	2.57224194660756		
chr10	27197298	27224069	-	mmuCirc_000852	Lama2	CTO:ANNOTATED:CDS	5	724	NM_008481	0.0179914506425692	0	0.0185119210755352	0	0.0546803290450771	0	0	0.131928779963211	0.318220700773694	0.086016930138913	1;0;1;0;3;0;0;4;8;3	0	0	1.40993273253299		
chr10	27223983	27243782	-	mmuCirc_000853	Lama2	CTO:ANNOTATED:CDS	4	441	NM_008481	0	0	0	0	0	0	0.0292867224602159	0	0.159110350386847	0	0;0;0;0;0;0;1;0;4;0	0	0	2.23198792525946		
chr10	27243671	27266710	-	mmuCirc_000854	Lama2	CTO:ANNOTATED:CDS	3	426	NM_008481	0.0179914506425692	0	0	0.0192294131873431	0	0.131004445472102	0.0292867224602159	0.0659643899816055	0.159110350386847	0	1;0;0;1;0;4;1;2;4;0	0	0	1.89665589297076		
chr10	27324581	27369156	-	mmuCirc_000855	Lama2	CTO:ANNOTATED:CDS	8	1143	NM_008481	0	0	0	0	0.0364535526967181	0	0.117146889840864	0.0989465849724082	0.119332762790135	0.0286723100463043	0;0;0;0;2;0;4;3;3;1	0	0	1.98409786246133	rnoCirc_000093	hsaCirc_013621
chr10	27422472	27467374	-	mmuCirc_000856	Lama2	CTO:ANNOTATED:CDS	3	527	NM_008481	0	0	0	0	0.018226776348359	0.0655022227360508	0	0.131928779963211	0.0795551751934235	0.086016930138913	0;0;0;0;1;2;0;4;2;3	0	0	2.20210518572051	rnoCirc_000091	hsaCirc_013616
chr10	27459294	27467374	-	mmuCirc_000857	Lama2	CTO:ANNOTATED:CDS	2	284	NM_008481	0	0	0	0	0	0.131004445472102	0.0878601673806477	0.131928779963211	0.198887937983559	0.086016930138913	0;0;0;0;0;4;3;4;5;3	0	0	2.82625519752332	rnoCirc_000090	hsaCirc_013615
chr10	27598068	27599062	-	mmuCirc_000858	Lama2	INTRONIC	1	995	NM_008481	0	0	0.0185119210755352	0.0192294131873431	0	0.0655022227360508	0.0585734449204318	0.0989465849724082	0	0	0;0;1;1;0;2;2;3;0;0	0	0	1.18125121017181		
chr10	28569897	28575706	+	mmuCirc_000859	Ptprk	CTO:ANNOTATED:CDS	5	347	NM_008983	0	0	0	0.0192294131873431	0	0	0.117146889840864	0.0329821949908028	0.159110350386847	0	0;0;0;1;0;0;4;1;4;0	0	0	2.12466622148098		