chr2	24856606	24863929	-	mmuCirc_005215	Ehmt1	CTO:ANNOTATED:CDS	4	546	NM_001012518:NM_001109686:NM_001109687:NM_172545	0	0	0.0185119210755352	0	0	0	0.0585734449204318	0.131928779963211	0.0397775875967117	0	0;0;1;0;0;0;2;4;1;0	0	0	1.84455489385295	rnoCirc_007517	
chr2	24856606	24877626	-	mmuCirc_005216	Ehmt1	CTO:ANNOTATED:CDS	5	718	NM_001012518:NM_001109686:NM_001109687:NM_172545	0.107948703855415	0.0512001293247	0.111071526453211	0.134605892311402	0.0364535526967181	0.884280006936685	0.585734449204318	0.692626094806858	0.994439689917794	0.229378480370435	6;3;6;7;2;27;20;21;25;8	1	0	2.64198906273054	rnoCirc_007518	
chr2	24863223	24877626	-	mmuCirc_005217	Ehmt1	CTO:ANNOTATED:CDS	3	519	NM_001012518:NM_001109686:NM_001109687:NM_172545	0.0179914506425692	0	0	0	0.0364535526967181	0.131004445472102	0.175720334761295	0.230875364935619	0.119332762790135	0.0573446200926087	1;0;0;0;2;4;6;7;3;2	0	0	2.43703283430954		hsaCirc_016084
chr2	24877455	24887069	-	mmuCirc_005218	Ehmt1	CTO:ANNOTATED:CDS	3	796	NM_001012518:NM_001109686:NM_001109687:NM_172545	0.0539743519277075	0	0	0.0192294131873431	0.0911338817417952	0.163755556840127	0.0585734449204318	0.164910974954014	0.0795551751934235	0.0286723100463043	3;0;0;1;5;5;2;5;2;1	0	0	1.32958531486639	rnoCirc_007520	
chr2	24884146	24884702	-	mmuCirc_005219	Ehmt1	CTO:ANNOTATED:CDS	1	557	NM_001012518:NM_001109686:NM_001109687:NM_172545	0	0	0	0.0192294131873431	0.018226776348359	0.0982533341040761	0.0878601673806477	0.0989465849724082	0.0795551751934235	0	0;0;0;1;1;3;3;3;2;0	0	0	1.59522363798166		hsaCirc_016083
chr2	24884146	24887069	-	mmuCirc_005220	Ehmt1	CTO:ANNOTATED:CDS	2	624	NM_001012518:NM_001109686:NM_001109687:NM_172545	0	0.0341334195498	0	0.0192294131873431	0.018226776348359	0.0982533341040761	0.205007057221511	0.428768534880436	0.357998288370406	0.258050790416739	0;2;0;1;1;3;7;13;9;9	0	0	3.04763048587567	rnoCirc_007521	
chr2	25277636	25278505	+	mmuCirc_005221	Anapc2	CTO:ANNOTATED:CDS	2	300	NM_175300	0	0	0	0	0	0	0	0	0.119332762790135	0	0;0;0;0;0;0;0;0;3;0	0	0	2.80046262890159		
chr2	25596433	25602550	-	mmuCirc_005222	Rabl6	CTO:ALT_ACCEPTOR:CDS	4	323	NM_001024616	0.0179914506425692	0.0170667097749	0	0	0.018226776348359	0.0327511113680254	0.0878601673806477	0.131928779963211	0.119332762790135	0.143361550231522	1;1;0;0;1;1;3;4;3;5	0	0	1.96713836505519		
chr2	25596433	25602555	-	mmuCirc_005223	Rabl6	CTO:ANNOTATED:CDS	4	328	NM_001024616	0.0359829012851383	0.0341334195498	0.0555357632266056	0.115376479124059	0.0364535526967181	0.294760002312228	0.351440669522591	0.395786339889633	0.755774164337523	0.229378480370435	2;2;3;6;2;9;12;12;19;8	0	0	2.47844106725885		
chr2	25937946	25941469	-	mmuCirc_005224	Camsap1	CTO:ANNOTATED:CDS	3	2545	NM_001276359:NM_001276360:NM_001276361	0	0	0.0185119210755352	0	0	0.131004445472102	0.0292867224602159	0.0989465849724082	0.0795551751934235	0.143361550231522	0;0;1;0;0;4;1;3;2;5	0	0	2.23802957794057	rnoCirc_007525	
chr2	25944426	25966948	-	mmuCirc_005225	Camsap1	CTO:ANNOTATED:CDS	9	1156	NM_001276359:NM_001276360:NM_001276361	0	0	0.0555357632266056	0	0	0.131004445472102	0	0	0.119332762790135	0.0286723100463043	0;0;3;0;0;4;0;0;3;1	0	0	1.27073078210872		
chr2	25952678	25966948	-	mmuCirc_005226	Camsap1	CTO:ANNOTATED:CDS	6	741	NM_001276359:NM_001276360:NM_001276361	0.0899572532128458	0.0170667097749	0.0555357632266056	0.0769176527493725	0.0546803290450771	0.982533341040762	0.64430789412475	0.824554874770069	1.07399486511122	0.372740030601957	5;1;3;4;3;30;22;25;27;13	0	1	3.34534563651558	rnoCirc_007526	hsaCirc_016075
chr2	25965663	25966948	-	mmuCirc_005227	Camsap1	CTO:ANNOTATED:CDS	2	425	NM_001276359:NM_001276360:NM_001276361	0.521752068634506	0.3072007759482	0.407262263661775	0.673029461557009	0.619710395844208	4.2576444778433	4.2465747567313	6.46451021819734	8.67151409608316	3.35466027541761	29;18;22;35;34;130;145;196;218;117	1	1	3.33152326974039	rnoCirc_007528	hsaCirc_016077
chr2	26585674	26589020	-	mmuCirc_005228	Egfl7	AS:CTO	1	3347	NM_178444:NM_198724:NM_198725	0.0179914506425692	0	0	0	0	0	0	0.0989465849724082	0	0	1;0;0;0;0;0;0;3;0;0	0	0	0.823283573279092		
chr2	27089584	27098703	+	mmuCirc_005229	Adamtsl2	CTO:ANNOTATED:CDS	4	1002	NM_029981	0	0	0	0	0	0.0327511113680254	0.0585734449204318	0.0329821949908028	0.159110350386847	0.143361550231522	0;0;0;0;0;1;2;1;4;5	0	0	2.19430485581783		
chr2	27318928	27386606	-	mmuCirc_005230	Vav2	CTO:ANNOTATED:CDS	3	245	NM_009500	0	0	0	0	0	0	0	0	0.119332762790135	0	0;0;0;0;0;0;0;0;3;0	0	0	2.80046262890159		
chr2	27452833	27454504	-	mmuCirc_005231	Brd3	CTO:ANNOTATED:CDS	3	485	NM_023336:NM_001113573:NM_001113574	0	0.0170667097749	0.0185119210755352	0	0	0.196506668208152	0.0292867224602159	0.131928779963211	0.198887937983559	0.143361550231522	0;1;1;0;0;6;1;4;5;5	0	0	2.46190996765028	rnoCirc_007539	
chr2	27991994	28005286	+	mmuCirc_005232	Col5a1	CTO:ANNOTATED:CDS	11	720	NM_015734	0	0	0	0	0	0	0	0.0989465849724082	0	0	0;0;0;0;0;0;0;3;0;0	0	0	2.57224194660756		
chr2	28502067	28502232	+	mmuCirc_005233	Gbgt1	CTO:ANNOTATED:CDS	2	87	NM_139197	0	0	0	0	0	0.0327511113680254	0.0878601673806477	0.131928779963211	0.0397775875967117	0.0286723100463043	0;0;0;0;0;1;3;4;1;1	0	0	1.92366419351236		
chr2	28540711	28542483	+	mmuCirc_005234	Ralgds	CTO:ANNOTATED:CDS	2	305	NM_001145834:NM_009058:NM_001145835:NM_001145836	0	0	0	0	0	0	0.0292867224602159	0	0.0397775875967117	0.143361550231522	0;0;0;0;0;0;1;0;1;5	0	0	1.97026675965024		
chr2	28543554	28544386	+	mmuCirc_005235	Ralgds	CTO:ANNOTATED:CDS	2	592	NM_001145834:NM_009058:NM_001145835:NM_001145836	0	0	0.0185119210755352	0	0.0364535526967181	0.0327511113680254	0	0	0.159110350386847	0.086016930138913	0;0;1;0;2;1;0;0;4;3	0	0	1.13145789873815		
chr2	28661582	28663644	+	mmuCirc_005236	Tsc1	CTO:ANNOTATED:CDS	3	402	NM_001289575:NM_001289576:NM_022887	0	0	0.0370238421510704	0.0192294131873431	0	0.0327511113680254	0	0.0659643899816055	0.23866552558027	0	0;0;2;1;0;1;0;2;6;0	0	0	1.57081850907092		
chr2	28681912	28686146	+	mmuCirc_005237	Tsc1	CTO:ANNOTATED:CDS	3	473	NM_001289575:NM_001289576:NM_022887	0	0	0	0	0	0	0.117146889840864	0	0	0	0;0;0;0;0;0;4;0;0;0	0	0	2.77765000061683		
chr2	28858736	28863775	+	mmuCirc_005238	Ddx31	CTO:ANNOTATED:CDS	5	673	NM_001033294	0	0	0	0	0	0.0327511113680254	0.0292867224602159	0	0.159110350386847	0	0;0;0;0;0;1;1;0;4;0	0	0	1.95439244652207		
chr2	29071298	29074019	+	mmuCirc_005239	Ttf1	CTO:ANNOTATED:CDS	2	210	NM_009442	0.0539743519277075	0	0.0740476843021408	0	0	0.163755556840127	0	0.263857559926422	0.23866552558027	0.229378480370435	3;0;4;0;0;5;0;8;6;8	0	0	2.55991865316607		
chr2	29074574	29079478	+	mmuCirc_005240	Ttf1	CTO:ANNOTATED:CDS	2	325	NM_009442	0	0	0	0	0	0	0	0	0.198887937983559	0.0286723100463043	0;0;0;0;0;0;0;0;5;1	0	0	2.36761089943578		
chr2	29079389	29081077	+	mmuCirc_005241	Ttf1	CTO:ANNOTATED:CDS	2	156	NM_009442	0	0	0	0	0	0.0655022227360508	0	0.0659643899816055	0.278443113176982	0.114689240185217	0;0;0;0;0;2;0;2;7;4	0	0	2.71266196025643		
chr2	29130180	29140388	+	mmuCirc_005242	Setx	CTO:ANNOTATED:CDS	4	661	NM_198033	0	0	0	0	0	0	0	0.0329821949908028	0.119332762790135	0	0;0;0;0;0;0;0;1;3;0	0	0	2.10298512151359		
chr2	29133922	29140388	+	mmuCirc_005243	Setx	CTO:ANNOTATED:CDS	3	450	NM_198033	0	0	0	0.0384588263746862	0	0.0327511113680254	0.0878601673806477	0.0659643899816055	0.119332762790135	0.0286723100463043	0;0;0;2;0;1;3;2;3;1	0	0	1.69403478650973		
chr2	29156988	29166375	+	mmuCirc_005244	Setx	CTO:ANNOTATED:CDS	8	1106	NM_198033	0	0	0	0	0	0	0.0878601673806477	0.0659643899816055	0	0.0573446200926087	0;0;0;0;0;0;3;2;0;2	0	0	2.16204345893273		
chr2	29166268	29171350	+	mmuCirc_005245	Setx	CTO:ANNOTATED:CDS	2	296	NM_198033	0	0	0	0	0	0	0.117146889840864	0.0989465849724082	0	0.0286723100463043	0;0;0;0;0;0;4;3;0;1	0	0	2.21099773183516		
chr2	29679133	29679850	+	mmuCirc_005246	Rapgef1	CTO:ANNOTATED:CDS	2	251	NM_001039086:NM_001039087:NM_054050	0.0359829012851383	0	0	0.0576882395620293	0	0.0655022227360508	0.175720334761295	0.0659643899816055	0.0795551751934235	0	2;0;0;3;0;2;6;2;2;0	0	0	1.59080916818393		hsaCirc_016059
chr2	29679133	29689263	+	mmuCirc_005247	Rapgef1	CTO:ANNOTATED:CDS	4	587	NM_001039086:NM_001039087:NM_054050	0	0	0.0185119210755352	0	0	0	0.0292867224602159	0.0329821949908028	0.159110350386847	0.0573446200926087	0;0;1;0;0;0;1;1;4;2	0	0	1.71886982976054		hsaCirc_016057
chr2	29686105	29689263	+	mmuCirc_005248	Rapgef1	CTO:ANNOTATED:CDS	2	336	NM_001039086:NM_001039087:NM_054050	0	0	0	0.0384588263746862	0.018226776348359	0.0982533341040761	0.117146889840864	0.164910974954014	0.23866552558027	0.0573446200926087	0;0;0;2;1;3;4;5;6;2	0	0	2.34250606473855		
chr2	29901077	29904107	+	mmuCirc_005249	Odf2	CTO:ANNOTATED:CDS	4	594	NM_001113214:NM_001177661:NM_001113213:NM_001177659:NM_013615	0	0	0	0	0	0	0	0.0329821949908028	0.119332762790135	0.0286723100463043	0;0;0;0;0;0;0;1;3;1	0	0	1.82969049710276	rnoCirc_007551	
chr2	29914734	29922371	+	mmuCirc_005250	Odf2	CTO:ANNOTATED:CDS	6	807	NM_001113214:NM_001177661:NM_001113213:NM_001177659:NM_013615	0	0	0	0	0	0.0982533341040761	0.0878601673806477	0.0989465849724082	0	0	0;0;0;0;0;3;3;3;0;0	0	0	2.52238039149784		
chr2	29978377	29980202	+	mmuCirc_005251	Sptan1	CTO:ANNOTATED:CDS:5UTR	2	366	NM_001076554:NM_001177667:NM_001177668	0	0	0.0370238421510704	0.0384588263746862	0.018226776348359	0.458515559152355	0.117146889840864	0.428768534880436	0.357998288370406	0.20070617032413	0;0;2;2;1;14;4;13;9;7	0	0	3.11136734990603	rnoCirc_007553	
chr2	29978377	29983760	+	mmuCirc_005252	Sptan1	CTO:ANNOTATED:CDS:5UTR	4	654	NM_001076554:NM_001177667:NM_001177668	0	0	0	0	0	0.0655022227360508	0.0585734449204318	0.263857559926422	0.23866552558027	0.114689240185217	0;0;0;0;0;2;2;8;6;4	0	0	2.86833551611455	rnoCirc_007554	
chr2	30002231	30003697	+	mmuCirc_005253	Sptan1	CTO:ANNOTATED:CDS	3	328	NM_001076554:NM_001177667:NM_001177668	0.0179914506425692	0	0	0.0192294131873431	0	0.0655022227360508	0.0585734449204318	0.0989465849724082	0.23866552558027	0.0573446200926087	1;0;0;1;0;2;2;3;6;2	0	0	2.07779039158979		
chr2	30011186	30013838	+	mmuCirc_005254	Sptan1	CTO:ANNOTATED:CDS	3	414	NM_001076554:NM_001177667:NM_001177668	0	0	0	0.0192294131873431	0	0	0	0	0.119332762790135	0	0;0;0;1;0;0;0;0;3;0	0	0	1.82852687385981	rnoCirc_007558	
chr2	30017198	30020047	+	mmuCirc_005255	Sptan1	CTO:ANNOTATED:CDS	3	435	NM_001076554:NM_001177667:NM_001177668	0	0	0	0.0192294131873431	0	0.0327511113680254	0.0878601673806477	0.0329821949908028	0.159110350386847	0.0286723100463043	0;0;0;1;0;1;3;1;4;1	0	0	1.74194833476444	rnoCirc_007559	
chr2	30021191	30022538	+	mmuCirc_005256	Sptan1	CTO:ANNOTATED:CDS	2	232	NM_001076554:NM_001177667:NM_001177668	0	0	0	0	0.018226776348359	0	0.117146889840864	0.0329821949908028	0.0397775875967117	0	0;0;0;0;1;0;4;1;1;0	0	0	1.20704468694421		
chr2	30027132	30027536	+	mmuCirc_005257	Sptan1	INTRONIC	1	405	NM_001076554:NM_001177667:NM_001177668	0	0	0	0	0	0	0	0.0989465849724082	0	0	0;0;0;0;0;0;0;3;0;0	0	0	2.57224194660756		
chr2	30086437	30088772	+	mmuCirc_005258	Pkn3	CTO:ANNOTATED:CDS	5	473	NM_153805	0	0	0	0	0	0	0	0	0.119332762790135	0	0;0;0;0;0;0;0;0;3;0	0	0	2.80046262890159		
chr2	30088520	30088772	+	mmuCirc_005259	Pkn3	CTO:ANNOTATED:CDS	2	140	NM_153805	0.0179914506425692	0	0	0	0	0	0	0.0989465849724082	0.159110350386847	0	1;0;0;0;0;0;0;3;4;0	0	0	1.60311465043349		
chr2	30110205	30111332	-	mmuCirc_005260	Zer1	CTO:ANNOTATED:CDS	3	804	NM_001290503:NM_178694	0.0359829012851383	0.0853335488745	0.0370238421510704	0.0192294131873431	0	0.294760002312228	0.292867224602159	0.230875364935619	0.556886226353964	0.114689240185217	2;5;2;1;0;9;10;7;14;4	0	0	2.56579101986161		
chr2	30274470	30274723	+	mmuCirc_005261	Phyhd1	CTO:ANNOTATED:CDS	2	124	NM_001252568:NM_172267:NM_001281829:NM_001252570:NM_001252571	0	0	0	0	0.0546803290450771	0	0.0292867224602159	0.0329821949908028	0.0795551751934235	0.086016930138913	0;0;0;0;3;0;1;1;2;3	0	0	1.38192436388974		
chr2	31033030	31037288	-	mmuCirc_005262	Fnbp1	CTO:ANNOTATED:CDS	4	554	NM_001177650:NM_001038700:NM_001177648:NM_001177649	0	0	0	0	0.0364535526967181	0.0327511113680254	0.0292867224602159	0	0.0397775875967117	0.086016930138913	0;0;0;0;2;1;1;0;1;3	0	0	1.29729090066444	rnoCirc_007576	
chr2	31033030	31040514	-	mmuCirc_005263	Fnbp1	CTO:ANNOTATED:CDS	5	664	NM_001177650:NM_001038700:NM_001177648:NM_001177649	0	0	0	0	0.018226776348359	0.0327511113680254	0	0.0329821949908028	0.0795551751934235	0.143361550231522	0;0;0;0;1;1;0;1;2;5	0	0	1.80390460761786		
chr2	31040405	31059017	-	mmuCirc_005264	Fnbp1	CTO:ANNOTATED:CDS:3UTR	6	779	NM_001177650:NM_001038700:NM_001177648:NM_001177649	0.0179914506425692	0	0.0185119210755352	0	0	0.0655022227360508	0.117146889840864	0.0329821949908028	0.0397775875967117	0.0286723100463043	1;0;1;0;0;2;4;1;1;1	0	0	1.45416911481914		
chr2	31058889	31083078	-	mmuCirc_005265	Fnbp1	CTO:ANNOTATED:CDS	2	234	NM_001177650:NM_001038700:NM_001177648:NM_001177649:NM_019406	0	0	0	0	0	0.0655022227360508	0.0585734449204318	0.131928779963211	0.0397775875967117	0.0286723100463043	0;0;0;0;0;2;2;4;1;1	0	0	1.9716065890614		
chr2	31096027	31105357	-	mmuCirc_005266	Fnbp1	CTO:ANNOTATED:CDS:5UTR	3	321	NM_001038700:NM_001177648:NM_001177649:NM_019406	0.0179914506425692	0.0341334195498	0	0.0576882395620293	0.0364535526967181	0.262008890944203	0.322153947062375	0.329821949908027	0.596663813950676	0.315395410509348	1;2;0;3;2;8;11;10;15;11	0	0	3.04800794935403		
chr2	31183580	31188813	+	mmuCirc_005267	Gpr107	CTO:ANNOTATED:CDS	4	399	NM_178760	0.0359829012851383	0	0.092559605377676	0.0384588263746862	0.018226776348359	0.294760002312228	0.263580502141943	0.560697314843647	0.437553463563829	0.401412340648261	2;0;5;2;1;9;9;17;11;14	0	0	3.023000471602	rnoCirc_007581	
chr2	31583155	31600551	+	mmuCirc_005268	Fubp3	CTO:ANNOTATED:CDS	7	582	NM_001033389:NM_001290548	0	0	0	0.0192294131873431	0.018226776348359	0.0327511113680254	0	0	0.119332762790135	0.0286723100463043	0;0;0;1;1;1;0;0;3;1	0	0	1.19208202263018		
chr2	31603211	31605343	+	mmuCirc_005269	Fubp3	CTO:ANNOTATED:CDS	3	309	NM_001033389:NM_001290548	0	0	0	0	0	0.196506668208152	0.175720334761295	0.0329821949908028	0.23866552558027	0.086016930138913	0;0;0;0;0;6;6;1;6;3	0	0	2.84636151340189		
chr2	31604614	31605343	+	mmuCirc_005270	Fubp3	CTO:ANNOTATED:CDS	2	204	NM_001033389:NM_001290548	0.107948703855415	0.1024002586494	0.351726500435169	0.384588263746862	0.255174868877027	2.4563333526019	1.96221040483446	3.13330852412626	4.61420016121856	1.20423702194478	6;6;19;20;14;75;67;95;116;42	1	1	3.40956176840139	rnoCirc_007578	
chr2	31778334	31779216	+	mmuCirc_005271	Abl1	CTO:ANNOTATED:CDS:5UTR	2	470	NM_001112703:NM_001283046:NM_001283047:NM_009594:NM_001283045	0	0	0	0	0	0.131004445472102	0	0.0659643899816055	0.318220700773694	0	0;0;0;0;0;4;0;2;8;0	0	0	3.0333837779464		
chr2	32182458	32183300	+	mmuCirc_005272	Prrc2b	CTO:ANNOTATED:CDS:5UTR	2	347	NM_001159634:NM_172661	0	0	0.0555357632266056	0	0.0729071053934362	0.360262225048279	0.263580502141943	0.428768534880436	0.875106927127658	0.401412340648261	0;0;3;0;4;11;9;13;22;14	0	0	3.66214175328374		hsaCirc_016050
chr2	32182458	32187553	+	mmuCirc_005273	Prrc2b	CTO:ANNOTATED:CDS:5UTR	4	523	NM_001159634:NM_172661	0.107948703855415	0.0170667097749	0.0370238421510704	0.0576882395620293	0.0364535526967181	0.42576444778433	0.175720334761295	0.296839754917225	0.397775875967117	0.143361550231522	6;1;2;3;2;13;6;9;10;5	0	0	2.12706463471982	rnoCirc_007584	
chr2	32182458	32194996	+	mmuCirc_005274	Prrc2b	CTO:ANNOTATED:CDS:5UTR	8	1171	NM_001159634:NM_172661	0	0.0170667097749	0.0185119210755352	0.0192294131873431	0	0.0655022227360508	0.0878601673806477	0	0.198887937983559	0.0286723100463043	0;1;1;1;0;2;3;0;5;1	0	0	1.29098181824355		
chr2	32182458	32201018	+	mmuCirc_005275	Prrc2b	CTO:ANNOTATED:CDS:5UTR	10	1455	NM_001159634:NM_172661	0	0	0	0	0	0	0	0.0989465849724082	0	0	0;0;0;0;0;0;0;3;0;0	0	0	2.57224194660756		
chr2	32199001	32201018	+	mmuCirc_005276	Prrc2b	CTO:ANNOTATED:CDS	2	284	NM_001159634:NM_172661	0	0	0	0	0	0	0	0.0989465849724082	0.0397775875967117	0.0286723100463043	0;0;0;0;0;0;0;3;1;1	0	0	1.8116492904069	rnoCirc_007587	hsaCirc_016052
chr2	32199001	32204324	+	mmuCirc_005277	Prrc2b	CTO:ANNOTATED:CDS	3	600	NM_001159634:NM_172661	0.0179914506425692	0	0	0	0	0.0655022227360508	0	0.0329821949908028	0.198887937983559	0.0286723100463043	1;0;0;0;0;2;0;1;5;1	0	0	1.82775413451902		
chr2	32199001	32208835	+	mmuCirc_005278	Prrc2b	CTO:ANNOTATED:CDS	5	1041	NM_001159634:NM_172661	0	0	0	0	0	0.0327511113680254	0	0.0989465849724082	0.0795551751934235	0	0;0;0;0;0;1;0;3;2;0	0	0	2.09564658313634		
chr2	32200826	32204324	+	mmuCirc_005279	Prrc2b	CTO:ANNOTATED:CDS	2	509	NM_001159634:NM_172661	0.0179914506425692	0	0	0	0	0.0327511113680254	0.0292867224602159	0.0989465849724082	0	0.0286723100463043	1;0;0;0;0;1;1;3;0;1	0	0	1.4075172324158	rnoCirc_007588	
chr2	32204009	32204324	+	mmuCirc_005280	Prrc2b	CTO:ANNOTATED:CDS	1	316	NM_001159634:NM_172661	0	0	0	0	0	0	0.0292867224602159	0	0.198887937983559	0	0;0;0;0;0;0;1;0;5;0	0	0	2.37665979818356		
chr2	32204009	32208835	+	mmuCirc_005281	Prrc2b	CTO:ANNOTATED:CDS	3	757	NM_001159634:NM_172661	0	0.0170667097749	0	0.0192294131873431	0	0.131004445472102	0	0.0659643899816055	0.119332762790135	0.086016930138913	0;1;0;1;0;4;0;2;3;3	0	0	1.67297677126187		