chr17	53653022	53665907	+	mmuCirc_004143	Kat2b	CTO:ANNOTATED:CDS	8	892	NM_020005:NM_001190846	0.0179914506425692	0	0	0	0.018226776348359	0.131004445472102	0	0	0.0795551751934235	0.0573446200926087	1;0;0;0;1;4;0;0;2;2	0	0	1.7743526774016		
chr17	55662463	55674140	-	mmuCirc_004144	Pot1b	CTO:ANNOTATED:CDS	7	832	NM_028370	0	0.0170667097749	0.0185119210755352	0.0576882395620293	0	0	0.117146889840864	0.131928779963211	0.278443113176982	0	0;1;1;3;0;0;4;4;7;0	0	0	1.93641065632794	rnoCirc_012253	
chr17	56115093	56115633	-	mmuCirc_004145	Plin5	CTO:ANNOTATED:CDS	2	264	NM_001077348:NM_025874	0	0	0	0	0	0	0.0585734449204318	0.131928779963211	0	0.0286723100463043	0;0;0;0;0;0;2;4;0;1	0	0	2.06082211461555		
chr17	56281407	56284430	-	mmuCirc_004146	Plin3	CTO:ANNOTATED:CDS	2	498	NM_025836	0.0179914506425692	0	0	0.0192294131873431	0	0.0655022227360508	0	0.0329821949908028	0.0795551751934235	0.143361550231522	1;0;0;1;0;2;0;1;2;5	0	0	1.73733796368974		
chr17	56344334	56356056	+	mmuCirc_004147	Kdm4b	CTO:ALT_ACCEPTOR:CDS:5UTR	4	7949	NM_172132	0.0179914506425692	0.0170667097749	0	0	0.018226776348359	0.131004445472102	0.146433612301079	0.0659643899816055	0.198887937983559	0.172033860277826	1;1;0;0;1;4;5;2;5;6	0	0	2.40843203068205		
chr17	56351633	56356056	+	mmuCirc_004148	Kdm4b	CTO:ANNOTATED:CDS:5UTR	4	650	NM_172132	0.0359829012851383	0	0	0.0384588263746862	0.0364535526967181	0.0982533341040761	0.0585734449204318	0.263857559926422	0.477331051160541	0.0286723100463043	2;0;0;2;2;3;2;8;12;1	0	0	1.95094207723144	rnoCirc_012267	hsaCirc_007387
chr17	56593690	56595714	+	mmuCirc_004149	Safb	CTO:ANNOTATED:CDS	3	335	NM_001163300	0	0	0	0	0.018226776348359	0.131004445472102	0.0585734449204318	0.164910974954014	0.198887937983559	0.114689240185217	0;0;0;0;1;4;2;5;5;4	0	0	2.6736839174888		
chr17	56601048	56601366	+	mmuCirc_004150	Safb	CTO:ANNOTATED:CDS	2	223	NM_001163300	0	0	0	0	0	0.0655022227360508	0.0585734449204318	0.131928779963211	0.159110350386847	0.143361550231522	0;0;0;0;0;2;2;4;4;5	0	0	2.63762007645564	rnoCirc_012263	
chr17	56706862	56708280	+	mmuCirc_004151	Ranbp3	CTO:ANNOTATED:CDS	4	393	NM_001252466:NM_001252467:NM_027933:NR_045519	0	0	0	0.0192294131873431	0	0.0327511113680254	0	0.164910974954014	0.23866552558027	0.114689240185217	0;0;0;1;0;1;0;5;6;4	0	0	2.52015081624985	rnoCirc_012259	
chr17	57004122	57004387	-	mmuCirc_004152	Gtf2f1	CTO:ALT_ACCEPTOR:CDS	2	153	NM_133801	0	0	0	0	0	0	0	0.0329821949908028	0.119332762790135	0	0;0;0;0;0;0;0;1;3;0	0	0	2.10298512151359		
chr17	57223248	57223861	+	mmuCirc_004153	C3	AS:CTO	1	614	NM_009778	0	0	0.148095368604282	0.0384588263746862	0.018226776348359	0	0	0.0329821949908028	0	0	0;0;8;2;1;0;0;1;0;0	0	0	-1.38256828850489		
chr17	57401905	57402861	+	mmuCirc_004154	Emr1	CTO:ANNOTATED:CDS	3	423	NM_010130	0	0	0.0185119210755352	0	0	0	0.0585734449204318	0.197893169944816	0.0795551751934235	0.114689240185217	0;0;1;0;0;0;2;6;2;4	0	0	2.38533620151754		
chr17	57406834	57408495	+	mmuCirc_004155	Emr1	CTO:ANNOTATED:CDS	2	297	NM_010130	0.0179914506425692	0.0170667097749	0.092559605377676	0.0384588263746862	0.18226776348359	0.196506668208152	0.292867224602159	0.626661704825252	1.39221556588491	0.430084650694565	1;1;5;2;10;6;10;19;35;15	0	0	2.77173338546963		
chr17	57406834	57413761	+	mmuCirc_004156	Emr1	CTO:ANNOTATED:CDS	5	674	NM_010130	0	0	0	0	0.0364535526967181	0.0327511113680254	0.0292867224602159	0.0329821949908028	0.159110350386847	0.0286723100463043	0;0;0;0;2;1;1;1;4;1	0	0	1.41094436548223		
chr17	57406834	57420524	+	mmuCirc_004157	Emr1	CTO:ANNOTATED:CDS	7	936	NM_010130	0.0359829012851383	0	0.0185119210755352	0.0192294131873431	0.018226776348359	0.131004445472102	0	0.131928779963211	0.159110350386847	0.114689240185217	2;0;1;1;1;4;0;4;4;4	0	0	1.85484281435308		
chr17	57418888	57420524	+	mmuCirc_004158	Emr1	CTO:ALT_ACCEPTOR:CDS	2	696	NM_010130	0	0.0170667097749	0	0.0384588263746862	0	0.0655022227360508	0.0878601673806477	0.0989465849724082	0.198887937983559	0.086016930138913	0;1;0;2;0;2;3;3;5;3	0	0	2.10401850704905		
chr17	57419322	57420524	+	mmuCirc_004159	Emr1	CTO:ANNOTATED:CDS	2	262	NM_010130	0	0	0.0555357632266056	0.0576882395620293	0.0911338817417952	0.393013336416305	0.673594616584965	1.55016316456773	2.18776731781915	0.716807751157609	0;0;3;3;5;12;23;47;55;25	0	1	4.28389713684208		
chr17	57443898	57450101	+	mmuCirc_004160	Emr1	CTO:ANNOTATED:CDS	4	787	NM_010130	0	0	0	0	0	0	0	0	0	0.086016930138913	0;0;0;0;0;0;0;0;0;3	0	0	2.40622276606355		
chr17	63471408	63487969	-	mmuCirc_004161	Fbxl17	CTO:ANNOTATED:CDS	2	390	NM_015794	0.0179914506425692	0	0.0185119210755352	0.0384588263746862	0	0	0	0.296839754917225	0.278443113176982	0	1;0;1;2;0;0;0;9;7;0	0	0	1.4888882542846		
chr17	63471408	63490887	-	mmuCirc_004162	Fbxl17	CTO:ANNOTATED:CDS	3	513	NM_015794	0	0	0	0.115376479124059	0.0364535526967181	0.327511113680254	0.146433612301079	0.197893169944816	0.517108638757253	0.20070617032413	0;0;0;6;2;10;5;6;13;7	0	0	2.9153277419213	rnoCirc_012709	hsaCirc_012532
chr17	63896018	63911564	+	mmuCirc_004163	Fert2	CTO:ANNOTATED:CDS:5UTR	3	540	NM_001037997:NM_001286415	0	0	0	0.0192294131873431	0.0364535526967181	0.0327511113680254	0.0585734449204318	0.131928779963211	0.278443113176982	0.0286723100463043	0;0;0;1;2;1;2;4;7;1	0	0	1.80241035219236	rnoCirc_012718	
chr17	63921613	63924178	+	mmuCirc_004164	Fert2	CTO:ANNOTATED:CDS	3	442	NM_001037997:NM_001286415	0	0	0	0.0961470659367156	0.018226776348359	0.0327511113680254	0.117146889840864	0.164910974954014	0.119332762790135	0.0286723100463043	0;0;0;5;1;1;4;5;3;1	0	0	1.59934199375954	rnoCirc_012721	
chr17	63973065	63991716	+	mmuCirc_004165	Fert2	CTO:ANNOTATED:CDS	3	423	NM_001037997:NM_001286415:NM_008000	0	0.0170667097749	0.0185119210755352	0.0384588263746862	0	0.0982533341040761	0.0585734449204318	0.0329821949908028	0.0795551751934235	0.0573446200926087	0;1;1;2;0;3;2;1;2;2	0	0	1.36546112520304	rnoCirc_012722	hsaCirc_012538
chr17	63973065	64037664	+	mmuCirc_004166	Fert2	CTO:ANNOTATED:CDS	6	691	NM_001037997:NM_001286415:NM_008000	0	0	0	0.0192294131873431	0	0.0327511113680254	0	0.164910974954014	0.0397775875967117	0.114689240185217	0;0;0;1;0;1;0;5;1;4	0	0	1.99179801477389		
chr17	63991594	64037664	+	mmuCirc_004167	Fert2	CTO:ANNOTATED:CDS	4	391	NM_001037997:NM_001286415:NM_008000	0	0	0	0	0.0364535526967181	0.0982533341040761	0	0.0329821949908028	0.0397775875967117	0.0286723100463043	0;0;0;0;2;3;0;1;1;1	0	0	1.33373952984881		
chr17	64029290	64037664	+	mmuCirc_004168	Fert2	CTO:ANNOTATED:CDS	3	268	NM_001037997:NM_001286415:NM_008000	0	0.0170667097749	0.0555357632266056	0	0.018226776348359	0.0327511113680254	0.205007057221511	0.0989465849724082	0.159110350386847	0.114689240185217	0;1;3;0;1;1;7;3;4;4	0	0	1.92716276328439	rnoCirc_012723	
chr17	64287001	64293024	-	mmuCirc_004169	Pja2	CTO:ANNOTATED:CDS	4	535	NM_001025309:NM_144859	0.0179914506425692	0.0170667097749	0.0740476843021408	0.0384588263746862	0.0546803290450771	0.262008890944203	0.175720334761295	0.527715119852844	0.795551751934235	0.20070617032413	1;1;4;2;3;8;6;16;20;7	0	0	2.6400326889801	rnoCirc_012724	
chr17	64287001	64297909	-	mmuCirc_004170	Pja2	CTO:ANNOTATED:CDS	5	721	NM_001025309:NM_144859	0	0	0	0	0.018226776348359	0.0327511113680254	0.0878601673806477	0	0.0795551751934235	0.143361550231522	0;0;0;0;1;1;3;0;2;5	0	0	2.06030027225339		
chr17	64287001	64313118	-	mmuCirc_004171	Pja2	CTO:ANNOTATED:CDS:5UTR	8	2085	NM_001025309:NM_144859	0	0	0	0	0	0	0	0.0329821949908028	0.159110350386847	0.0286723100463043	0;0;0;0;0;0;0;1;4;1	0	0	1.95046188904965		
chr17	64624528	64625451	+	mmuCirc_004172	Man2a1	CTO:ANNOTATED:CDS	2	397	NM_008549	0.0539743519277075	0.0512001293247	0.129583447528746	0.0576882395620293	0.0546803290450771	0.458515559152355	0.49787428182367	0.824554874770069	0.715996576740811	0.229378480370435	3;3;7;3;3;14;17;25;18;8	1	1	2.60736545368783	rnoCirc_012727	hsaCirc_012540
chr17	64624528	64636655	+	mmuCirc_004173	Man2a1	CTO:ANNOTATED:CDS	3	569	NM_008549	0	0	0	0	0	0.0327511113680254	0.0292867224602159	0.164910974954014	0.0397775875967117	0.114689240185217	0;0;0;0;0;1;1;5;1;4	0	0	2.0480653719828	rnoCirc_012728	hsaCirc_012541
chr17	64624528	64651323	+	mmuCirc_004174	Man2a1	CTO:ANNOTATED:CDS	4	697	NM_008549	0.0539743519277075	0.0170667097749	0	0.0384588263746862	0	0.0655022227360508	0.146433612301079	0.230875364935619	0.23866552558027	0.0286723100463043	3;1;0;2;0;2;5;7;6;1	0	0	1.89065656031594	rnoCirc_012729	hsaCirc_012542
chr17	64624528	64659074	+	mmuCirc_004175	Man2a1	CTO:ANNOTATED:CDS	5	871	NM_008549	0	0	0.092559605377676	0	0.0364535526967181	0.0982533341040761	0.0878601673806477	0.230875364935619	0.159110350386847	0.0573446200926087	0;0;5;0;2;3;3;7;4;2	0	0	1.95363884745018	rnoCirc_012730	
chr17	64636484	64659074	+	mmuCirc_004176	Man2a1	CTO:ANNOTATED:CDS	3	474	NM_008549	0	0	0.0185119210755352	0	0	0.131004445472102	0	0.0329821949908028	0.23866552558027	0	0;0;1;0;0;4;0;1;6;0	0	0	2.35657917436131	rnoCirc_012736	
chr17	64679752	64714712	+	mmuCirc_004177	Man2a1	CTO:ANNOTATED:CDS	6	812	NM_008549	0	0.0170667097749	0	0	0	0.0327511113680254	0	0.0989465849724082	0.0397775875967117	0.0286723100463043	0;1;0;0;0;1;0;3;1;1	0	0	1.18880506003974		
chr17	64710704	64714712	+	mmuCirc_004178	Man2a1	CTO:ANNOTATED:CDS	4	626	NM_008549	0.0359829012851383	0.0341334195498	0.0555357632266056	0.0769176527493725	0.0729071053934362	0.786026672832609	0.410014114443022	0.758590484788463	1.27288280309478	0.487429270787174	2;2;3;4;4;24;14;23;32;17	0	1	3.27804581571564	rnoCirc_012739	hsaCirc_012545
chr17	65592291	65595054	-	mmuCirc_004179	Vapa	CTO:ANNOTATED:CDS	3	338	NM_013933	0.179914506425692	0.0512001293247	0.148095368604282	0.249982371435461	0.127587434438513	1.21179112061694	0.878601673806477	2.11086047941138	2.7048759565764	0.917513921481739	10;3;8;13;7;37;30;64;68;32	1	1	3.18952809229141	rnoCirc_012741	
chr17	65696271	65722087	-	mmuCirc_004180	Rab31	CTO:ANNOTATED:CDS	4	341	NM_133685	0	0	0	0.0192294131873431	0.0364535526967181	0.0327511113680254	0	0.0989465849724082	0.198887937983559	0.086016930138913	0;0;0;1;2;1;0;3;5;3	0	0	1.84019665567634	rnoCirc_012745	
chr17	65803160	65816050	+	mmuCirc_004181	Ppp4r1	CTO:ANNOTATED:CDS	8	994	NM_001114131:NM_146081:NR_104465	0	0	0	0	0	0.0655022227360508	0.0585734449204318	0.263857559926422	0.119332762790135	0.114689240185217	0;0;0;0;0;2;2;8;3;4	0	0	2.68982486544769	rnoCirc_012752	
chr17	65803211	65803966	+	mmuCirc_004182	Ppp4r1	CTO:ANNOTATED:CDS	2	192	NM_001114131:NM_146081:NR_104465	0.0179914506425692	0	0	0.0192294131873431	0	0	0.0292867224602159	0.0329821949908028	0.119332762790135	0	1;0;0;1;0;0;1;1;3;0	0	0	0.902389683428165	rnoCirc_012753	hsaCirc_007039
chr17	65803211	65816050	+	mmuCirc_004183	Ppp4r1	CTO:ANNOTATED:CDS	8	943	NM_001114131:NM_146081:NR_104465	0	0	0.0185119210755352	0.0192294131873431	0.018226776348359	0.294760002312228	0.117146889840864	0.296839754917225	0.556886226353964	0.20070617032413	0;0;1;1;1;9;4;9;14;7	0	0	3.24039147281513		hsaCirc_007032
chr17	65810538	65816050	+	mmuCirc_004184	Ppp4r1	CTO:ANNOTATED:CDS	6	751	NM_001114131:NM_146081:NR_104465	0.0179914506425692	0.0170667097749	0.0555357632266056	0	0	0.0655022227360508	0.175720334761295	0.164910974954014	0.91488451472437	0.143361550231522	1;1;3;0;0;2;6;5;23;5	0	0	2.68783934253368		
chr17	65813458	65816050	+	mmuCirc_004185	Ppp4r1	CTO:ANNOTATED:CDS	4	461	NM_001114131:NM_146081:NR_104465	0.0179914506425692	0	0.0370238421510704	0.0192294131873431	0	0.131004445472102	0.0585734449204318	0	0.198887937983559	0.172033860277826	1;0;2;1;0;4;2;0;5;6	0	0	1.63935889784813		
chr17	65837684	65838024	+	mmuCirc_004186	Ppp4r1	CTO:ANNOTATED:CDS	2	256	NM_001114131:NM_146081:NR_104465	0.0179914506425692	0	0.0370238421510704	0.0192294131873431	0.018226776348359	0.196506668208152	0.234293779681727	0.230875364935619	0.636441401547388	0.172033860277826	1;0;2;1;1;6;8;7;16;6	0	0	2.94195730351087		
chr17	65852120	65854199	-	mmuCirc_004187	Ralbp1	CTO:ANNOTATED:CDS	3	354	NM_001198949:NM_009067	0	0	0	0	0.018226776348359	0.0982533341040761	0	0.0659643899816055	0.0397775875967117	0.0573446200926087	0;0;0;0;1;3;0;2;1;2	0	0	1.81596754809579		
chr17	65976021	65979600	-	mmuCirc_004188	Ankrd12	CTO:ANNOTATED:CDS	2	243	NM_001025572	0	0	0	0.0576882395620293	0.018226776348359	0.131004445472102	0.0878601673806477	0.428768534880436	0.23866552558027	0.0573446200926087	0;0;0;3;1;4;3;13;6;2	0	0	2.51750921480224		
chr17	66011289	66053091	-	mmuCirc_004189	Ankrd12	CTO:ALT_DONOR:CDS:5UTR	7	13781	NM_001025572	0	0.0170667097749	0	0	0	0.0327511113680254	0	0.0329821949908028	0.119332762790135	0.0573446200926087	0;1;0;0;0;1;0;1;3;2	0	0	1.33326972334832		
chr17	66037493	66053091	-	mmuCirc_004190	Ankrd12	CTO:ANNOTATED:CDS:5UTR	4	502	NM_001025572	0.0719658025702766	0.0341334195498	0	0.211523545060774	0.109360658090154	0.85152889556866	0.468587559363454	1.45121657959532	1.98887937983559	0.716807751157609	4;2;0;11;6;26;16;44;50;25	0	1	3.64926401295077		
chr17	66087403	66087571	-	mmuCirc_004191	Ndufv2	CTO:ANNOTATED:CDS	1	169	NM_001278415:NM_028388	0	0	0	0	0	0.0655022227360508	0.0585734449204318	0.0659643899816055	0.278443113176982	0.0573446200926087	0;0;0;0;0;2;2;2;7;2	0	0	2.40488558025242		
chr17	66087403	66089493	-	mmuCirc_004192	Ndufv2	CTO:ANNOTATED:CDS:5UTR	3	349	NM_001278415:NM_028388	0	0.0170667097749	0	0.0192294131873431	0	0.360262225048279	0.0585734449204318	0.329821949908027	0.278443113176982	0.114689240185217	0;1;0;1;0;11;2;10;7;4	0	0	3.02808007814992	rnoCirc_012757	
chr17	66089232	66089493	-	mmuCirc_004193	Ndufv2	CTO:ANNOTATED:CDS:5UTR	2	180	NM_001278415:NM_028388	0.0179914506425692	0	0	0.0384588263746862	0	0.262008890944203	0.146433612301079	0.230875364935619	0.715996576740811	0.0573446200926087	1;0;0;2;0;8;5;7;18;2	0	0	3.04065499926278		
chr17	66436080	66438391	-	mmuCirc_004194	Mtcl1	CTO:ANNOTATED:CDS	2	384	NM_001114098:NM_172963	0.0359829012851383	0	0.0185119210755352	0	0	0	0.146433612301079	0.0989465849724082	0.119332762790135	0.0286723100463043	2;0;1;0;0;0;5;3;3;1	0	0	1.45647787933656	rnoCirc_012761	hsaCirc_007015
chr17	66498019	66506093	-	mmuCirc_004195	Rab12	CTO:ANNOTATED:CDS	3	290	NM_024448	0.0179914506425692	0	0	0	0	0.163755556840127	0.0292867224602159	0.131928779963211	0.0397775875967117	0.114689240185217	1;0;0;0;0;5;1;4;1;4	0	0	2.16634617505699		
chr17	66725740	66747177	-	mmuCirc_004196	Ptprm	CTO:ANNOTATED:CDS	3	212	NM_008984	0	0	0	0	0	0	0.0585734449204318	0	0.159110350386847	0	0;0;0;0;0;0;2;0;4;0	0	0	2.5684093095371	rnoCirc_012762	
chr17	66725740	66817977	-	mmuCirc_004197	Ptprm	CTO:ANNOTATED:CDS	7	715	NM_008984	0.0719658025702766	0	0	0	0	0	0	0	0	0	4;0;0;0;0;0;0;0;0;0	0	0	-2.20109749558266		
chr17	66809466	66814541	-	mmuCirc_004198	Ptprm	CTO:ANNOTATED:CDS	2	263	NM_008984	0	0	0	0	0	0	0	0.0989465849724082	0	0	0;0;0;0;0;0;0;3;0;0	0	0	2.57224194660756		
chr17	66809466	66817977	-	mmuCirc_004199	Ptprm	CTO:ANNOTATED:CDS	3	415	NM_008984	0.107948703855415	0.0853335488745	0.203631131830887	0.173064718686088	0.18226776348359	1.89956445934547	1.23004234332907	2.04489608942977	3.81864840928433	1.2902539520837	6;5;11;9;10;58;42;62;96;45	1	1	3.53838159606867	rnoCirc_012763	hsaCirc_007012
chr17	67287391	67287932	-	mmuCirc_004200	Ptprm	INTRONIC	1	542	NM_008984	0.0179914506425692	0.0512001293247	0.0370238421510704	0	0	0.0982533341040761	0.410014114443022	0.164910974954014	0.0795551751934235	0.0286723100463043	1;3;2;0;0;3;14;5;2;1	0	0	1.9056715332854		
chr17	69207859	69210383	+	mmuCirc_004201	Epb4.1l3	CTO:ANNOTATED:CDS:5UTR	2	416	NM_013813	0.0359829012851383	0	0.0370238421510704	0	0.018226776348359	0.163755556840127	0.117146889840864	0.230875364935619	0.198887937983559	0.0286723100463043	2;0;2;0;1;5;4;7;5;1	0	0	2.08607032604826	rnoCirc_012773	
chr17	71044486	71052775	+	mmuCirc_004202	Myom1	CTO:ANNOTATED:CDS	5	569	NM_001083934:NM_010867	0.0719658025702766	0	0.0185119210755352	0.0961470659367156	0	0.360262225048279	0.205007057221511	0.164910974954014	0.517108638757253	0.114689240185217	4;0;1;5;0;11;7;5;13;4	0	0	2.55280026998337	rnoCirc_012783	hsaCirc_006976
chr17	71052614	71061266	+	mmuCirc_004203	Myom1	CTO:ANNOTATED:CDS	2	304	NM_001083934:NM_010867	0.0179914506425692	0	0	0.0769176527493725	0.0364535526967181	0.262008890944203	0.351440669522591	0.395786339889633	0.636441401547388	0.258050790416739	1;0;0;4;2;8;12;12;16;9	0	0	3.30897426013464	rnoCirc_012785	
chr17	71052614	71072207	+	mmuCirc_004204	Myom1	CTO:ANNOTATED:CDS	5	686	NM_001083934:NM_010867	0.0539743519277075	0	0	0.0384588263746862	0	0.0327511113680254	0.0292867224602159	0	0.159110350386847	0.114689240185217	3;0;0;2;0;1;1;0;4;4	0	0	1.29507350507503		
chr17	71061125	71067369	+	mmuCirc_004205	Myom1	CTO:ANNOTATED:CDS	3	399	NM_001083934:NM_010867	0.0179914506425692	0	0	0	0	0	0	0	0.159110350386847	0	1;0;0;0;0;0;0;0;4;0	0	0	1.11855100234645		
chr17	71064448	71080895	+	mmuCirc_004206	Myom1	CTO:ANNOTATED:CDS	6	863	NM_001083934:NM_010867	0	0	0	0.0384588263746862	0	0.0655022227360508	0.146433612301079	0.164910974954014	0.278443113176982	0.086016930138913	0;0;0;2;0;2;5;5;7;3	0	0	2.62395635041124	rnoCirc_012786	hsaCirc_006974
chr17	71108301	71108693	+	mmuCirc_004207	Myom1	CTO:ANNOTATED:CDS	2	128	NM_001083934:NM_010867	0	0	0	0	0	0	0	0.0329821949908028	0.119332762790135	0.0573446200926087	0;0;0;0;0;0;0;1;3;2	0	0	2.05242372925454		
chr17	71108301	71109840	+	mmuCirc_004208	Myom1	CTO:ANNOTATED:CDS	3	242	NM_001083934:NM_010867	0.0179914506425692	0	0	0	0	0.0982533341040761	0.146433612301079	0.0659643899816055	0.159110350386847	0.143361550231522	1;0;0;0;0;3;5;2;4;5	0	0	2.59830431903144	rnoCirc_012790	
chr17	71222055	71225241	+	mmuCirc_004209	Lpin2	CTO:ANNOTATED:CDS	2	398	NM_022882:NM_001164885	0	0	0.0185119210755352	0	0	0.0327511113680254	0.0292867224602159	0.0659643899816055	0.198887937983559	0.0286723100463043	0;0;1;0;0;1;1;2;5;1	0	0	1.71881128055015		