chr10	89068100	89088293	-	mmuCirc_001061	Ano4	CTO:ANNOTATED:CDS	3	340	NM_001277188:NR_102339	0	0.0170667097749	0.0185119210755352	0.0192294131873431	0	0.0655022227360508	0.205007057221511	0.0989465849724082	0.159110350386847	0.0286723100463043	0;1;1;1;0;2;7;3;4;1	0	0	1.95972307313564	rnoCirc_010946	
chr10	89084547	89112949	-	mmuCirc_001062	Ano4	CTO:ANNOTATED:CDS	3	367	NM_001277188:NR_102339	0	0	0	0	0	0.0982533341040761	0	0	0	0	0;0;0;0;0;3;0;0;0;0	0	0	2.56380895521826		
chr10	89112791	89117002	-	mmuCirc_001063	Ano4	CTO:ANNOTATED:CDS	2	296	NM_001277188:NR_102339	0	0	0	0	0	0	0.0585734449204318	0	0.119332762790135	0	0;0;0;0;0;0;2;0;3;0	0	0	2.38725222161676		
chr10	89112791	89125224	-	mmuCirc_001064	Ano4	CTO:ANNOTATED:CDS	3	401	NM_001277188:NR_102339	0.0539743519277075	0	0.0370238421510704	0	0	0.360262225048279	0.205007057221511	0.230875364935619	0.159110350386847	0.0573446200926087	3;0;2;0;0;11;7;7;4;2	0	0	2.62104146498794		
chr10	89282111	89327333	-	mmuCirc_001065		NTO	1	45223		0	0	0	0	0.018226776348359	0	0.0292867224602159	0.0329821949908028	0.0397775875967117	0.086016930138913	0;0;0;0;1;0;1;1;1;3	0	0	1.43948763975005		
chr10	89317091	89327333	-	mmuCirc_001066		NTO	1	10243		0	0.0170667097749	0.0185119210755352	0.0192294131873431	0.018226776348359	0.294760002312228	0.117146889840864	0.395786339889633	0.278443113176982	0.0573446200926087	0;1;1;1;1;9;4;12;7;2	0	0	2.64806746584474		
chr10	89645462	89645743	-	mmuCirc_001067	Scyl2	CTO:ANNOTATED:CDS	2	163	NM_198021	0	0	0	0	0	0	0	0	0.119332762790135	0	0;0;0;0;0;0;0;0;3;0	0	0	2.80046262890159		
chr10	89752320	89755554	+	mmuCirc_001068	Uhrf1bp1l	INTRONIC	1	3235	NM_029166	0	0	0	0	0	0	0.0292867224602159	0	0.119332762790135	0	0;0;0;0;0;0;1;0;3;0	0	0	2.05083083733911		
chr10	89772587	89791481	+	mmuCirc_001069	Uhrf1bp1l	CTO:ANNOTATED:CDS	10	1363	NM_029166	0	0	0	0	0.0364535526967181	0.163755556840127	0	0.131928779963211	0.119332762790135	0.0286723100463043	0;0;0;0;2;5;0;4;3;1	0	0	2.17788468925366		
chr10	89772587	89794624	+	mmuCirc_001070	Uhrf1bp1l	CTO:ANNOTATED:CDS	11	1505	NM_029166	0	0	0.0370238421510704	0.0192294131873431	0.018226776348359	0.0327511113680254	0	0.164910974954014	0.397775875967117	0.086016930138913	0;0;2;1;1;1;0;5;10;3	0	0	1.99518898526241		
chr10	89779835	89791481	+	mmuCirc_001071	Uhrf1bp1l	CTO:ANNOTATED:CDS	7	1069	NM_029166	0	0	0	0	0	0.0655022227360508	0	0	0.119332762790135	0	0;0;0;0;0;2;0;0;3;0	0	0	2.44821227701495		
chr10	89787105	89794624	+	mmuCirc_001072	Uhrf1bp1l	CTO:ANNOTATED:CDS	5	709	NM_029166	0.0719658025702766	0	0	0.0384588263746862	0.018226776348359	0.360262225048279	0.175720334761295	0.494732924862041	0.517108638757253	0.20070617032413	4;0;0;2;1;11;6;15;13;7	0	0	3.15069836243781		
chr10	90049816	90077142	+	mmuCirc_001073	Anks1b	CTO:ANNOTATED:CDS	5	756	NM_001128086	0	0	0	0	0	0	0.0292867224602159	0.0659643899816055	0.278443113176982	0	0;0;0;0;0;0;1;2;7;0	0	0	2.43477408761403	rnoCirc_010954	hsaCirc_003920
chr10	90069468	90077142	+	mmuCirc_001074	Anks1b	CTO:ANNOTATED:CDS	4	459	NM_001128086	0.0179914506425692	0.0170667097749	0	0.0192294131873431	0.018226776348359	0.163755556840127	0.0585734449204318	0.131928779963211	0.0795551751934235	0.172033860277826	1;1;0;1;1;5;2;4;2;6	0	0	1.99110960695851	rnoCirc_010955	hsaCirc_003919
chr10	91036910	91049484	-	mmuCirc_001075	Apaf1	CTO:ANNOTATED:CDS	4	511	NM_001042558:NM_001282947:NM_009684	0	0	0	0	0	0	0.0292867224602159	0.0989465849724082	0	0	0;0;0;0;0;0;1;3;0;0	0	0	1.9367204961921		hsaCirc_003917
chr10	92075170	92136690	-	mmuCirc_001076	Rmst	ITO:ncRNA	1	61521	NR_028262	0.0359829012851383	0.0341334195498	0.0740476843021408	0	0.018226776348359	0.229257779576178	0.234293779681727	0.329821949908027	0.23866552558027	0.114689240185217	2;2;4;0;1;7;8;10;6;4	0	0	2.35832732840212		hsaCirc_003915
chr10	92075513	92136690	-	mmuCirc_001077	Rmst	ITO:ncRNA	1	61178	NR_028262	0	0	0.0185119210755352	0	0.018226776348359	0.0327511113680254	0	0.164910974954014	0.23866552558027	0.086016930138913	0;0;1;0;1;1;0;5;6;3	0	0	2.2068276134091		hsaCirc_003914
chr10	92109639	92136690	-	mmuCirc_001078	Rmst	CTO:ncRNA	7	754	NR_028262	0	0	0	0.0192294131873431	0	0.131004445472102	0.0292867224602159	0.0329821949908028	0	0.0286723100463043	0;0;0;1;0;4;1;1;0;1	0	0	1.18687825404055		
chr10	92257142	92272665	-	mmuCirc_001079	Gm20757	CTO:ncRNA	4	574	NR_046027	0	0	0	0.0769176527493725	0.018226776348359	0.163755556840127	0.205007057221511	0.395786339889633	0.437553463563829	0	0;0;0;4;1;5;7;12;11;0	0	0	2.4747820379679		
chr10	92257142	92285067	-	mmuCirc_001080	Gm20757	CTO:ncRNA	5	706	NR_046027	0.0179914506425692	0	0	0	0.018226776348359	0.131004445472102	0	0	0.23866552558027	0.0573446200926087	1;0;0;0;1;4;0;0;6;2	0	0	2.23352586689551		
chr10	93235438	93236963	+	mmuCirc_001081	Cdk17	CTO:ANNOTATED:CDS	3	247	NM_146239	0.0899572532128458	0.170667097749	0.092559605377676	0.192294131873431	0.145814210786872	1.60480445703324	1.46433612301079	1.38525218961372	4.25620187284816	0.86016930138913	5;10;5;10;8;49;50;42;107;30	1	1	3.4456832754552		
chr10	93235438	93239043	+	mmuCirc_001082	Cdk17	CTO:ANNOTATED:CDS	5	416	NM_146239	0	0	0.0185119210755352	0	0	0.0655022227360508	0	0	0.159110350386847	0.0286723100463043	0;0;1;0;0;2;0;0;4;1	0	0	1.39913372195323		
chr10	93264880	93265680	-	mmuCirc_001083	Elk3	CTO:ANNOTATED:CDS	1	801	NM_001282967:NM_013508	0.0539743519277075	0.0170667097749	0	0.0192294131873431	0	0.229257779576178	0.146433612301079	0.263857559926422	0.119332762790135	0.114689240185217	3;1;0;1;0;7;5;8;3;4	0	0	2.46529543348842		
chr10	93862377	93868961	-	mmuCirc_001084	Metap2	CTO:ANNOTATED:CDS	4	412	NM_019648	0	0	0	0	0	0	0	0.131928779963211	0.119332762790135	0.0286723100463043	0;0;0;0;0;0;0;4;3;1	0	0	2.33629571947211		
chr10	94089577	94089762	+	mmuCirc_001085	Fgd6	CTO:ANNOTATED:CDS	2	99	NM_053072	0.0719658025702766	0	0.0185119210755352	0	0	0.393013336416305	0.263580502141943	0.494732924862041	1.07399486511122	0.114689240185217	4;0;1;0;0;12;9;15;27;4	0	0	3.65163546622922		hsaCirc_003896
chr10	94089577	94106072	+	mmuCirc_001086	Fgd6	CTO:ANNOTATED:CDS	5	496	NM_053072	0	0	0	0	0	0	0	0.131928779963211	0.0795551751934235	0	0;0;0;0;0;0;0;4;2;0	0	0	2.62040979749391		
chr10	94167410	94167728	+	mmuCirc_001087	Nr2c1	CTO:ANNOTATED:CDS	2	239	NM_011629	0	0	0	0	0	0.0327511113680254	0.0585734449204318	0	0.0397775875967117	0.086016930138913	0;0;0;0;0;1;2;0;1;3	0	0	1.8397676864437		hsaCirc_003892
chr10	94578423	94582409	+	mmuCirc_001088	Tmcc3	CTO:ANNOTATED:CDS:5UTR	2	1053	NM_172051:NM_001168684:NM_177026	0.0359829012851383	0	0.0185119210755352	0.0384588263746862	0.018226776348359	0.131004445472102	0.0878601673806477	0.0659643899816055	0.23866552558027	0.172033860277826	2;0;1;2;1;4;3;2;6;6	0	0	1.89907149739433		
chr10	94748941	94750659	+	mmuCirc_001089	Cep83	CTO:ANNOTATED:CDS	3	410	NM_029852	0.0539743519277075	0.0170667097749	0.0740476843021408	0.0192294131873431	0.0364535526967181	0.687773338728533	0.527161004283886	0.659643899816055	0.875106927127658	0.344067720555652	3;1;4;1;2;21;18;20;22;12	0	0	3.43927949022549		
chr10	95989562	95990465	+	mmuCirc_001090	Eea1	CTO:ANNOTATED:CDS	3	249	NM_001001932	0.0539743519277075	0	0	0.0192294131873431	0.0364535526967181	0.0982533341040761	0.0878601673806477	0.263857559926422	0.23866552558027	0.286723100463044	3;0;0;1;2;3;3;8;6;10	0	0	2.41957000170953		
chr10	95989562	95995690	+	mmuCirc_001091	Eea1	CTO:ANNOTATED:CDS	6	525	NM_001001932	0.0179914506425692	0	0.0185119210755352	0	0.0364535526967181	0.262008890944203	0.0292867224602159	0.329821949908027	0.318220700773694	0.086016930138913	1;0;1;0;2;8;1;10;8;3	0	0	2.47309765137037		
chr10	95989562	95997092	+	mmuCirc_001092	Eea1	CTO:ANNOTATED:CDS	7	681	NM_001001932	0	0	0	0.0192294131873431	0.018226776348359	0	0	0.0659643899816055	0.159110350386847	0.0286723100463043	0;0;0;1;1;0;0;2;4;1	0	0	1.54769930469267		
chr10	96002887	96013425	+	mmuCirc_001093	Eea1	CTO:ANNOTATED:CDS	4	726	NM_001001932	0	0	0	0	0	0	0.146433612301079	0.0329821949908028	0.0397775875967117	0.086016930138913	0;0;0;0;0;0;5;1;1;3	0	0	2.11205249388278		
chr10	97507703	97513737	+	mmuCirc_001094	Dcn	CTO:ANNOTATED:CDS	3	347	NM_001190451:NM_007833	0.0179914506425692	0	0	0.0192294131873431	0	0.0655022227360508	0.117146889840864	0.164910974954014	0.318220700773694	0	1;0;0;1;0;2;4;5;8;0	0	0	2.56616334449099		
chr10	98968694	98969124	+	mmuCirc_001095	Atp2b1	CTO:ANNOTATED:CDS:5UTR	1	431	NM_026482	0	0	0.0370238421510704	0	0	0.0327511113680254	0.0585734449204318	0	0.318220700773694	0.0286723100463043	0;0;2;0;0;1;2;0;8;1	0	0	1.4449344721243	rnoCirc_010979	hsaCirc_003876
chr10	99124831	99129662	+	mmuCirc_001096	Poc1b	CTO:ANNOTATED:CDS	2	352	NM_027740	0	0	0	0.0192294131873431	0	0	0.0292867224602159	0.131928779963211	0.119332762790135	0.0286723100463043	0;0;0;1;0;0;1;4;3;1	0	0	1.8345376122878	rnoCirc_010981	
chr10	99144235	99164949	+	mmuCirc_001097	Poc1b	CTO:ANNOTATED:CDS	6	658	NM_027740	0.0359829012851383	0	0	0.0192294131873431	0	0.196506668208152	0.0878601673806477	0.0659643899816055	0.0397775875967117	0.114689240185217	2;0;0;1;0;6;3;2;1;4	0	0	1.9690828701244		hsaCirc_003872
chr10	100087347	100089271	+	mmuCirc_001098	Kitl	CTO:ANNOTATED:CDS:3UTR	3	254	NM_013598	0	0.0170667097749	0.0555357632266056	0	0	0.229257779576178	0.263580502141943	0.0329821949908028	0.198887937983559	0.0573446200926087	0;1;3;0;0;7;9;1;5;2	0	0	2.29337964972872		
chr10	105271499	105303715	-	mmuCirc_001099	Tmtc2	CTO:ANNOTATED:CDS	2	204	NM_177368	0	0	0	0	0	0	0	0.131928779963211	0	0	0;0;0;0;0;0;0;4;0;0	0	0	2.92532328123365		
chr10	105303594	105323637	-	mmuCirc_001100	Tmtc2	CTO:ANNOTATED:CDS	4	472	NM_177368	0	0.0170667097749	0.0185119210755352	0.0384588263746862	0	0.0327511113680254	0.0585734449204318	0.0989465849724082	0.198887937983559	0.0573446200926087	0;1;1;2;0;1;2;3;5;2	0	0	1.5932113458325		
chr10	105321396	105323637	-	mmuCirc_001101	Tmtc2	CTO:ANNOTATED:CDS	3	350	NM_177368	0.0179914506425692	0.0512001293247	0	0.0192294131873431	0.018226776348359	0.0982533341040761	0.0292867224602159	0.0659643899816055	0.119332762790135	0.0573446200926087	1;3;0;1;1;3;1;2;3;2	0	0	1.2112873547996	rnoCirc_010985	
chr10	105348435	105370778	-	mmuCirc_001102	Tmtc2	CTO:ANNOTATED:CDS	2	944	NM_177368	0	0	0	0	0	0.0327511113680254	0	0.0989465849724082	0.278443113176982	0.0573446200926087	0;0;0;0;0;1;0;3;7;2	0	0	2.45553210951567		hsaCirc_003864
chr10	105413217	105413787	-	mmuCirc_001103	Tmtc2	CTO:ANNOTATED:CDS	1	571	NM_177368	0.0179914506425692	0.0341334195498	0	0.0769176527493725	0.018226776348359	0.327511113680254	0.175720334761295	0.197893169944816	0.6762189891441	0.143361550231522	1;2;0;4;1;10;6;6;17;5	0	0	2.68663730297757	rnoCirc_010986	hsaCirc_003862
chr10	105823160	105826591	-	mmuCirc_001104	Mettl25	CTO:ANNOTATED:CDS	2	745	NM_207522	0	0.0341334195498	0.0185119210755352	0.0192294131873431	0	0.0655022227360508	0.0585734449204318	0	0.0795551751934235	0.086016930138913	0;2;1;1;0;2;2;0;2;3	0	0	1.08759248989493		
chr10	107045213	107053516	-	mmuCirc_001105	Acss3	CTO:ANNOTATED:CDS	3	465	NM_001142804:NM_198636	0	0	0.0555357632266056	0	0	0.196506668208152	0	0.164910974954014	0.0795551751934235	0	0;0;3;0;0;6;0;5;2;0	0	0	2.34781165069595		
chr10	108198833	108214506	+	mmuCirc_001106	Ppp1r12a	CTO:ANNOTATED:CDS	2	250	NM_027892	0	0	0	0.0384588263746862	0	0	0	0.131928779963211	0.0795551751934235	0.086016930138913	0;0;0;2;0;0;0;4;2;3	0	0	2.03320716510277	rnoCirc_010996	
chr10	108230437	108234143	+	mmuCirc_001107	Ppp1r12a	CTO:ANNOTATED:CDS	2	305	NM_027892	0.0179914506425692	0.0170667097749	0	0.0192294131873431	0	0	0	0	0.119332762790135	0	1;1;0;1;0;0;0;0;3;0	0	0	0.00424267124704292	rnoCirc_010993	
chr10	108240105	108243130	+	mmuCirc_001108	Ppp1r12a	CTO:ANNOTATED:CDS	4	447	NM_027892	0.0179914506425692	0	0	0.0192294131873431	0.018226776348359	0.262008890944203	0.322153947062375	0.36280414489883	0.517108638757253	0.172033860277826	1;0;0;1;1;8;11;11;13;6	0	0	3.47020274128085		hsaCirc_003847
chr10	108240105	108251008	+	mmuCirc_001109	Ppp1r12a	CTO:ANNOTATED:CDS	6	758	NM_027892	0.0539743519277075	0	0.0185119210755352	0	0.018226776348359	0.196506668208152	0.0878601673806477	0.164910974954014	0.159110350386847	0.258050790416739	3;0;1;0;1;6;3;5;4;9	0	0	2.4538656657511	rnoCirc_010992	
chr10	108240105	108253495	+	mmuCirc_001110	Ppp1r12a	CTO:ANNOTATED:CDS	9	1202	NM_027892	0.0359829012851383	0.0170667097749	0	0.0192294131873431	0.0546803290450771	0.262008890944203	0.0292867224602159	0.230875364935619	0.159110350386847	0.0286723100463043	2;1;0;1;3;8;1;7;4;1	0	0	1.59317407823427	rnoCirc_010991	
chr10	108268572	108274188	+	mmuCirc_001111	Ppp1r12a	CTO:ANNOTATED:CDS:3UTR	5	371	NM_027892	0.143931605140553	0.0170667097749	0	0.0576882395620293	0.0546803290450771	0.622271115992482	0.439300836903238	0.560697314843647	1.11377245270793	0.516101580833478	8;1;0;3;3;19;15;17;28;18	0	1	3.43440871769975	rnoCirc_010990	
chr10	109764518	109765006	-	mmuCirc_001112	Nav3	CTO:ANNOTATED:CDS	1	489	NM_001081035	0	0	0	0	0	0	0	0	0.0397775875967117	0.086016930138913	0;0;0;0;0;0;0;0;1;3	0	0	1.9929137211978		
chr10	109813169	109816373	-	mmuCirc_001113	Nav3	CTO:ALT_DONOR:CDS	1	3205	NM_001081035	0	0	0	0	0	0	0	0	0.119332762790135	0.0286723100463043	0;0;0;0;0;0;0;0;3;1	0	0	2.04178193859134		
chr10	109816254	109824681	-	mmuCirc_001114	Nav3	CTO:ANNOTATED:CDS	3	613	NM_001081035	0	0.0170667097749	0.0370238421510704	0.0769176527493725	0.0364535526967181	0.262008890944203	0.117146889840864	0.164910974954014	0.795551751934235	0.0573446200926087	0;1;2;4;2;8;4;5;20;2	0	0	2.1859140025779	rnoCirc_011000	hsaCirc_003843
chr10	109823236	109824681	-	mmuCirc_001115	Nav3	CTO:ANNOTATED:CDS	2	493	NM_001081035	0	0	0	0	0	0	0	0.0329821949908028	0.119332762790135	0	0;0;0;0;0;0;0;1;3;0	0	0	2.10298512151359		
chr10	109880535	109883686	-	mmuCirc_001116	Nav3	CTO:ANNOTATED:CDS	2	257	NM_001081035	0	0	0	0	0	0.131004445472102	0.0292867224602159	0.0659643899816055	0.159110350386847	0.086016930138913	0;0;0;0;0;4;1;2;4;3	0	0	2.37809137860755		hsaCirc_003841
chr10	110948191	110956428	-	mmuCirc_001117	Zdhhc17	CTO:ANNOTATED:CDS	5	526	NM_172554	0	0	0	0	0	0.0327511113680254	0	0.0659643899816055	0.119332762790135	0	0;0;0;0;0;1;0;2;3;0	0	0	2.10113442578098		
chr10	111688334	111730754	+	mmuCirc_001118		NTO	1	42421		0	0	0	0	0	0	0.0585734449204318	0.0989465849724082	0.0397775875967117	0	0;0;0;0;0;0;2;3;1;0	0	0	2.04196281242384		
chr10	111727370	111730754	+	mmuCirc_001119		NTO	1	3385		0	0	0	0	0	0.0327511113680254	0	0.0989465849724082	0.0795551751934235	0.0573446200926087	0;0;0;0;0;1;0;3;2;2	0	0	2.05956017353636		
chr10	115294871	115302791	-	mmuCirc_001120	Rab21	CTO:ANNOTATED:CDS	5	376	NM_024454	0	0	0	0	0	0.0655022227360508	0	0	0.159110350386847	0.086016930138913	0;0;0;0;0;2;0;0;4;3	0	0	2.55498716531138		hsaCirc_003834
chr10	115389173	115390436	+	mmuCirc_001121	Zfc3h1	INTRONIC	1	1264	NM_001033261	0	0	0	0	0.0364535526967181	0.0655022227360508	0.0878601673806477	0	0.119332762790135	0.172033860277826	0;0;0;0;2;2;3;0;3;6	0	0	2.27343481572668	rnoCirc_011020	
chr10	115406353	115406898	+	mmuCirc_001122	Zfc3h1	CTO:ANNOTATED:CDS	2	375	NM_001033261	0.0359829012851383	0.0512001293247	0	0.0961470659367156	0.018226776348359	0.0982533341040761	0.234293779681727	0.263857559926422	0.318220700773694	0.0573446200926087	2;3;0;5;1;3;8;8;8;2	0	0	1.86023840387132	rnoCirc_011021	
chr10	116343793	116347062	+	mmuCirc_001123	Ptprb	CTO:ANNOTATED:CDS	2	528	NM_029928	0	0	0	0	0	0.0327511113680254	0	0	0	0.086016930138913	0;0;0;0;0;1;0;0;0;3	0	0	1.90271212755542		
chr10	116349966	116361307	+	mmuCirc_001124	Ptprb	CTO:ANNOTATED:CDS	5	880	NM_029928	0.0179914506425692	0	0	0.0192294131873431	0	0.229257779576178	0.0585734449204318	0.164910974954014	0.198887937983559	0.0286723100463043	1;0;0;1;0;7;2;5;5;1	0	0	2.33199572723167		
chr10	116353791	116361307	+	mmuCirc_001125	Ptprb	CTO:ANNOTATED:CDS	3	451	NM_029928	0.0179914506425692	0	0.0185119210755352	0	0	0.196506668208152	0.0292867224602159	0.164910974954014	0.477331051160541	0.114689240185217	1;0;1;0;0;6;1;5;12;4	0	0	2.69260299254557		
chr10	116367481	116372976	+	mmuCirc_001126	Ptprb	CTO:ANNOTATED:CDS	4	558	NM_029928	0	0	0	0	0	0.0327511113680254	0.0878601673806477	0	0.0397775875967117	0	0;0;0;0;0;1;3;0;1;0	0	0	1.80329881268235		
chr10	116517317	116527949	-	mmuCirc_001127	Cnot2	CTO:ANNOTATED:CDS	2	190	NM_001037846:NM_001037847:NM_028082:NR_024327:NM_001037848	0	0	0	0.0192294131873431	0.018226776348359	0.0327511113680254	0.234293779681727	0.197893169944816	0.23866552558027	0	0;0;0;1;1;1;8;6;6;0	0	0	2.05993428196039	rnoCirc_011025	