chr17	35383261	35473358	+	mmuCirc_004076	H2-Q4:H2-Q5:H2-Q8:H2-Q6:H2-Q7:H2-Q9:H2-Q10	ITO:ANNOTATED	1	90098	NM_001143689:NR_051981:NM_023124:NM_207648:NM_001198560:NM_001198561:NM_010394:NM_001201460:NM_010391	0	0	0.0370238421510704	0.0576882395620293	0	0.163755556840127	0.146433612301079	0.329821949908027	0.198887937983559	0.229378480370435	0;0;2;3;0;5;5;10;5;8	0	0	2.80165279106534		
chr17	35383995	35428868	+	mmuCirc_004077	H2-Q4:H2-Q5:H2-Q8:H2-Q6	ITO:ALT_DONOR	1	44874	NM_001143689:NR_051981:NM_023124:NM_207648	0	0	0	0	0	0	0.0878601673806477	0	0	0.0573446200926087	0;0;0;0;0;0;3;0;0;2	0	0	2.19119560870207		
chr17	35425108	35439284	+	mmuCirc_004078	H2-Q8:H2-Q6:H2-Q7:H2-Q9	ITO:ANNOTATED:CDS:5UTR	1	14177	NM_023124:NM_207648:NM_001198560:NM_001198561:NM_010394:NM_001201460	0	0.0170667097749	0	0	0.0911338817417952	0	0	0	0	0.229378480370435	0;1;0;0;5;0;0;0;0;8	0	0	0.137957096538771		
chr17	35893040	35895119	-	mmuCirc_004079	2310061I04Rik	CTO:ANNOTATED:CDS	2	271	NM_001033630	0	0	0	0	0	0.0327511113680254	0.0292867224602159	0.164910974954014	0.0795551751934235	0.0286723100463043	0;0;0;0;0;1;1;5;2;1	0	0	1.90155140935705		
chr17	35914334	35914804	-	mmuCirc_004080	Mrps18b	CTO:ANNOTATED:CDS	3	276	NM_025878	0.0359829012851383	0.0341334195498	0.0185119210755352	0	0.0911338817417952	0.556768893256432	0.146433612301079	0.36280414489883	0.795551751934235	0.372740030601957	2;2;1;0;5;17;5;11;20;13	0	0	3.09390010034963		
chr17	35930051	35951221	+	mmuCirc_004081	Ppp1r10:Gm8801	ITO:ANNOTATED:CDS:3UTR	1	21171	NM_001163818:NR_028278	0.287863210281107	0.2218672270737	0.0740476843021408	0.134605892311402	0.145814210786872	0.556768893256432	0.468587559363454	0.560697314843647	0.477331051160541	0.45875696074087	16;13;4;7;8;17;16;17;12;16	1	1	1.55235295275771		
chr17	36032153	36110943	-	mmuCirc_004082	H2-T23:H2-T9:H2-T22:Gm11127:H2-Bl:C920025E04Rik	ITO:ANNOTATED	1	78791	NM_010398:NM_010399:NM_010397:NM_001199967:NM_008199:NM_001271005	0.125940154497984	0.0853335488745	0.351726500435169	0.249982371435461	0.419215856012258	0.0982533341040761	0.0585734449204318	0	0	0.372740030601957	7;5;19;13;23;3;2;0;0;13	1	1	-1.77173314807026		
chr17	36038985	36117456	-	mmuCirc_004083	H2-T9:H2-T22:Gm11127:H2-Bl:C920025E04Rik:H2-T10	ITO:ANNOTATED	1	78472	NM_010399:NM_010397:NM_001199967:NM_008199:NM_001271005:NR_046286:NM_010395	0.341837562208814	0.1024002586494	0.203631131830887	0.326900024184833	0.218721316180309	0.163755556840127	0.0878601673806477	0.131928779963211	0.0795551751934235	0	19;6;11;17;12;5;3;4;2;0	1	1	-1.41918635968246		
chr17	36040478	36118054	-	mmuCirc_004084	H2-T9:H2-T22:Gm11127:H2-Bl:C920025E04Rik:H2-T10	ITO:ANNOTATED	1	77577	NM_010399:NM_010397:NM_001199967:NM_008199:NM_001271005:NR_046286:NM_010395	0	0.0170667097749	0.0185119210755352	0.0576882395620293	0.0364535526967181	0	0	0.0329821949908028	0	0	0;1;1;3;2;0;0;1;0;0	0	0	-0.971170532743548		
chr17	36040478	36119040	-	mmuCirc_004085	H2-T9:H2-T22:Gm11127:H2-Bl:C920025E04Rik:H2-T10	ITO:ANNOTATED	1	78563	NM_010399:NM_010397:NM_001199967:NM_008199:NM_001271005:NR_046286:NM_010395	0.0719658025702766	0	0.203631131830887	0.0961470659367156	0.164040987135231	0.0327511113680254	0	0.0329821949908028	0.159110350386847	0.114689240185217	4;0;11;5;9;1;0;1;4;4	0	1	-0.67623350591289		
chr17	36041449	36066390	-	mmuCirc_004086	H2-T9:H2-T22:Gm11127	ITO:ALT_ACCEPTOR	1	24942	NM_010399:NM_010397:NM_001199967	0	0.0682668390996	0.0370238421510704	0.0192294131873431	0.018226776348359	0	0.0292867224602159	0.0989465849724082	0.119332762790135	0.0286723100463043	0;4;2;1;1;0;1;3;3;1	0	0	0.599262197031512		
chr17	36041449	36110135	-	mmuCirc_004087	H2-T9:H2-T22:Gm11127:H2-Bl:C920025E04Rik	ITO:ANNOTATED	1	68687	NM_010399:NM_010397:NM_001199967:NM_008199:NM_001271005	0.0359829012851383	0.0341334195498	0.0740476843021408	0.0769176527493725	0.0911338817417952	0	0	0.0659643899816055	0	0.086016930138913	2;2;4;4;5;0;0;2;0;3	0	1	-1.07918451166255		
chr17	36041449	36119464	-	mmuCirc_004088	H2-T9:H2-T22:Gm11127:H2-Bl:C920025E04Rik:H2-T10	ITO:ANNOTATED	1	78016	NM_010399:NM_010397:NM_001199967:NM_008199:NM_001271005:NR_046286:NM_010395	0	0.0170667097749	0.129583447528746	0	0.0364535526967181	0.0327511113680254	0.0292867224602159	0.0989465849724082	0	0.086016930138913	0;1;7;0;2;1;1;3;0;3	0	0	0.597199544593847		
chr17	36949326	36949419	+	mmuCirc_004089	Ppp1r11	AS:CTO	1	94	NM_029632	0.0179914506425692	0.0170667097749	0.0740476843021408	0.0769176527493725	0.0729071053934362	0	0	0	0	0	1;1;4;4;4;0;0;0;0;0	0	1	-1.70834793638045		
chr17	39845364	39845470	-	mmuCirc_004090	Rn45s	AS:CTO:ncRNA	1	107	NR_046233	0	0	0	0	0.018226776348359	0	0	0	0	0.086016930138913	0;0;0;0;1;0;0;0;0;3	0	0	1.47163922276591		
chr17	39846586	39846763	+	mmuCirc_004091	Rn45s	CTO:ncRNA	1	178	NR_046233	0.0179914506425692	0.0853335488745	0.129583447528746	0.0961470659367156	0.0364535526967181	0.262008890944203	0.0878601673806477	0.0659643899816055	0.278443113176982	0.430084650694565	1;5;7;5;2;8;3;2;7;15	0	0	1.2967229947136		
chr17	39847705	39847868	+	mmuCirc_004092	Rn45s	CTO:ncRNA	1	164	NR_046233	0	0	0	0	0	0.131004445472102	0.0878601673806477	0.0329821949908028	0	0.086016930138913	0;0;0;0;0;4;3;1;0;3	0	0	2.28983494247952		
chr17	39847763	39847912	-	mmuCirc_004093	Rn45s	AS:CTO:ncRNA	1	150	NR_046233	0.0359829012851383	0	0	0	0	0.229257779576178	0.0292867224602159	0.0659643899816055	0.318220700773694	0.0286723100463043	2;0;0;0;0;7;1;2;8;1	0	0	2.1845025766354		
chr17	39847763	39847917	-	mmuCirc_004094	Rn45s	AS:CTO:ncRNA	1	155	NR_046233	0	0	0	0	0	0.229257779576178	0.117146889840864	0.0329821949908028	0.119332762790135	0	0;0;0;0;0;7;4;1;3;0	0	0	2.65579671794099		
chr17	39847766	39847868	+	mmuCirc_004095	Rn45s	CTO:ncRNA	1	103	NR_046233	0	0.0341334195498	0	0	0.018226776348359	0.327511113680254	0.234293779681727	0.131928779963211	1.15355004030464	0	0;2;0;0;1;10;8;4;29;0	0	0	2.84327344849903		
chr17	39847800	39847917	-	mmuCirc_004096	Rn45s	AS:CTO:ncRNA	1	118	NR_046233	0	0	0.0370238421510704	0	0.018226776348359	0.720524450096558	0.175720334761295	0.36280414489883	0.954662102321082	0.401412340648261	0;0;2;0;1;22;6;11;24;14	0	0	4.06351477427636		
chr17	40828363	40831742	+	mmuCirc_004097	Rhag	CTO:ANNOTATED:CDS	4	650	NM_011269	0	0	0	0	0	0	0.0292867224602159	0	0.119332762790135	0	0;0;0;0;0;0;1;0;3;0	0	0	2.05083083733911		
chr17	42805160	42820657	-	mmuCirc_004098	Cd2ap	CTO:ANNOTATED:CDS	6	763	NM_009847	0	0	0.0555357632266056	0.0384588263746862	0	0.163755556840127	0.0585734449204318	0.197893169944816	0.119332762790135	0.0573446200926087	0;0;3;2;0;5;2;6;3;2	0	0	1.98129793981376		
chr17	42815945	42816592	-	mmuCirc_004099	Cd2ap	CTO:ANNOTATED:CDS	2	309	NM_009847	0	0	0	0	0	0	0	0.131928779963211	0	0	0;0;0;0;0;0;0;4;0;0	0	0	2.92532328123365	rnoCirc_012325	
chr17	42815945	42820657	-	mmuCirc_004100	Cd2ap	CTO:ANNOTATED:CDS	3	372	NM_009847	0	0	0	0	0	0	0.0292867224602159	0.0989465849724082	0	0	0;0;0;0;0;0;1;3;0;0	0	0	1.9367204961921		
chr17	42820595	42830105	-	mmuCirc_004101	Cd2ap	CTO:ANNOTATED:CDS	6	567	NM_009847	0.0179914506425692	0	0	0	0	0	0.0878601673806477	0.0329821949908028	0.0795551751934235	0.0286723100463043	1;0;0;0;0;0;3;1;2;1	0	0	1.30190412975584	rnoCirc_012322	
chr17	42845326	42852528	-	mmuCirc_004102	Cd2ap	CTO:ANNOTATED:CDS	2	315	NM_009847	0.0719658025702766	0.0512001293247	0.129583447528746	0.192294131873431	0.109360658090154	0.655022227360508	0.907888396266692	1.2533234096505	2.10821214262572	0.774152371250217	4;3;7;10;6;20;31;38;53;27	1	1	3.12257281343533	rnoCirc_012317	
chr17	43037595	43040189	+	mmuCirc_004103	Tnfrsf21	CTO:ANNOTATED:CDS	2	1147	NM_178589	0	0	0.0370238421510704	0	0	0.0655022227360508	0.0585734449204318	0.0329821949908028	0.0397775875967117	0.114689240185217	0;0;2;0;0;2;2;1;1;4	0	0	1.65902269606543	rnoCirc_012316	hsaCirc_013246
chr17	43064968	43065233	+	mmuCirc_004104	Tnfrsf21	CTO:ANNOTATED:CDS	1	266	NM_178589	0	0	0	0	0	0.0327511113680254	0	0.131928779963211	0.119332762790135	0.086016930138913	0;0;0;0;0;1;0;4;3;3	0	0	2.38280254131152		
chr17	43410502	43422656	+	mmuCirc_004105	Gpr116	CTO:ANNOTATED:CDS	2	214	NM_001081178	0	0	0	0	0	0	0.0878601673806477	0	0	0	0;0;0;0;0;0;3;0;0;0	0	0	2.43109027266771		
chr17	43410502	43428666	+	mmuCirc_004106	Gpr116	CTO:ANNOTATED:CDS	7	928	NM_001081178	0	0.0170667097749	0	0.0384588263746862	0.164040987135231	0.262008890944203	0.146433612301079	0.164910974954014	0.357998288370406	0.114689240185217	0;1;0;2;9;8;5;5;9;4	0	0	2.28713459726094		
chr17	43410502	43430707	+	mmuCirc_004107	Gpr116	CTO:ANNOTATED:CDS	8	1132	NM_001081178	0.0539743519277075	0	0	0	0	0.0982533341040761	0.0585734449204318	0.131928779963211	0	0.20070617032413	3;0;0;0;0;3;2;4;0;7	0	0	2.2600509892989		
chr17	43422498	43428666	+	mmuCirc_004108	Gpr116	CTO:ANNOTATED:CDS	6	873	NM_001081178	0	0	0	0	0	0	0	0	0.159110350386847	0	0;0;0;0;0;0;0;0;4;0	0	0	3.16277680474228		
chr17	43836271	43836497	+	mmuCirc_004109	Rcan2	CTO:ANNOTATED:CDS:5UTR	1	227	NM_207649:NM_001286653	0.0359829012851383	0	0	0	0	0	0	0.131928779963211	0.0397775875967117	0.086016930138913	2;0;0;0;0;0;0;4;1;3	0	0	1.35654111696266	rnoCirc_012313	
chr17	44017767	44021124	+	mmuCirc_004110	Rcan2	CTO:ANNOTATED:CDS	2	346	NM_207649:NM_001286653:NM_001286654:NM_030598	0	0	0	0	0.018226776348359	0.0327511113680254	0	0.0989465849724082	0.0795551751934235	0.0286723100463043	0;0;0;0;1;1;0;3;2;1	0	0	1.65886436359812	rnoCirc_012312	hsaCirc_013238
chr17	44045646	44049095	+	mmuCirc_004111		NTO	1	3450		0	0	0	0.0192294131873431	0	0.0982533341040761	0.0292867224602159	0.0659643899816055	0	0	0;0;0;1;0;3;1;2;0;0	0	0	1.24920285133679		
chr17	44991734	45003229	+	mmuCirc_004112	Supt3	CTO:ANNOTATED:CDS	3	318	NM_178652	0.0179914506425692	0.0170667097749	0	0	0	0.163755556840127	0.117146889840864	0.131928779963211	0.318220700773694	0.0573446200926087	1;1;0;0;0;5;4;4;8;2	0	0	2.62361687940244	rnoCirc_012309	hsaCirc_013236
chr17	45033238	45048392	+	mmuCirc_004113	Supt3	CTO:ANNOTATED:CDS	5	579	NM_178652	0	0.0341334195498	0	0.0192294131873431	0.0364535526967181	0.0327511113680254	0.0585734449204318	0.197893169944816	0.318220700773694	0.086016930138913	0;2;0;1;2;1;2;6;8;3	0	0	1.87987770845826	rnoCirc_012308	
chr17	45562002	45562400	+	mmuCirc_004114	Nfkbie	CTO:ALT_DONOR:CDS:3UTR	1	399	NM_008690	0	0	0	0	0	0	0.0292867224602159	0	0.119332762790135	0	0;0;0;0;0;0;1;0;3;0	0	0	2.05083083733911		
chr17	46238373	46238987	+	mmuCirc_004115	Xpo5	CTO:ANNOTATED:CDS	2	145	NM_028198	0.0179914506425692	0	0.0370238421510704	0.0576882395620293	0	0.196506668208152	0.0292867224602159	0.0659643899816055	0.198887937983559	0.086016930138913	1;0;2;3;0;6;1;2;5;3	0	0	1.66093696148787		
chr17	46264883	46282439	-	mmuCirc_004116	Tjap1	CTO:ANNOTATED:5UTR	3	320	NM_001252473:NM_001252474:NM_001252475:NM_028751	0	0	0	0	0.018226776348359	0	0	0	0.0397775875967117	0.114689240185217	0;0;0;0;1;0;0;0;1;4	0	0	1.69829191593318		
chr17	46543180	46543783	-	mmuCirc_004117	Cul9	CTO:ANNOTATED:CDS:5UTR	1	604	NM_001081335	0	0	0	0.0192294131873431	0	0.0327511113680254	0.0878601673806477	0.0989465849724082	0.318220700773694	0.172033860277826	0;0;0;1;0;1;3;3;8;6	0	0	2.55475596428711		
chr17	46677105	46677318	-	mmuCirc_004118	Klhdc3	CTO:ANNOTATED:CDS	1	214	NM_001163729:NM_027910	0.0179914506425692	0	0	0	0.018226776348359	0.0982533341040761	0.117146889840864	0.0659643899816055	0.0795551751934235	0.0573446200926087	1;0;0;0;1;3;4;2;2;2	0	0	1.97034740607455		
chr17	46961499	46976090	-	mmuCirc_004119	Ubr2	CTO:ANNOTATED:CDS	14	1488	NM_001177374:NM_146078	0	0	0	0	0	0.0327511113680254	0.0292867224602159	0.131928779963211	0.0795551751934235	0.0286723100463043	0;0;0;0;0;1;1;4;2;1	0	0	1.84486427561857		
chr17	47578709	47580516	+	mmuCirc_004120	Ccnd3	CTO:ALT_DONOR:5UTR	1	1808	NM_001081635:NM_001081636	0	0.0170667097749	0	0	0.018226776348359	0.0982533341040761	0.0585734449204318	0.0659643899816055	0.0397775875967117	0	0;1;0;0;1;3;2;2;1;0	0	0	1.27929740038187		
chr17	50002632	50055627	-	mmuCirc_004121	Rftn1	CTO:ANNOTATED:CDS	5	897	NM_181397	0	0	0.0185119210755352	0	0.0729071053934362	0.0982533341040761	0.0292867224602159	0.0659643899816055	0.357998288370406	0.143361550231522	0;0;1;0;4;3;1;2;9;5	0	0	2.01559149751495		
chr17	50036941	50047500	-	mmuCirc_004122	Rftn1	CTO:ANNOTATED:CDS	2	320	NM_181397	0	0.0170667097749	0	0.0576882395620293	0	0.0655022227360508	0.117146889840864	0.197893169944816	0.318220700773694	0.0286723100463043	0;1;0;3;0;2;4;6;8;1	0	0	2.16686700414035	rnoCirc_012285	
chr17	50036941	50055627	-	mmuCirc_004123	Rftn1	CTO:ANNOTATED:CDS	3	711	NM_181397	0.179914506425692	0.2218672270737	0.129583447528746	0.326900024184833	0.145814210786872	1.86681334797745	1.1128954534882	2.83646876920904	5.29041915036266	1.43361550231522	10;13;7;17;8;57;38;86;133;50	1	1	3.35793490519574		
chr17	50047297	50055627	-	mmuCirc_004124	Rftn1	CTO:ANNOTATED:CDS	2	595	NM_181397	0.21589740771083	0.0512001293247	0.0740476843021408	0.346129437372176	0.291628421573745	1.31004445472102	1.02503528610756	1.35226999462291	3.42087253331721	1.54830474250043	12;3;4;18;16;40;35;41;86;54	1	1	3.16029101567268		
chr17	50541177	50544087	+	mmuCirc_004125	Plcl2	INTRONIC	1	2911	NM_013880	0	0	0	0	0.018226776348359	0	0	0.131928779963211	0.397775875967117	0.114689240185217	0;0;0;0;1;0;0;4;10;4	0	0	3.04231990651426		
chr17	50541177	50546483	+	mmuCirc_004126	Plcl2	INTRONIC	1	5307	NM_013880	0	0	0	0.0576882395620293	0	0.0327511113680254	0.175720334761295	0.296839754917225	0.357998288370406	0.143361550231522	0;0;0;3;0;1;6;9;9;5	0	0	2.7976425668125		
chr17	50606295	50611195	+	mmuCirc_004127	Plcl2	CTO:ANNOTATED:CDS	2	2691	NM_013880	0	0.0170667097749	0	0	0.0729071053934362	0	0	0.131928779963211	0.278443113176982	0.086016930138913	0;1;0;0;4;0;0;4;7;3	0	0	1.53125427724002	rnoCirc_012248	hsaCirc_010071
chr17	50756627	50800195	-	mmuCirc_004128	Tbc1d5	CTO:ANNOTATED:CDS	4	659	NM_001285993:NM_001285991:NM_028162	0.0179914506425692	0.0341334195498	0	0	0	0.229257779576178	0.117146889840864	0.164910974954014	0.198887937983559	0.114689240185217	1;2;0;0;0;7;4;5;5;4	0	0	2.69349290072263		
chr17	50782261	50800195	-	mmuCirc_004129	Tbc1d5	CTO:ANNOTATED:CDS	3	559	NM_001285993:NM_001285991:NM_028162	0.0359829012851383	0	0	0.0192294131873431	0.0364535526967181	0.196506668208152	0.0585734449204318	0.0659643899816055	0.318220700773694	0.086016930138913	2;0;0;1;2;6;2;2;8;3	0	0	2.00924999320159		
chr17	50852533	50874708	-	mmuCirc_004130	Tbc1d5	CTO:ANNOTATED:CDS	2	250	NM_001285993:NM_001285991:NM_028162	0	0	0.0185119210755352	0	0	0.0327511113680254	0.0292867224602159	0.131928779963211	0.159110350386847	0.0286723100463043	0;0;1;0;0;1;1;4;4;1	0	0	1.82525935574843	rnoCirc_012242	
chr17	50852533	50920603	-	mmuCirc_004131	Tbc1d5	CTO:ANNOTATED:CDS	6	633	NM_001285993:NM_001285991:NM_028162	0.0359829012851383	0.0170667097749	0	0.0384588263746862	0.018226776348359	0.163755556840127	0.0292867224602159	0.0989465849724082	0.119332762790135	0.0573446200926087	2;1;0;2;1;5;1;3;3;2	0	0	1.39356116285872		
chr17	50874566	50920603	-	mmuCirc_004132	Tbc1d5	CTO:ANNOTATED:CDS	5	526	NM_001285993:NM_001285991:NM_028162	0.0359829012851383	0	0	0	0	0.0982533341040761	0	0	0.0397775875967117	0	2;0;0;0;0;3;0;0;1;0	0	0	1.32921368788584		
chr17	50917527	50920603	-	mmuCirc_004133	Tbc1d5	CTO:ANNOTATED:CDS	4	383	NM_001285993:NM_001285991:NM_028162	0.125940154497984	0.0170667097749	0.129583447528746	0.115376479124059	0.0911338817417952	1.01528445240879	0.966461841187124	1.64910974954014	1.86954661704545	0.888841611435435	7;1;7;6;5;31;33;50;47;31	0	1	3.57508467016382		
chr17	50917527	50935558	-	mmuCirc_004134	Tbc1d5	CTO:ANNOTATED:CDS	5	486	NM_001285993:NM_001285991:NM_028162	0.0359829012851383	0.0341334195498	0.0370238421510704	0.0961470659367156	0.0364535526967181	0.655022227360508	0.380727391982807	0.659643899816055	0.875106927127658	0.430084650694565	2;2;2;5;2;20;13;20;22;15	0	0	3.19924316911231	rnoCirc_012239	hsaCirc_010075
chr17	50917527	50984674	-	mmuCirc_004135	Tbc1d5	CTO:ANNOTATED:CDS	10	898	NM_001285993:NM_001285991:NM_028162	0	0	0	0	0	0.0327511113680254	0	0.0989465849724082	0	0	0;0;0;0;0;1;0;3;0;0	0	0	1.98572171782742		hsaCirc_010077
chr17	50935456	50984674	-	mmuCirc_004136	Tbc1d5	CTO:ANNOTATED:CDS	6	515	NM_001285993:NM_001285991:NM_028162	0	0	0	0	0	0	0	0	0.119332762790135	0	0;0;0;0;0;0;0;0;3;0	0	0	2.80046262890159		
chr17	50963693	50984674	-	mmuCirc_004137	Tbc1d5	CTO:ANNOTATED:CDS	5	412	NM_001285993:NM_001285991:NM_028162	0	0	0	0	0	0.0982533341040761	0.0585734449204318	0.197893169944816	0.0397775875967117	0.0573446200926087	0;0;0;0;0;3;2;6;1;2	0	0	2.30286109202191		hsaCirc_010079
chr17	51767892	51809287	-	mmuCirc_004138	Satb1	CTO:ANNOTATED:CDS:5UTR	8	1609	NM_001163630:NM_001163631:NM_009122:NM_001163632	0.0179914506425692	0	0.0185119210755352	0	0	0.131004445472102	0.0878601673806477	0.0329821949908028	0.159110350386847	0.258050790416739	1;0;1;0;0;4;3;1;4;9	0	0	2.36843809028056	rnoCirc_012250	
chr17	51803431	51809287	-	mmuCirc_004139	Satb1	CTO:ANNOTATED:CDS:5UTR	4	673	NM_001163630:NM_001163631:NM_009122:NM_001163632	0	0	0	0	0	0.0655022227360508	0	0.0659643899816055	0.159110350386847	0	0;0;0;0;0;2;0;2;4;0	0	0	2.45415929642155	rnoCirc_012249	
chr17	53610864	53632718	+	mmuCirc_004140	Kat2b	CTO:ANNOTATED:CDS	4	548	NM_020005:NM_001190846	0	0	0	0	0	0.229257779576178	0	0	0	0	0;0;0;0;0;7;0;0;0;0	0	0	3.63956662811994		
chr17	53610864	53638543	+	mmuCirc_004141	Kat2b	CTO:ANNOTATED:CDS	5	740	NM_020005:NM_001190846	0	0	0	0	0	0	0.117146889840864	0	0	0.0573446200926087	0;0;0;0;0;0;4;0;0;2	0	0	2.36447547267663		
chr17	53610864	53641299	+	mmuCirc_004142	Kat2b	CTO:ANNOTATED:CDS	6	847	NM_020005:NM_001190846	0	0	0	0	0	0	0.0292867224602159	0.131928779963211	0	0	0;0;0;0;0;0;1;4;0;0	0	0	2.11326116350514		hsaCirc_010091