chr10	116517317	116549105	-	mmuCirc_001128	Cnot2	CTO:ANNOTATED:CDS:5UTR	3	263	NM_001037846:NM_001037847:NM_028082:NR_024327:NM_001037848	0	0.0512001293247	0.0555357632266056	0.0384588263746862	0.0546803290450771	0.491266670520381	0.468587559363454	0.72560828979766	1.07399486511122	0.544773890879783	0;3;3;2;3;15;16;22;27;19	0	0	3.58055401267349	rnoCirc_011027	
chr10	116517317	116549175	-	mmuCirc_001129	Cnot2	CTO:ANNOTATED:CDS:5UTR	3	333	NM_001037846:NM_001037847:NM_028082:NR_024327:NM_001037848	0.0719658025702766	0.0853335488745	0.0740476843021408	0.173064718686088	0.0911338817417952	0.982533341040762	0.673594616584965	1.1543768246781	2.50598801859284	0.888841611435435	4;5;4;9;5;30;23;35;63;31	1	1	3.30986345741418	rnoCirc_011028	hsaCirc_003828
chr10	116527827	116549105	-	mmuCirc_001130	Cnot2	CTO:ANNOTATED:CDS:5UTR	2	196	NM_001037846:NM_001037847:NM_028082:NR_024327:NM_001037848	0	0.0170667097749	0	0	0.018226776348359	0.229257779576178	0.175720334761295	0.230875364935619	0.159110350386847	0.086016930138913	0;1;0;0;1;7;6;7;4;3	0	0	2.86469585020368	rnoCirc_011029	
chr10	116527827	116549175	-	mmuCirc_001131	Cnot2	CTO:ANNOTATED:CDS:5UTR	2	266	NM_001037846:NM_001037847:NM_028082:NR_024327:NM_001037848	0.0359829012851383	0	0	0.0192294131873431	0.0364535526967181	0.360262225048279	0.205007057221511	0.428768534880436	0.994439689917794	0.086016930138913	2;0;0;1;2;11;7;13;25;3	0	0	3.26909927188566	rnoCirc_011030	hsaCirc_003827
chr10	116910125	116928284	-	mmuCirc_001132	Rab3ip	CTO:ALT_ACCEPTOR:CDS	6	9327	NM_001003950	0.0179914506425692	0	0	0.0192294131873431	0	0	0.0878601673806477	0	0.0397775875967117	0.0286723100463043	1;0;0;1;0;0;3;0;1;1	0	0	0.849046410547422		
chr10	116914097	116919651	-	mmuCirc_001133	Rab3ip	CTO:ANNOTATED:CDS	4	524	NM_001003950	0	0	0	0	0	0	0	0.0989465849724082	0	0.0286723100463043	0;0;0;0;0;0;0;3;0;1	0	0	1.92767159744432		hsaCirc_003825
chr10	116914097	116928284	-	mmuCirc_001134	Rab3ip	CTO:ALT_ACCEPTOR:CDS	4	9157	NM_001003950	0	0.0341334195498	0.0185119210755352	0	0	0.0327511113680254	0	0.0659643899816055	0.0397775875967117	0.114689240185217	0;2;1;0;0;1;0;2;1;4	0	0	1.09045668176877		
chr10	116937397	116939481	-	mmuCirc_001135	Rab3ip	CTO:ANNOTATED:CDS:5UTR	2	540	NM_001003950	0	0.0341334195498	0.0185119210755352	0.0192294131873431	0	0.0655022227360508	0	0.197893169944816	0.318220700773694	0.0286723100463043	0;2;1;1;0;2;0;6;8;1	0	0	1.51014898609618	rnoCirc_011031	
chr10	116953785	116964118	-	mmuCirc_001136	4933412E12Rik	AS:ITO:ncRNA	1	10334	NR_038025:NR_038026	0	0	0	0	0	0.0327511113680254	0.0292867224602159	0	0.159110350386847	0	0;0;0;0;0;1;1;0;4;0	0	0	1.95439244652207		
chr10	116993064	117009041	+	mmuCirc_001137	Best3	CTO:ANNOTATED:CDS	6	853	NM_001007583	0	0	0	0	0	0.0655022227360508	0	0.0989465849724082	0.0397775875967117	0	0;0;0;0;0;2;0;3;1;0	0	0	2.08260284935597		
chr10	117056040	117058198	-	mmuCirc_001138	Cct2	CTO:ANNOTATED:CDS	4	453	NM_007636	0	0	0	0	0	0	0	0	0.119332762790135	0	0;0;0;0;0;0;0;0;3;0	0	0	2.80046262890159	rnoCirc_011032	
chr10	117099943	117102198	-	mmuCirc_001139	Frs2	CTO:ANNOTATED:5UTR	3	154	NM_177798	0.0179914506425692	0	0	0.0576882395620293	0	0.131004445472102	0.0585734449204318	0.164910974954014	0.159110350386847	0.0573446200926087	1;0;0;3;0;4;2;5;4;2	0	0	2.06600532212372		
chr10	117280641	117289197	-	mmuCirc_001140	Lyz2:Lyz1	ITO:ANNOTATED	1	8557	NM_017372:NM_013590	2.48282018867454	1.6896042677151	3.48024116220062	2.82672373853944	3.49954105888494	1.44104890019312	1.05432200856777	2.14384267440218	1.43199315348162	2.23644018361174	138;99;188;147;192;44;36;65;36;78	1	1	-0.750650291319547		
chr10	117282107	117291193	-	mmuCirc_001141	Lyz2:Lyz1	ITO:ANNOTATED	1	9087	NM_017372:NM_013590	3.05854660923676	2.5258730466852	4.99821869039451	2.80749432535209	5.06704382484381	2.4563333526019	1.72791662515274	3.36418388906188	1.82976902944874	3.46934951560283	170;148;270;146;278;75;59;102;46;121	1	1	-0.516196752077691		
chr10	117355935	117360555	-	mmuCirc_001142	Cpsf6	CTO:ANNOTATED:CDS:3UTR	3	460	NM_001013391	0	0	0	0	0	0	0.117146889840864	0.0329821949908028	0	0.0286723100463043	0;0;0;0;0;0;4;1;0;1	0	0	1.8220862876745	rnoCirc_011035	
chr10	117355935	117367988	-	mmuCirc_001143	Cpsf6	CTO:ANNOTATED:CDS:3UTR	8	1599	NM_001013391	0.0179914506425692	0	0.0185119210755352	0.0192294131873431	0.0729071053934362	0.262008890944203	0.205007057221511	0.230875364935619	0.318220700773694	0.20070617032413	1;0;1;1;4;8;7;7;8;7	0	0	2.68874190571447	rnoCirc_011036	hsaCirc_003819
chr10	117360995	117361105	+	mmuCirc_001144	Cpsf6	AS:CTO	1	111	NM_001013391	0	0	0	0.0192294131873431	0	0.0327511113680254	0	0	0	0.114689240185217	0;0;0;1;0;1;0;0;0;4	0	0	1.05960947761249	rnoCirc_011037	
chr10	117366081	117367988	-	mmuCirc_001145	Cpsf6	CTO:ANNOTATED:CDS	2	314	NM_001013391	0.0179914506425692	0.0512001293247	0	0.0192294131873431	0.0729071053934362	0.163755556840127	0.0292867224602159	0.329821949908027	0.397775875967117	0.114689240185217	1;3;0;1;4;5;1;10;10;4	0	0	1.96408091162406	rnoCirc_011038	
chr10	117692582	117695068	-	mmuCirc_001146	Mdm2	CTO:ANNOTATED:CDS	2	320	NM_001288586:NM_010786	0.0359829012851383	0	0.0185119210755352	0	0.018226776348359	0.0655022227360508	0.117146889840864	0.0989465849724082	0.119332762790135	0.114689240185217	2;0;1;0;1;2;4;3;3;4	0	0	1.92660086213424		
chr10	117692582	117705229	-	mmuCirc_001147	Mdm2	CTO:ANNOTATED:CDS:5UTR	7	735	NM_001288586:NM_010786	0.0359829012851383	0	0	0.0192294131873431	0	0.0982533341040761	0	0.0659643899816055	0.198887937983559	0	2;0;0;1;0;3;0;2;5;0	0	0	1.88758221812747		
chr10	117696381	117705229	-	mmuCirc_001148	Mdm2	CTO:ANNOTATED:CDS:5UTR	4	318	NM_001288586:NM_010786	0	0	0	0	0.0546803290450771	0.0327511113680254	0	0.0329821949908028	0.0397775875967117	0	0;0;0;0;3;1;0;1;1;0	0	0	0.620896373835983		
chr10	117701565	117705229	-	mmuCirc_001149	Mdm2	CTO:ANNOTATED:CDS:5UTR	3	259	NM_001288586:NM_010786	0	0	0	0.0384588263746862	0	0.0982533341040761	0.146433612301079	0.0989465849724082	0.159110350386847	0.0286723100463043	0;0;0;2;0;3;5;3;4;1	0	0	2.21827660162321	rnoCirc_011040	
chr10	117777129	117777664	-	mmuCirc_001150	Nup107	CTO:ANNOTATED:CDS	2	161	NM_134010	0	0	0	0	0	0.196506668208152	0.0878601673806477	0.0329821949908028	0.23866552558027	0.086016930138913	0;0;0;0;0;6;3;1;6;3	0	0	2.67443521786188	rnoCirc_011043	
chr10	117784995	117787911	-	mmuCirc_001151	Nup107	CTO:ANNOTATED:CDS	2	264	NM_134010	0.0359829012851383	0	0	0	0	0.163755556840127	0.0585734449204318	0.164910974954014	0.357998288370406	0.0286723100463043	2;0;0;0;0;5;2;5;9;1	0	0	2.48418790530845		
chr10	117817344	117818609	-	mmuCirc_001152	Rap1b	CTO:ANNOTATED:CDS:3UTR	2	261	NM_024457	0.0539743519277075	0	0	0.0961470659367156	0.0729071053934362	0.42576444778433	0.205007057221511	0.527715119852844	1.03421727751451	0.430084650694565	3;0;0;5;4;13;7;16;26;15	0	1	3.26338395994392		
chr10	117820462	117822869	-	mmuCirc_001153	Rap1b	CTO:ANNOTATED:CDS	3	267	NM_024457	0.0899572532128458	0	0.0185119210755352	0.0576882395620293	0.018226776348359	0.163755556840127	0.234293779681727	0.230875364935619	0.596663813950676	0.229378480370435	5;0;1;3;1;5;8;7;15;8	0	0	2.56145215610033		
chr10	120176231	120178799	-	mmuCirc_001154	Irak3	CTO:ANNOTATED:CDS	3	311	NM_028679	0	0	0	0	0	0	0	0	0.119332762790135	0	0;0;0;0;0;0;0;0;3;0	0	0	2.80046262890159	rnoCirc_011072	
chr10	120176231	120182708	-	mmuCirc_001155	Irak3	CTO:ANNOTATED:CDS	4	494	NM_028679	0	0	0.0185119210755352	0.0384588263746862	0.018226776348359	0.0982533341040761	0.175720334761295	0.0989465849724082	0.278443113176982	0.086016930138913	0;0;1;2;1;3;6;3;7;3	0	0	2.26101399530981	rnoCirc_011073	hsaCirc_003804
chr10	120791402	120852092	-	mmuCirc_001156	Msrb3	CTO:ANNOTATED:CDS	4	314	NM_177092	0	0	0	0	0	0	0.0878601673806477	0.0659643899816055	0.0397775875967117	0	0;0;0;0;0;0;3;2;1;0	0	0	2.03814470279794	rnoCirc_011045	
chr10	120821384	120852092	-	mmuCirc_001157	Msrb3	CTO:ALT_DONOR:CDS	3	3940	NM_177092	0	0	0	0	0	0.0655022227360508	0.0292867224602159	0.0329821949908028	0.23866552558027	0.086016930138913	0;0;0;0;0;2;1;1;6;3	0	0	2.180381446666		
chr10	120825108	120852092	-	mmuCirc_001158	Msrb3	CTO:ANNOTATED:CDS	3	216	NM_177092	0.21589740771083	0.0682668390996	0.203631131830887	0.288441197810147	0.200494539831949	2.55458668670598	2.16721746205598	2.70453998924583	4.61420016121856	1.54830474250043	12;4;11;15;11;78;74;82;116;54	1	1	3.6851308964624	rnoCirc_011046	hsaCirc_003800
chr10	120925767	120933709	-	mmuCirc_001159	Lemd3	CTO:ANNOTATED:CDS	8	877	NM_001081193	0	0	0	0	0	0.0327511113680254	0.0292867224602159	0.197893169944816	0	0.114689240185217	0;0;0;0;0;1;1;6;0;4	0	0	2.22437807578669	rnoCirc_011053	
chr10	120947204	120952255	-	mmuCirc_001160	Lemd3	CTO:ANNOTATED:CDS	3	173	NM_001081193	0	0	0	0.0576882395620293	0	0.229257779576178	0.234293779681727	0.263857559926422	0.278443113176982	0.0573446200926087	0;0;0;3;0;7;8;8;7;2	0	0	3.00561498756196	rnoCirc_011058	hsaCirc_003797
chr10	121371144	121376734	+	mmuCirc_001161	Gns	CTO:ANNOTATED:CDS	4	432	NM_029364	0	0.0170667097749	0	0.0384588263746862	0	0	0.0878601673806477	0.0329821949908028	0.198887937983559	0.0286723100463043	0;1;0;2;0;0;3;1;5;1	0	0	1.53356868996312		
chr10	121552200	121553068	-	mmuCirc_001162	Tbk1	CTO:ANNOTATED:CDS	3	239	NM_019786	0	0	0	0	0	0.0327511113680254	0.0878601673806477	0.131928779963211	0.0397775875967117	0.0573446200926087	0;0;0;0;0;1;3;4;1;2	0	0	2.05730413280342		
chr10	121568029	121570791	-	mmuCirc_001163	Tbk1	CTO:ANNOTATED:CDS	2	272	NM_019786	0	0.0170667097749	0	0.0384588263746862	0	0	0.0292867224602159	0.0659643899816055	0.0795551751934235	0.143361550231522	0;1;0;2;0;0;1;2;2;5	0	0	1.57822153748863		
chr10	121571843	121578720	-	mmuCirc_001164	Tbk1	CTO:ANNOTATED:CDS	3	453	NM_019786	0	0	0	0	0	0	0	0	0.119332762790135	0	0;0;0;0;0;0;0;0;3;0	0	0	2.80046262890159		
chr10	121925816	121931509	-	mmuCirc_001165	Srgap1	CTO:ANNOTATED:CDS	2	359	NM_001081037:NM_001242411	0.0719658025702766	0.0170667097749	0.0370238421510704	0.134605892311402	0.127587434438513	0.720524450096558	0.673594616584965	0.95648365473328	2.22754490541586	0.602118510972391	4;1;2;7;7;22;23;29;56;21	0	1	3.45410714329458	rnoCirc_011064	
chr10	123130941	123163654	-	mmuCirc_001166	Usp15	CTO:ANNOTATED:CDS	6	852	NM_001301628:NM_027604	0	0	0	0	0	0	0	0.0329821949908028	0.119332762790135	0.0286723100463043	0;0;0;0;0;0;0;1;3;1	0	0	1.82969049710276		
chr10	123146794	123153127	-	mmuCirc_001167	Usp15	CTO:ANNOTATED:CDS	2	232	NM_001301628:NM_027604	0	0	0	0.0192294131873431	0	0	0	0.0659643899816055	0.198887937983559	0.086016930138913	0;0;0;1;0;0;0;2;5;3	0	0	2.3300489070021	rnoCirc_011075	hsaCirc_003784
chr10	123146794	123181800	-	mmuCirc_001168	Usp15	CTO:ANNOTATED:CDS	7	826	NM_001301628:NM_027604	0	0	0	0	0.018226776348359	0.0982533341040761	0.0585734449204318	0.0659643899816055	0	0.086016930138913	0;0;0;0;1;3;2;2;0;3	0	0	2.02830728792754		
chr10	123163593	123181800	-	mmuCirc_001169	Usp15	CTO:ANNOTATED:CDS	5	594	NM_001301628:NM_027604	0	0	0	0	0	0.0655022227360508	0	0.0659643899816055	0.0795551751934235	0.143361550231522	0;0;0;0;0;2;0;2;2;5	0	0	2.38629848877964		
chr10	123168227	123181800	-	mmuCirc_001170	Usp15	CTO:ANNOTATED:CDS	4	532	NM_001301628:NM_027604	0.0179914506425692	0	0.0185119210755352	0	0	0.0327511113680254	0.0292867224602159	0	0.0795551751934235	0.114689240185217	1;0;1;0;0;1;1;0;2;4	0	0	1.17929593140438		
chr10	125339139	125377578	-	mmuCirc_001171		NTO	1	38440		0	0.0170667097749	0	0	0	0.0655022227360508	0.117146889840864	0	0.0795551751934235	0.0286723100463043	0;1;0;0;0;2;4;0;2;1	0	0	1.89552135692777		
chr10	125972121	125972467	+	mmuCirc_001172	Lrig3	CTO:ANNOTATED:CDS	2	147	NM_177152	0	0	0.0185119210755352	0	0	0	0	0.0989465849724082	0.0397775875967117	0	0;0;1;0;0;0;0;3;1;0	0	0	1.60327076630042		
chr10	127067440	127067545	+	mmuCirc_001173	Tspan31	AS:CTO	1	106	NM_025982	0	0	0.092559605377676	0.0576882395620293	0.0546803290450771	0	0	0	0	0.0286723100463043	0;0;5;3;3;0;0;0;0;1	0	1	-1.68931350888458		
chr10	127176572	127177169	-	mmuCirc_001174	Slc26a10	CTO:ANNOTATED:CDS	3	345	NM_177615	0.0539743519277075	0.0682668390996	0.0185119210755352	0	0.0364535526967181	0.556768893256432	0.234293779681727	0.428768534880436	0.556886226353964	0.315395410509348	3;4;1;0;2;17;8;13;14;11	0	0	3.09059702893506		
chr10	127274714	127278408	+	mmuCirc_001175	Dctn2	CTO:ANNOTATED:CDS	11	1017	NM_001190453:NM_001190454:NM_027151	0	0	0.0185119210755352	0	0	0.294760002312228	0.0878601673806477	0.395786339889633	0.318220700773694	0	0;0;1;0;0;9;3;12;8;0	0	0	3.47990725366485		
chr10	127275824	127278408	+	mmuCirc_001176	Dctn2	CTO:ANNOTATED:CDS	9	858	NM_001190453:NM_001190454:NM_027151	0	0	0	0.0192294131873431	0	0.0327511113680254	0.0878601673806477	0.0329821949908028	0.119332762790135	0.0286723100463043	0;0;0;1;0;1;3;1;3;1	0	0	1.6694854995963		
chr10	127281401	127282947	+	mmuCirc_001177	Dctn2	ITO:ALT_DONOR:CDS:3UTR	1	1547	NM_001190453:NM_001190454:NM_027151	0	0	0	0	0	0.0655022227360508	0	0	0.119332762790135	0.0286723100463043	0;0;0;0;0;2;0;0;3;1	0	0	2.05984193410366		
chr10	127285357	127285531	-	mmuCirc_001178	Mbd6	INTRONIC	1	175	NM_033072	0	0	0	0	0	0.327511113680254	0.0585734449204318	0.263857559926422	0.198887937983559	0	0;0;0;0;0;10;2;8;5;0	0	0	3.3430612092392		
chr10	127390311	127400193	+	mmuCirc_001179	R3hdm2	CTO:ANNOTATED:5UTR	2	185	NM_001168292	0	0	0	0	0.018226776348359	0	0.117146889840864	0.0659643899816055	0.0795551751934235	0.086016930138913	0;0;0;0;1;0;4;2;2;3	0	0	2.16713117413274	rnoCirc_011090	
chr10	127646891	127648189	+	mmuCirc_001180	Stat6	CTO:ANNOTATED:CDS:5UTR	3	360	NM_009284	0.0179914506425692	0	0	0	0	0.0655022227360508	0.0292867224602159	0.0989465849724082	0.119332762790135	0.0286723100463043	1;0;0;0;0;2;1;3;3;1	0	0	1.82545839892916		
chr10	128084304	128084452	+	mmuCirc_001181	Atp5b	CTO:ALT_DONOR:ALT_ACCEPTOR:CDS	1	149	NM_016774	0.0179914506425692	0.0170667097749	0.0555357632266056	0	0	0	0	0	0	0	1;1;3;0;0;0;0;0;0;0	0	0	-1.24431957530924	rnoCirc_010857	
chr10	128085091	128086420	+	mmuCirc_001182	Atp5b	CTO:ANNOTATED:CDS	4	589	NM_016774	0.0179914506425692	0	0	0	0	0	0	0.0659643899816055	0.198887937983559	0.0573446200926087	1;0;0;0;0;0;0;2;5;2	0	0	1.6453714636679		
chr10	128089018	128089158	+	mmuCirc_001183	Atp5b	CTO:ALT_ACCEPTOR:CDS	1	141	NM_016774	0.125940154497984	0.0682668390996	0.092559605377676	0.0384588263746862	0	0.0327511113680254	0.0292867224602159	0	0	0.0286723100463043	7;4;5;2;0;1;1;0;0;1	1	0	-1.01314257380301		
chr10	128242310	128242718	+	mmuCirc_001184	Timeless	CTO:ANNOTATED:CDS	2	222	NM_001136082:NM_001164080:NM_001164081:NM_011589	0.0179914506425692	0	0	0	0	0	0.0585734449204318	0.0329821949908028	0.159110350386847	0.114689240185217	1;0;0;0;0;0;2;1;4;4	0	0	1.67364282639647		
chr10	128277644	128278817	+	mmuCirc_001185	Stat2	CTO:ANNOTATED:CDS	4	404	NM_019963	0.0359829012851383	0	0.0185119210755352	0.0384588263746862	0.018226776348359	0.0982533341040761	0.0292867224602159	0.164910974954014	0.278443113176982	0.086016930138913	2;0;1;2;1;3;1;5;7;3	0	0	1.69341560389956		
chr10	128337795	128337897	+	mmuCirc_001186	Cs	ITO:ALT_DONOR:ALT_ACCEPTOR:5UTR	1	103	NM_026444	0	0	0.0370238421510704	0.0192294131873431	0.0729071053934362	0	0	0.0659643899816055	0.0397775875967117	0.0573446200926087	0;0;2;1;4;0;0;2;1;2	0	0	0.311784947019616		
chr10	128358334	128358533	+	mmuCirc_001187	Cs	CTO:ANNOTATED:CDS	1	200	NM_026444	0	0	0.0185119210755352	0.0384588263746862	0	0.163755556840127	0.0585734449204318	0.164910974954014	0.23866552558027	0.086016930138913	0;0;1;2;0;5;2;5;6;3	0	0	2.39780588592713		
chr10	128361461	128361725	+	mmuCirc_001188	Cs	CTO:ALT_DONOR:ALT_ACCEPTOR:3UTR	1	265	NM_026444	0	0	0	0	0	0	0	0.131928779963211	0	0	0;0;0;0;0;0;0;4;0;0	0	0	2.92532328123365		
chr10	128362210	128362329	-	mmuCirc_001189	Cs	AS:CTO	1	120	NM_026444	0.0359829012851383	0.1024002586494	0.0185119210755352	0	0	0	0	0	0	0	2;6;1;0;0;0;0;0;0;0	0	0	-1.68127534922041		
chr10	128468795	128469789	+	mmuCirc_001190	Smarcc2	CTO:ANNOTATED:CDS	4	449	NM_001114096:NM_001114097:NM_198160	0.0359829012851383	0	0.0185119210755352	0	0.018226776348359	0.163755556840127	0	0.0329821949908028	0.119332762790135	0.0286723100463043	2;0;1;0;1;5;0;1;3;1	0	0	1.33097814376332	rnoCirc_010869	
chr10	128766181	128766331	-	mmuCirc_001191	Wibg	AS:CTO	1	151	NM_001253705:NM_030100:NM_001170869:NM_001253704	0.0179914506425692	0	0.0185119210755352	0	0	0	0	0	0	0.086016930138913	1;0;1;0;0;0;0;0;0;3	0	0	0.178414291891799		
chr10	128814038	128814685	+	mmuCirc_001192	Dnajc14	CTO:ANNOTATED:CDS	2	227	NM_028873	0	0	0	0.0576882395620293	0	0.0327511113680254	0.0292867224602159	0	0.0795551751934235	0	0;0;0;3;0;1;1;0;2;0	0	0	1.01940020948271	rnoCirc_010875	
chr11	3140137	3146292	-	mmuCirc_001193	Sfi1	CTO:ANNOTATED:CDS	8	841	NM_030207	0	0	0.0370238421510704	0	0	0.229257779576178	0	0	0.159110350386847	0.172033860277826	0;0;2;0;0;7;0;0;4;6	0	0	2.1385167488026		
chr11	3140137	3153498	-	mmuCirc_001194	Sfi1	CTO:ANNOTATED:CDS	9	908	NM_030207	0.0359829012851383	0	0	0	0.0364535526967181	0.0655022227360508	0.0878601673806477	0.197893169944816	0.159110350386847	0	2;0;0;0;2;2;3;6;4;0	0	0	1.63066548833777		