chr18	20700739	20706529	-	mmuCirc_004411	B4galt6	CTO:ANNOTATED:CDS	2	242	NM_019737	0	0	0	0	0	0	0	0	0.159110350386847	0.0286723100463043	0;0;0;0;0;0;0;0;4;1	0	0	2.22293902651168		
chr18	20820878	20825068	-	mmuCirc_004412	Trappc8	CTO:ANNOTATED:CDS	2	248	NM_177038	0	0	0	0.0192294131873431	0	0.0327511113680254	0.0878601673806477	0.0659643899816055	0.119332762790135	0	0;0;0;1;0;1;3;2;3;0	0	0	1.94063944874222		
chr18	21008725	21020999	+	mmuCirc_004413	Rnf138	CTO:ANNOTATED:CDS	4	451	NM_019706:NM_207623	0.0179914506425692	0	0.0185119210755352	0	0.018226776348359	0	0.0878601673806477	0.527715119852844	0.517108638757253	0.315395410509348	1;0;1;0;1;0;3;16;13;11	0	0	2.64316274076072		hsaCirc_007143
chr18	21010677	21020999	+	mmuCirc_004414	Rnf138	CTO:ANNOTATED:CDS	3	285	NM_019706:NM_207623	0.0359829012851383	0.0170667097749	0	0	0.018226776348359	0.0982533341040761	0.117146889840864	0.197893169944816	0.0795551751934235	0.0286723100463043	2;1;0;0;1;3;4;6;2;1	0	0	1.81518234564314		
chr18	21147732	21148904	-	mmuCirc_004415	Garem	CTO:ANNOTATED:CDS	1	1173	NM_001033445	0.0359829012851383	0.0170667097749	0.0185119210755352	0.0384588263746862	0	0.0655022227360508	0.117146889840864	0.197893169944816	0.198887937983559	0.0573446200926087	2;1;1;2;0;2;4;6;5;2	0	0	1.77094924372663	rnoCirc_005386	
chr18	22375133	22392852	+	mmuCirc_004416	Asxl3	CTO:ALT_DONOR:5UTR	2	292	NM_001167777	0	0	0	0	0	0.0327511113680254	0.0585734449204318	0	0.198887937983559	0.0286723100463043	0;0;0;0;0;1;2;0;5;1	0	0	2.02711627556269		hsaCirc_007144
chr18	22375133	22434675	+	mmuCirc_004417	Asxl3	CTO:ANNOTATED:CDS:5UTR	5	635	NM_001167777	0.0539743519277075	0	0	0.0576882395620293	0.018226776348359	0.0655022227360508	0.175720334761295	0.0989465849724082	0.23866552558027	0.086016930138913	3;0;0;3;1;2;6;3;6;3	0	0	1.85577187092411	rnoCirc_005375	
chr18	22392644	22411609	+	mmuCirc_004418	Asxl3	CTO:ANNOTATED:CDS:5UTR	3	430	NM_001167777	0	0	0	0	0	0	0	0.131928779963211	0.0397775875967117	0.0286723100463043	0;0;0;0;0;0;0;4;1;1	0	0	1.9293430686156	rnoCirc_005378	hsaCirc_007149
chr18	22392655	22411609	+	mmuCirc_004419	Asxl3	CTO:ALT_ACCEPTOR:CDS:5UTR	3	419	NM_001167777	0	0	0	0	0	0	0	0	0.119332762790135	0.0573446200926087	0;0;0;0;0;0;0;0;3;2	0	0	2.37588178681901		
chr18	23475116	23545766	+	mmuCirc_004420	Dtna	CTO:ANNOTATED:CDS:5UTR	4	498	NM_001285813:NM_010087:NM_001285811:NM_001285807:NM_207650	0	0	0	0	0	0	0	0	0.119332762790135	0	0;0;0;0;0;0;0;0;3;0	0	0	2.80046262890159		hsaCirc_007153
chr18	23535162	23545766	+	mmuCirc_004421	Dtna	CTO:ANNOTATED:CDS:5UTR	2	149	NM_001285813:NM_010087:NM_001285811:NM_001285807:NM_207650:NM_001285808:NM_001285810:NM_001285817	0.0179914506425692	0.0341334195498	0	0	0	0.196506668208152	0.0585734449204318	0	0.0397775875967117	0.0573446200926087	1;2;0;0;0;6;2;0;1;2	0	0	1.64477316628624		hsaCirc_007154
chr18	23583084	23597558	+	mmuCirc_004422	Dtna	CTO:ANNOTATED:CDS	5	639	NM_001285813:NM_010087:NM_001285811:NM_001285807:NM_207650:NM_001285808:NM_001285810:NM_001285817	0	0	0	0	0.018226776348359	0.0982533341040761	0.0585734449204318	0.131928779963211	0.159110350386847	0.0573446200926087	0;0;0;0;1;3;2;4;4;2	0	0	2.32853365139298	rnoCirc_005381	
chr18	23583084	23602674	+	mmuCirc_004423	Dtna	CTO:ANNOTATED:CDS	7	732	NM_001285813:NM_010087:NM_001285811:NM_001285807:NM_207650:NM_001285808:NM_001285810:NM_001285817	0.0359829012851383	0	0.0370238421510704	0.0384588263746862	0	0.196506668208152	0.205007057221511	0.692626094806858	0.755774164337523	0.229378480370435	2;0;2;2;0;6;7;21;19;8	0	0	3.29143376691034	rnoCirc_005382	
chr18	23583084	23611156	+	mmuCirc_004424	Dtna	CTO:ANNOTATED:CDS:3UTR	9	903	NM_001285813:NM_001285811:NM_001285807:NM_207650:NM_001285808:NM_001285810:NM_001285817	0	0	0	0.0384588263746862	0	0.0655022227360508	0.0292867224602159	0.0659643899816055	0.198887937983559	0.0573446200926087	0;0;0;2;0;2;1;2;5;2	0	0	1.87138015197657	rnoCirc_005383	
chr18	23583084	23631428	+	mmuCirc_004425	Dtna	CTO:ANNOTATED:CDS:3UTR	13	1300	NM_001285813:NM_001285811:NM_001285807:NM_207650:NM_001285808:NM_001285810:NM_001285817	0.0179914506425692	0.0170667097749	0.0555357632266056	0.0384588263746862	0	0.131004445472102	0.0585734449204318	0.395786339889633	0.159110350386847	0.143361550231522	1;1;3;2;0;4;2;12;4;5	0	0	2.03614503146623	rnoCirc_005384	
chr18	23621387	23631428	+	mmuCirc_004426	Dtna	CTO:ANNOTATED:CDS	4	397	NM_001285813:NM_001285811:NM_001285807:NM_207650:NM_001285808:NM_001285810:NM_001285817	0	0	0.0370238421510704	0	0	0.229257779576178	0.234293779681727	0.296839754917225	0.159110350386847	0.143361550231522	0;0;2;0;0;7;8;9;4;5	0	0	3.1949760939925	rnoCirc_005385	hsaCirc_007161
chr18	24232599	24238485	+	mmuCirc_004427	Galnt1	CTO:ANNOTATED:CDS:5UTR	2	299	NM_013814:NM_001160404	0.0539743519277075	0	0	0	0	0	0	0.0659643899816055	0.0397775875967117	0.114689240185217	3;0;0;0;0;0;0;2;1;4	0	0	1.13697034555078		
chr18	24506834	24509922	-	mmuCirc_004428	Rprd1a	CTO:ANNOTATED:CDS	5	638	NM_144861	0	0.0170667097749	0.0370238421510704	0.0192294131873431	0.018226776348359	0.0655022227360508	0.0585734449204318	0.131928779963211	0.0795551751934235	0.0573446200926087	0;1;2;1;1;2;2;4;2;2	0	0	1.39078313447061	rnoCirc_005405	hsaCirc_007170
chr18	24622079	24622667	+	mmuCirc_004429	Elp2	CTO:ANNOTATED:CDS	2	348	NM_021448	0.0179914506425692	0	0.0740476843021408	0	0	0.131004445472102	0.0292867224602159	0.0989465849724082	0.23866552558027	0	1;0;4;0;0;4;1;3;6;0	0	0	1.83097719258476		
chr18	24754219	24754325	+	mmuCirc_004430	Fhod3	CTO:ANNOTATED:CDS	1	107	NM_001289654:NM_001289655:NM_175276	0.0179914506425692	0	0.0555357632266056	0	0	0.0327511113680254	0.0292867224602159	0	0	0	1;0;3;0;0;1;1;0;0;0	0	0	-0.0474780436781616		
chr18	24754219	24770547	+	mmuCirc_004431	Fhod3	CTO:ANNOTATED:CDS	2	172	NM_001289654:NM_001289655:NM_175276	0.0359829012851383	0.0682668390996	0.0555357632266056	0.0769176527493725	0.0729071053934362	0.327511113680254	0.702881339045181	0.692626094806858	0.795551751934235	0.20070617032413	2;4;3;4;4;10;24;21;20;7	0	1	2.6453882175369	rnoCirc_005407	
chr18	24897637	24903998	+	mmuCirc_004432	Fhod3	CTO:ANNOTATED:CDS	2	174	NM_001289654:NM_001289655:NM_175276	0.143931605140553	0.1194669684243	0.111071526453211	0.115376479124059	0.200494539831949	1.21179112061694	0.556447726744102	1.41823438460452	1.59110350386847	0.372740030601957	8;7;6;6;11;37;19;43;40;13	1	1	2.56371250130314	rnoCirc_005410	hsaCirc_007174
chr18	24897637	24994559	+	mmuCirc_004433	Fhod3	CTO:ANNOTATED:CDS	6	620	NM_001289654:NM_001289655:NM_175276	0.0359829012851383	0	0	0	0	0.0982533341040761	0.0292867224602159	0.0659643899816055	0	0	2;0;0;0;0;3;1;2;0;0	0	0	1.49458696820344		
chr18	24969160	24994559	+	mmuCirc_004434	Fhod3	CTO:ANNOTATED:CDS	4	446	NM_001289654:NM_001289655:NM_175276	0	0	0.0185119210755352	0.0192294131873431	0	0.0982533341040761	0.0585734449204318	0.230875364935619	0.0397775875967117	0.229378480370435	0;0;1;1;0;3;2;7;1;8	0	0	2.29787571529299		hsaCirc_007177
chr18	24969160	25002032	+	mmuCirc_004435	Fhod3	CTO:ANNOTATED:CDS	5	688	NM_001289654:NM_001289655:NM_175276	0	0.0341334195498	0	0	0	0	0.0292867224602159	0.0989465849724082	0.119332762790135	0.0573446200926087	0;2;0;0;0;0;1;3;3;2	0	0	1.79717126039987	rnoCirc_005414	
chr18	24969160	25028169	+	mmuCirc_004436	Fhod3	CTO:ANNOTATED:CDS	8	1246	NM_001289654:NM_001289655:NM_175276	0	0	0	0.0192294131873431	0	0.163755556840127	0.0878601673806477	0.0989465849724082	0.159110350386847	0.143361550231522	0;0;0;1;0;5;3;3;4;5	0	0	2.68477715979557		
chr18	25001791	25028169	+	mmuCirc_004437	Fhod3	CTO:ANNOTATED:CDS	4	800	NM_001289654:NM_001289655:NM_175276	0	0	0	0	0	0.0982533341040761	0.0585734449204318	0.230875364935619	0.119332762790135	0	0;0;0;0;0;3;2;7;3;0	0	0	2.74680307588589		
chr18	25020662	25028169	+	mmuCirc_004438	Fhod3	CTO:ANNOTATED:CDS	3	558	NM_001289654:NM_001289655:NM_175276	0.413803364779091	0.2048005172988	0.444286105812845	0.634570635182323	0.528576514102412	5.60044004393234	2.92867224602159	5.90381290335369	6.56330195345744	3.52669413569543	23;12;24;33;29;171;100;179;165;123	1	1	3.42105179038526	rnoCirc_005422	
chr18	25020662	25060376	+	mmuCirc_004439	Fhod3	CTO:ANNOTATED:CDS	5	744	NM_001289654:NM_001289655:NM_175276	0	0	0	0	0.0364535526967181	0.131004445472102	0.0292867224602159	0.0659643899816055	0.119332762790135	0.086016930138913	0;0;0;0;2;4;1;2;3;3	0	0	2.00621566852706		
chr18	25020662	25066425	+	mmuCirc_004440	Fhod3	CTO:ANNOTATED:CDS	6	953	NM_001289654:NM_001289655:NM_175276	0	0	0.0185119210755352	0.0192294131873431	0.0364535526967181	0.294760002312228	0	0.395786339889633	0.477331051160541	0.114689240185217	0;0;1;1;2;9;0;12;12;4	0	0	3.08183571455023		
chr18	25020662	25090907	+	mmuCirc_004441	Fhod3	CTO:ANNOTATED:CDS	8	2110	NM_001289654:NM_001289655:NM_175276	0	0.0341334195498	0	0	0	0	0	0.0329821949908028	0.119332762790135	0.0286723100463043	0;2;0;0;0;0;0;1;3;1	0	0	1.01313799172138		
chr18	25028065	25060376	+	mmuCirc_004442	Fhod3	CTO:ANNOTATED:CDS	3	291	NM_001289654:NM_001289655:NM_175276	0	0.0341334195498	0.0370238421510704	0.0192294131873431	0.0364535526967181	0.163755556840127	0.146433612301079	0.263857559926422	0.23866552558027	0.114689240185217	0;2;2;1;2;5;5;8;6;4	0	0	2.22223596616672	rnoCirc_005424	
chr18	25028065	25066425	+	mmuCirc_004443	Fhod3	CTO:ANNOTATED:CDS	4	500	NM_001289654:NM_001289655:NM_175276	0.0179914506425692	0	0.0185119210755352	0.0384588263746862	0.018226776348359	0.491266670520381	0.0585734449204318	0.263857559926422	0.437553463563829	0.229378480370435	1;0;1;2;1;15;2;8;11;8	0	0	2.85605806852546	rnoCirc_005425	hsaCirc_007180
chr18	25028065	25085612	+	mmuCirc_004444	Fhod3	CTO:ANNOTATED:CDS	5	779	NM_001289654:NM_001289655:NM_175276	0	0	0	0	0	0.0327511113680254	0.0878601673806477	0.0329821949908028	0.119332762790135	0	0;0;0;0;0;1;3;1;3;0	0	0	2.00906550118555		
chr18	25028065	25090907	+	mmuCirc_004445	Fhod3	CTO:ANNOTATED:CDS	6	1657	NM_001289654:NM_001289655:NM_175276	0	0	0	0.0384588263746862	0	0.0982533341040761	0	0.0989465849724082	0.119332762790135	0.114689240185217	0;0;0;2;0;3;0;3;3;4	0	0	2.28516384095407	rnoCirc_005426	
chr18	25028065	25101684	+	mmuCirc_004446	Fhod3	CTO:ANNOTATED:CDS	7	1816	NM_001289654:NM_001289655:NM_175276	0	0	0	0.0192294131873431	0	0	0	0	0.0795551751934235	0.086016930138913	0;0;0;1;0;0;0;0;2;3	0	0	1.87489166238797		
chr18	25056260	25056394	+	mmuCirc_004447	Fhod3	CTO:ANNOTATED:CDS	1	135	NM_001289654:NM_001289655:NM_175276	0.0539743519277075	0	0	0	0	0	0	0	0	0.0286723100463043	3;0;0;0;0;0;0;0;0;1	0	0	-0.30196195203693		
chr18	25056260	25066425	+	mmuCirc_004448	Fhod3	CTO:ANNOTATED:CDS	3	395	NM_001289654:NM_001289655:NM_175276	0	0	0.0185119210755352	0	0.0546803290450771	0.0327511113680254	0.0292867224602159	0.131928779963211	0.198887937983559	0.0573446200926087	0;0;1;0;3;1;1;4;5;2	0	0	1.63662238737694	rnoCirc_005427	hsaCirc_007183
chr18	25085334	25090907	+	mmuCirc_004449	Fhod3	CTO:ANNOTATED:CDS	2	1157	NM_001289654:NM_001289655:NM_175276	0	0	0	0	0.018226776348359	0	0	0	0.119332762790135	0	0;0;0;0;1;0;0;0;3;0	0	0	0.932939542801978	rnoCirc_005433	
chr18	25085334	25101684	+	mmuCirc_004450	Fhod3	CTO:ANNOTATED:CDS	3	1316	NM_001289654:NM_001289655:NM_175276	0	0	0.0370238421510704	0	0	0.0327511113680254	0.0292867224602159	0.0329821949908028	0.23866552558027	0.114689240185217	0;0;2;0;0;1;1;1;6;4	0	0	1.80778429631893	rnoCirc_005434	
chr18	25085334	25113671	+	mmuCirc_004451	Fhod3	CTO:ANNOTATED:CDS	6	1781	NM_001289654:NM_001289655:NM_175276	0	0.0341334195498	0	0.0384588263746862	0	0.0327511113680254	0.0292867224602159	0.131928779963211	0.0795551751934235	0.0573446200926087	0;2;0;2;0;1;1;4;2;2	0	0	1.38171613687647		
chr18	25085334	25115889	+	mmuCirc_004452	Fhod3	CTO:ANNOTATED:CDS	7	1972	NM_001289654:NM_001289655:NM_175276	0	0	0	0	0	0.0327511113680254	0.0292867224602159	0.0989465849724082	0.0397775875967117	0.0286723100463043	0;0;0;0;0;1;1;3;1;1	0	0	1.62706968120892		
chr18	25339714	25344962	+	mmuCirc_004453	AW554918	CTO:ANNOTATED:CDS	2	770	NM_001033532	0.0539743519277075	0.0682668390996	0.0740476843021408	0.211523545060774	0.145814210786872	1.01528445240879	0.64430789412475	1.64910974954014	1.67065867906189	0.946186231528043	3;4;4;11;8;31;22;50;42;33	1	1	3.25587954054232	rnoCirc_005449	hsaCirc_007194
chr18	25339714	25358453	+	mmuCirc_004454	AW554918	CTO:ALT_DONOR:CDS	2	14261	NM_001033532	0	0	0	0	0	0	0.0585734449204318	0	0.119332762790135	0	0;0;0;0;0;0;2;0;3;0	0	0	2.38725222161676		
chr18	25344864	25400107	+	mmuCirc_004455	AW554918	CTO:ANNOTATED:CDS	2	281	NM_001033532	0	0	0	0	0	0.0655022227360508	0	0.0659643899816055	0.119332762790135	0.0286723100463043	0;0;0;0;0;2;0;2;3;1	0	0	2.07081624042626		
chr18	25399926	25420075	+	mmuCirc_004456	AW554918	CTO:ANNOTATED:CDS	2	291	NM_001033532	0	0	0	0	0	0	0.117146889840864	0.0329821949908028	0.198887937983559	0.086016930138913	0;0;0;0;0;0;4;1;5;3	0	0	2.51037523284911	rnoCirc_005452	hsaCirc_007196
chr18	30316843	30324618	+	mmuCirc_004457	Pik3c3	CTO:ANNOTATED:CDS	6	556	NM_181414	0	0	0	0	0	0.0982533341040761	0.0292867224602159	0.0659643899816055	0.0795551751934235	0	0;0;0;0;0;3;1;2;2;0	0	0	2.07106086853578		
chr18	31594577	31600232	-	mmuCirc_004458	Slc25a46	CTO:ANNOTATED:CDS	3	216	NM_026165	0	0	0.0185119210755352	0	0	0.0655022227360508	0.0585734449204318	0.131928779963211	0.318220700773694	0.086016930138913	0;0;1;0;0;2;2;4;8;3	0	0	2.50722755076051		
chr18	31594577	31602800	-	mmuCirc_004459	Slc25a46	CTO:ANNOTATED:CDS	4	294	NM_026165	0.0179914506425692	0	0.0370238421510704	0.0576882395620293	0.0546803290450771	0.0982533341040761	0.234293779681727	0.329821949908027	1.15355004030464	0.401412340648261	1;0;2;3;3;3;8;10;29;14	0	1	2.86740275745387		
chr18	31594577	31607264	-	mmuCirc_004460	Slc25a46	CTO:ANNOTATED:CDS	6	395	NM_026165	0.0179914506425692	0	0	0.0192294131873431	0.0364535526967181	0.0655022227360508	0	0.197893169944816	0.159110350386847	0	1;0;0;1;2;2;0;6;4;0	0	0	1.32740321742715		
chr18	31666341	31667009	+	mmuCirc_004461	Sap130	CTO:ANNOTATED:CDS	3	344	NM_172965	0	0.0341334195498	0	0	0.0546803290450771	0.229257779576178	0.292867224602159	0.131928779963211	0.517108638757253	0.258050790416739	0;2;0;0;3;7;10;4;13;9	0	0	3.14790785637296		
chr18	31689398	31698880	+	mmuCirc_004462	Sap130	CTO:ANNOTATED:CDS	2	464	NM_172965	0	0	0	0	0	0.0655022227360508	0.0878601673806477	0	0.119332762790135	0.0286723100463043	0;0;0;0;0;2;3;0;3;1	0	0	2.15265401874467		
chr18	31771670	31772114	+	mmuCirc_004463	Ammecr1l	CTO:ANNOTATED:CDS:5UTR	1	445	NM_153515:NM_001242430	0	0.0170667097749	0.0185119210755352	0	0	0.131004445472102	0	0.0659643899816055	0.119332762790135	0.0573446200926087	0;1;1;0;0;4;0;2;3;2	0	0	1.58731853993704	rnoCirc_005456	
chr18	31774236	31774751	+	mmuCirc_004464	Ammecr1l	CTO:ANNOTATED:CDS	2	226	NM_153515:NM_001242430	0	0	0	0	0	0	0	0.131928779963211	0.159110350386847	0.0573446200926087	0;0;0;0;0;0;0;4;4;2	0	0	2.67980034357079		
chr18	31827262	31829979	+	mmuCirc_004465	Wdr33	CTO:ANNOTATED:CDS:5UTR	3	401	NM_001170966:NM_001170967:NM_001170970:NM_028866	0	0	0	0	0	0	0.0585734449204318	0.0659643899816055	0.437553463563829	0.0573446200926087	0;0;0;0;0;0;2;2;11;2	0	0	2.63623758514942	rnoCirc_005458	hsaCirc_008539
chr18	31827262	31835481	+	mmuCirc_004466	Wdr33	CTO:ANNOTATED	5	2396	NM_001170966:NM_001170967:NM_001170970:NM_028866	0	0.0170667097749	0	0.0192294131873431	0	0.131004445472102	0.0585734449204318	0.230875364935619	0.23866552558027	0.172033860277826	0;1;0;1;0;4;2;7;6;6	0	0	2.72674094287612	rnoCirc_005459	hsaCirc_008538
chr18	31878024	31881282	+	mmuCirc_004467	Wdr33	CTO:ANNOTATED:CDS	4	472	NM_028866	0	0	0	0	0.0364535526967181	0.0982533341040761	0.0585734449204318	0.0989465849724082	0.0795551751934235	0.0286723100463043	0;0;0;0;2;3;2;3;2;1	0	0	1.84232518072625	rnoCirc_005460	
chr18	31887697	31904451	+	mmuCirc_004468	Wdr33	CTO:ANNOTATED:CDS	7	2245	NM_028866	0	0	0.0370238421510704	0	0	0	0	0.131928779963211	0	0	0;0;2;0;0;0;0;4;0;0	0	0	1.41375803281097		
chr18	32070107	32080577	+	mmuCirc_004469	Iws1	CTO:ANNOTATED:CDS	2	1023	NM_173441	0	0	0	0	0	0.0327511113680254	0.0292867224602159	0.0989465849724082	0	0.0286723100463043	0;0;0;0;0;1;1;3;0;1	0	0	1.63893593242814		
chr18	32207408	32210036	+	mmuCirc_004470	Map3k2	CTO:ANNOTATED:CDS	4	372	NM_011946	0	0	0	0.0384588263746862	0	0.131004445472102	0	0	0.0397775875967117	0.086016930138913	0;0;0;2;0;4;0;0;1;3	0	0	1.78497523123792		
chr18	32208642	32210036	+	mmuCirc_004471	Map3k2	CTO:ANNOTATED:CDS	3	241	NM_011946	0	0	0	0	0.018226776348359	0.0655022227360508	0	0.230875364935619	0.159110350386847	0.172033860277826	0;0;0;0;1;2;0;7;4;6	0	0	2.80908572560891	rnoCirc_005463	
chr18	32208642	32212168	+	mmuCirc_004472	Map3k2	CTO:ANNOTATED:CDS	4	448	NM_011946	0	0	0	0	0.018226776348359	0.0655022227360508	0	0	0.119332762790135	0	0;0;0;0;1;2;0;0;3;0	0	0	1.32061367024409		
chr18	32257190	32261398	+	mmuCirc_004473	Ercc3	CTO:ANNOTATED:CDS	2	300	NM_133658	0	0	0	0	0	0	0.0292867224602159	0.0989465849724082	0.0795551751934235	0.0286723100463043	0;0;0;0;0;0;1;3;2;1	0	0	1.86800963860486	rnoCirc_005464	
chr18	32528832	32532784	-	mmuCirc_004474	Gypc	CTO:ALT_DONOR:CDS:3UTR	2	1421	NM_001048207	0	0	0	0	0	0.0327511113680254	0	0	0	0.143361550231522	0;0;0;0;0;1;0;0;0;5	0	0	2.21459902294466		
chr18	32849073	32852650	+	mmuCirc_004475	Wdr36	CTO:ANNOTATED:CDS	4	517	NM_144863:NM_001110016:NM_001110015	0.0179914506425692	0	0	0	0	0	0	0.0989465849724082	0	0	1;0;0;0;0;0;0;3;0;0	0	0	0.823283573279092		
chr18	32861027	32863262	+	mmuCirc_004476	Wdr36	CTO:ANNOTATED:CDS	4	446	NM_001110016:NM_001110015	0	0	0.0555357632266056	0	0.0364535526967181	0.196506668208152	0.117146889840864	0.197893169944816	0.278443113176982	0.229378480370435	0;0;3;0;2;6;4;6;7;8	0	0	2.7569927024993		
chr18	33810219	33832685	-	mmuCirc_004477	Epb4.1l4a	CTO:ANNOTATED:CDS	6	535	NM_013512	0	0	0.0185119210755352	0	0	0.131004445472102	0.146433612301079	0.0989465849724082	0.198887937983559	0.114689240185217	0;0;1;0;0;4;5;3;5;4	0	0	2.76080282835248		hsaCirc_012551