chr1	75360417	75360523	-	mmuCirc_000257	Des	AS:CTO	1	107	NM_010043	0	0	0	0	0	0	0	0	0	0.114689240185217	0;0;0;0;0;0;0;0;0;4	0	0	2.75156269883195		
chr1	75360510	75360626	+	mmuCirc_000258	Des	CTO:ALT_DONOR:ALT_ACCEPTOR:CDS	1	117	NM_010043	0	0	0	0.0192294131873431	0	0.0327511113680254	0	0	0	0.114689240185217	0;0;0;1;0;1;0;0;0;4	0	0	1.05960947761249		
chr1	75362168	75362408	+	mmuCirc_000259	Des	CTO:ALT_ACCEPTOR:CDS	2	147	NM_010043	0	0	0.0555357632266056	0.0192294131873431	0.0364535526967181	0	0	0.0329821949908028	0.0397775875967117	0.0286723100463043	0;0;3;1;2;0;0;1;1;1	0	0	-0.0393154855579406	rnoCirc_012616	hsaCirc_009123
chr1	75367110	75367221	-	mmuCirc_000260	Des	AS:CTO	1	112	NM_010043	0.107948703855415	0.0341334195498	0.0370238421510704	0.0769176527493725	0.127587434438513	0	0.117146889840864	0.0329821949908028	0.119332762790135	0.0286723100463043	6;2;2;4;7;0;4;1;3;1	0	1	-0.503822872762935		
chr1	75367110	75367317	-	mmuCirc_000261	Des	AS:CTO	1	208	NM_010043	0.0359829012851383	0.1024002586494	0.0185119210755352	0.0769176527493725	0.0729071053934362	0.0327511113680254	0.117146889840864	0.0659643899816055	0.0397775875967117	0.086016930138913	2;6;1;4;4;1;4;2;1;3	0	1	0.146008728660369		
chr1	75367206	75367321	+	mmuCirc_000262	Des	CTO:ALT_DONOR:ALT_ACCEPTOR:3UTR	1	116	NM_010043	0.0899572532128458	0.0341334195498	0	0.0384588263746862	0.0364535526967181	0.0655022227360508	0	0.0329821949908028	0	0.0573446200926087	5;2;0;2;2;2;0;1;0;2	0	0	-0.297421029758975		
chr1	75367222	75367317	-	mmuCirc_000263	Des	AS:CTO	1	96	NM_010043	0	0.0170667097749	0	0.0192294131873431	0.018226776348359	0	0	0	0.119332762790135	0	0;1;0;1;1;0;0;0;3;0	0	0	0.00127309016429026		hsaCirc_009135
chr1	75411286	75414428	+	mmuCirc_000264	Speg	CTO:ANNOTATED:CDS	2	289	NM_007463:NM_001085370	0	0	0	0.0192294131873431	0	0.0655022227360508	0.117146889840864	0.0659643899816055	0.159110350386847	0.143361550231522	0;0;0;1;0;2;4;2;4;5	0	0	2.43963773833635		
chr1	75429060	75429620	+	mmuCirc_000265	Speg	CTO:ANNOTATED:CDS	2	464	NM_007463:NM_001085370	0	0	0	0	0	0	0	0	0	0.086016930138913	0;0;0;0;0;0;0;0;0;3	0	0	2.40622276606355		
chr1	75497008	75514282	-	mmuCirc_000266	Obsl1	ITO:ALT_ACCEPTOR:CDS:5UTR	1	17275	NM_178884	0.395811914136521	0.5632014225717	0.333214579359634	0.365358850559519	0.546803290450771	1.70305779113732	1.20075562086885	1.12139462968729	1.43199315348162	1.2902539520837	22;33;18;19;30;52;41;34;36;45	1	1	1.5863087779208		
chr1	77398494	77401324	-	mmuCirc_000267	Epha4	CTO:ANNOTATED:CDS	3	397	NM_007936	0	0	0	0	0.018226776348359	0	0.0585734449204318	0	0.119332762790135	0	0;0;0;0;1;0;2;0;3;0	0	0	1.27997363331196		
chr1	78471083	78476305	-	mmuCirc_000268	Farsb	CTO:ANNOTATED:CDS	3	376	NM_001278075:NM_011811:NR_102757:NR_102758	0	0	0	0	0	0.0982533341040761	0.0292867224602159	0.0329821949908028	0.0397775875967117	0.114689240185217	0;0;0;0;0;3;1;1;1;4	0	0	1.9203365980569	rnoCirc_012626	
chr1	80304080	80323056	-	mmuCirc_000269	Cul3	CTO:ANNOTATED:CDS	2	312	NM_016716	0.0179914506425692	0.0170667097749	0	0.0384588263746862	0.0364535526967181	0	0.117146889840864	0.164910974954014	0.318220700773694	0.258050790416739	1;1;0;2;2;0;4;5;8;9	0	0	1.80065888813948	rnoCirc_012634	hsaCirc_009157
chr1	80572457	80578708	-	mmuCirc_000270	Dock10	CTO:ANNOTATED:CDS	5	550	NM_001285927:NM_175291	0	0.0170667097749	0	0	0	0	0	0	0.159110350386847	0.0573446200926087	0;1;0;0;0;0;0;0;4;2	0	0	1.40798456313647		
chr1	80605791	80606625	-	mmuCirc_000271	Dock10	CTO:ANNOTATED:CDS	3	331	NM_001285927:NM_175291	0	0	0.0185119210755352	0.0384588263746862	0.018226776348359	0.0655022227360508	0.0292867224602159	0.0989465849724082	0.318220700773694	0.0573446200926087	0;0;1;2;1;2;1;3;8;2	0	0	1.71465748405067		
chr1	82236636	82237604	-	mmuCirc_000272	Irs1	CTO:ALT_DONOR:3UTR	1	969	NM_010570	0.0179914506425692	0	0	0	0	0.0655022227360508	0	0.131928779963211	0.0397775875967117	0.172033860277826	1;0;0;0;0;2;0;4;1;6	0	0	2.23462597335388		
chr1	82340319	82342862	+	mmuCirc_000273	Rhbdd1	CTO:ANNOTATED:CDS:5UTR	2	645	NM_029777:NM_001122685	0	0.0170667097749	0.0370238421510704	0.0961470659367156	0.0729071053934362	0.393013336416305	0.117146889840864	0.296839754917225	0.994439689917794	0.401412340648261	0;1;2;5;4;12;4;9;25;14	0	1	2.80755776398385	rnoCirc_012635	hsaCirc_009158
chr1	82455723	82456895	-	mmuCirc_000274	Col4a4	CTO:ANNOTATED:CDS	2	306	NM_007735	0	0	0	0.0192294131873431	0	0	0	0.0329821949908028	0.23866552558027	0.0286723100463043	0;0;0;1;0;0;0;1;6;1	0	0	1.80322966320026		
chr1	82518929	82535809	-	mmuCirc_000275	Col4a4	CTO:ANNOTATED:CDS	13	880	NM_007735	0	0	0	0	0	0	0	0	0.159110350386847	0	0;0;0;0;0;0;0;0;4;0	0	0	3.16277680474228		
chr1	82727228	82731282	+	mmuCirc_000276	Mff	CTO:ANNOTATED:CDS:5UTR	3	500	NM_029409	0	0	0	0	0	0.0327511113680254	0.0878601673806477	0.0659643899816055	0	0	0;0;0;0;0;1;3;2;0;0	0	0	1.97801030703635		
chr1	82875288	82876324	+	mmuCirc_000277	Agfg1	CTO:ANNOTATED:CDS	2	317	NM_010472	0.0359829012851383	0	0	0	0	0	0	0.0329821949908028	0.159110350386847	0.114689240185217	2;0;0;0;0;0;0;1;4;4	0	0	1.4587152154803		
chr1	84763328	84763931	-	mmuCirc_000278	Trip12	CTO:ANNOTATED:CDS	2	255	NM_133975	0.0359829012851383	0	0	0	0.0364535526967181	0.0655022227360508	0.175720334761295	0.0659643899816055	0.23866552558027	0.0286723100463043	2;0;0;0;2;2;6;2;6;1	0	0	1.89689786701335		
chr1	84776317	84786196	-	mmuCirc_000279	Trip12	CTO:ANNOTATED:CDS	4	423	NM_133975	0	0	0.0370238421510704	0.0384588263746862	0.0364535526967181	0.0655022227360508	0.0292867224602159	0.263857559926422	0.119332762790135	0.086016930138913	0;0;2;2;2;2;1;8;3;3	0	0	1.57497822743746		
chr1	84776317	84794327	-	mmuCirc_000280	Trip12	CTO:ANNOTATED:CDS	5	1226	NM_133975	0.0359829012851383	0.0341334195498	0.0555357632266056	0	0.0546803290450771	0.360262225048279	0.146433612301079	0.36280414489883	0.357998288370406	0.430084650694565	2;2;3;0;3;11;5;11;9;15	0	0	2.71147410322867	rnoCirc_012643	
chr1	84782827	84814969	-	mmuCirc_000281	Trip12	CTO:ANNOTATED:CDS:5UTR	4	1193	NM_133975	0	0	0	0.0192294131873431	0	0.0327511113680254	0.0292867224602159	0.131928779963211	0	0.143361550231522	0;0;0;1;0;1;1;4;0;5	0	0	1.53675692357157	rnoCirc_012645	hsaCirc_009180
chr1	85579057	85583580	-	mmuCirc_000282	Sp110	CTO:ANNOTATED:CDS	3	314	NM_030194:NM_175397	0	0.0170667097749	0	0	0.018226776348359	0.0327511113680254	0.0292867224602159	0	0.159110350386847	0	0;1;0;0;1;1;1;0;4;0	0	0	1.00961743404982		
chr1	85694259	85705058	+	mmuCirc_000283	Sp100	CTO:ALT_DONOR:CDS	5	3986	NM_013673	0	0	0	0	0	0.0327511113680254	0	0.0989465849724082	0	0	0;0;0;0;0;1;0;3;0;0	0	0	1.98572171782742		
chr1	85818357	85837404	+	mmuCirc_000284	Cab39	CTO:ANNOTATED:CDS:5UTR	3	441	NM_133781	0	0	0	0	0	0.0327511113680254	0.0878601673806477	0.0329821949908028	0.0397775875967117	0	0;0;0;0;0;1;3;1;1;0	0	0	1.70385101304316	rnoCirc_012649	
chr1	85907659	85907759	-	mmuCirc_000285	Itm2c	AS:CTO	1	101	NM_022417	0.107948703855415	0.0512001293247	0.240654973981958	0.192294131873431	0.200494539831949	0.196506668208152	0.0878601673806477	0.329821949908027	0.397775875967117	0.258050790416739	6;3;13;10;11;6;3;10;10;9	1	1	0.618761192941847		
chr1	86083147	86085270	+	mmuCirc_000286	Psmd1	CTO:ANNOTATED:CDS	2	218	NM_027357	0	0.0341334195498	0.0185119210755352	0	0.018226776348359	0.262008890944203	0.146433612301079	0.197893169944816	0.715996576740811	0.143361550231522	0;2;1;0;1;8;5;6;18;5	0	0	3.04706165611039		
chr1	86587016	86592366	+	mmuCirc_000287	Cops7b	CTO:ALT_ACCEPTOR:CDS:5UTR	3	474	NM_172974	0	0.0170667097749	0	0.0384588263746862	0.018226776348359	0.0327511113680254	0.0292867224602159	0.0989465849724082	0.0397775875967117	0.0286723100463043	0;1;0;2;1;1;1;3;1;1	0	0	0.952643987386921		
chr1	86596751	86601188	+	mmuCirc_000288	Cops7b	CTO:ANNOTATED:CDS	3	398	NM_172974	0	0	0	0	0	0	0.0292867224602159	0	0.119332762790135	0	0;0;0;0;0;0;1;0;3;0	0	0	2.05083083733911		
chr1	86599003	86601188	+	mmuCirc_000289	Cops7b	CTO:ANNOTATED:CDS	2	309	NM_172974	0	0	0.0185119210755352	0	0	0.0655022227360508	0.0585734449204318	0.0989465849724082	0.397775875967117	0.0286723100463043	0;0;1;0;0;2;2;3;10;1	0	0	2.27293982535699		
chr1	86744681	86760389	+	mmuCirc_000290	Dis3l2	CTO:ANNOTATED:CDS:5UTR	4	462	NM_001172157:NM_153530	0	0	0	0	0.018226776348359	0.131004445472102	0.146433612301079	0.131928779963211	0.119332762790135	0.0573446200926087	0;0;0;0;1;4;5;4;3;2	0	0	2.54317946952904		hsaCirc_009194
chr1	86744681	86821450	+	mmuCirc_000291	Dis3l2	CTO:ANNOTATED:CDS:5UTR	6	733	NM_001172157:NM_153530	0	0	0	0	0	0	0.0292867224602159	0.0329821949908028	0.23866552558027	0.0286723100463043	0;0;0;0;0;0;1;1;6;1	0	0	1.9207059476048		
chr1	86973400	86990325	+	mmuCirc_000292	Dis3l2	CTO:ANNOTATED:CDS	2	342	NM_001172157:NM_153530	0	0	0	0	0	0.229257779576178	0	0	0.0795551751934235	0	0;0;0;0;0;7;0;0;2;0	0	0	2.97753147093706		
chr1	87334270	87365279	+	mmuCirc_000293	Gigyf2	CTO:ANNOTATED:CDS:5UTR	4	374	NM_001110212:NM_146112	0	0	0	0	0	0	0	0.0989465849724082	0.119332762790135	0	0;0;0;0;0;0;0;3;3;0	0	0	2.68635228775458		hsaCirc_009199
chr1	87354404	87365279	+	mmuCirc_000294	Gigyf2	CTO:ANNOTATED:CDS:5UTR	3	309	NM_001110212:NM_146112	0	0	0	0	0	0.0982533341040761	0	0	0.0795551751934235	0.0286723100463043	0;0;0;0;0;3;0;0;2;1	0	0	2.05413550575117	rnoCirc_012655	
chr1	87364104	87365279	+	mmuCirc_000295	Gigyf2	CTO:ANNOTATED:CDS	2	226	NM_001110212:NM_146112	0	0.0170667097749	0	0.0769176527493725	0.018226776348359	0.163755556840127	0.0878601673806477	0.131928779963211	0.318220700773694	0.229378480370435	0;1;0;4;1;5;3;4;8;8	0	0	2.43496411747968	rnoCirc_012657	hsaCirc_009201
chr1	87364104	87374111	+	mmuCirc_000296	Gigyf2	CTO:ANNOTATED:CDS	3	341	NM_001110212:NM_146112	0.0359829012851383	0	0.0185119210755352	0.0192294131873431	0.0911338817417952	0.196506668208152	0.351440669522591	0.461750729871238	0.477331051160541	0.086016930138913	2;0;1;1;5;6;12;14;12;3	0	0	2.68150356685568	rnoCirc_012658	
chr1	87364104	87379083	+	mmuCirc_000297	Gigyf2	CTO:ANNOTATED:CDS	4	453	NM_001110212:NM_146112	0	0	0	0	0.0364535526967181	0.0327511113680254	0	0.0329821949908028	0.159110350386847	0.0286723100463043	0;0;0;0;2;1;0;1;4;1	0	0	1.43838069540863	rnoCirc_012659	
chr1	87364104	87380008	+	mmuCirc_000298	Gigyf2	CTO:ANNOTATED:CDS	5	494	NM_001110212:NM_146112	0.21589740771083	0.3242674857231	0.42577418473731	0.55765298243295	0.38276230331554	4.19214225510725	2.89938552356137	4.98031144361121	7.23952094260154	3.06793717495457	12;19;23;29;21;128;99;151;182;107	1	1	3.46405215583686	rnoCirc_012660	hsaCirc_009202
chr1	87364104	87403846	+	mmuCirc_000299	Gigyf2	CTO:ANNOTATED:CDS	6	674	NM_001110212:NM_146112	0	0	0	0.0192294131873431	0.018226776348359	0.0982533341040761	0.0292867224602159	0.0659643899816055	0.119332762790135	0	0;0;0;1;1;3;1;2;3;0	0	0	1.37253809819023	rnoCirc_012662	
chr1	87378972	87380008	+	mmuCirc_000300	Gigyf2	CTO:ANNOTATED:CDS	2	153	NM_001110212:NM_146112	0	0	0	0	0	0.0327511113680254	0.0878601673806477	0.0329821949908028	0.0397775875967117	0	0;0;0;0;0;1;3;1;1;0	0	0	1.70385101304316		
chr1	87423181	87425226	+	mmuCirc_000301	Gigyf2	CTO:ANNOTATED:CDS	2	263	NM_001110212:NM_146112	0	0	0	0	0	0.0982533341040761	0.0292867224602159	0.0659643899816055	0.119332762790135	0.0573446200926087	0;0;0;0;0;3;1;2;3;2	0	0	2.14410214680539		
chr1	87760051	87767057	+	mmuCirc_000302	Atg16l1	CTO:ANNOTATED:CDS	4	526	NM_001205391:NM_001205392:NM_029846	0	0.0170667097749	0.0185119210755352	0.0192294131873431	0	0.0982533341040761	0	0.164910974954014	0.318220700773694	0.20070617032413	0;1;1;1;0;3;0;5;8;7	0	0	2.10183022316902		hsaCirc_009205
chr1	87776939	87777149	+	mmuCirc_000303	Atg16l1	INTRONIC	1	211	NM_001205391:NM_001205392:NM_029846	0.0179914506425692	0	0	0.115376479124059	0.018226776348359	0	0	0	0	0.0573446200926087	1;0;0;6;1;0;0;0;0;2	0	0	-0.889287531436863		
chr1	87776939	87777170	+	mmuCirc_000304	Atg16l1	INTRONIC	1	232	NM_001205391:NM_001205392:NM_029846	0.0179914506425692	0	0	0	0	0.0982533341040761	0	0	0	0	1;0;0;0;0;3;0;0;0;0	0	0	1.63813415516888		
chr1	87880368	87881939	+	mmuCirc_000305	Dgkd	CTO:ANNOTATED:CDS	2	192	NM_177646	0.359829012851383	0.3242674857231	0.370238421510704	0.442276503308892	0.473896185057335	3.9956355868991	2.87009880110116	3.85891681392392	7.4384088805851	3.35466027541761	20;19;20;23;26;122;98;117;187;117	1	1	3.3138903826698	rnoCirc_012668	hsaCirc_009206
chr1	87915100	87918721	+	mmuCirc_000306	Dgkd	CTO:ANNOTATED:CDS	6	737	NM_177646	0	0	0	0.0192294131873431	0.0364535526967181	0.0327511113680254	0.234293779681727	0.197893169944816	0.119332762790135	0.086016930138913	0;0;0;1;2;1;8;6;3;3	0	0	2.25017201825342		
chr1	87915100	87921681	+	mmuCirc_000307	Dgkd	CTO:ANNOTATED:CDS	7	846	NM_177646	0	0	0	0	0	0.0327511113680254	0.0585734449204318	0.0329821949908028	0.159110350386847	0.143361550231522	0;0;0;0;0;1;2;1;4;5	0	0	2.19430485581783		hsaCirc_009207
chr1	87948502	87952458	-	mmuCirc_000308	Usp40	CTO:ANNOTATED:CDS	5	587	NM_001033291:NM_001198573	0	0	0	0	0	0	0.0292867224602159	0	0.119332762790135	0	0;0;0;0;0;0;1;0;3;0	0	0	2.05083083733911		
chr1	89604598	89609583	+	mmuCirc_000309	Agap1	CTO:ANNOTATED:CDS	2	147	NM_001037136:NM_178119	0	0	0	0.0192294131873431	0	0	0.0292867224602159	0.0989465849724082	0.159110350386847	0.0286723100463043	0;0;0;1;0;0;1;3;4;1	0	0	1.83684582259145	rnoCirc_012670	
chr1	89604598	89634294	+	mmuCirc_000310	Agap1	CTO:ANNOTATED:CDS	5	510	NM_001037136:NM_178119	0.0359829012851383	0	0.0370238421510704	0.0192294131873431	0.0911338817417952	0.131004445472102	0.234293779681727	0.428768534880436	0.477331051160541	0.114689240185217	2;0;2;1;5;4;8;13;12;4	0	0	2.40356524627899	rnoCirc_012671	
chr1	89627761	89634294	+	mmuCirc_000311	Agap1	CTO:ANNOTATED:CDS	3	363	NM_001037136:NM_178119	0.0539743519277075	0.0341334195498	0.0370238421510704	0.0192294131873431	0.018226776348359	0.262008890944203	0.205007057221511	0.36280414489883	0.636441401547388	0.344067720555652	3;2;2;1;1;8;7;11;16;12	0	0	2.80984033304484	rnoCirc_012672	
chr1	89663661	89671271	+	mmuCirc_000312	Agap1	CTO:ANNOTATED:CDS	3	377	NM_001037136:NM_178119	0	0.0170667097749	0	0.115376479124059	0.0911338817417952	0.229257779576178	0.205007057221511	0.494732924862041	0.517108638757253	0.172033860277826	0;1;0;6;5;7;7;15;13;6	0	1	2.74087837893312	rnoCirc_012674	
chr1	89766306	89789324	+	mmuCirc_000313	Agap1	CTO:ANNOTATED:CDS	2	321	NM_001037136:NM_178119	0	0	0.0740476843021408	0.0192294131873431	0.0546803290450771	0.0982533341040761	0.146433612301079	0.164910974954014	0.0795551751934235	0.086016930138913	0;0;4;1;3;3;5;5;2;3	0	0	1.68902108869526	rnoCirc_012677	hsaCirc_009211
chr1	89834434	89843243	+	mmuCirc_000314	Agap1	CTO:ANNOTATED:CDS	3	469	NM_001037136:NM_178119	0.0179914506425692	0	0.0555357632266056	0.0384588263746862	0.0364535526967181	0.163755556840127	0.0878601673806477	0.0329821949908028	0.159110350386847	0	1;0;3;2;2;5;3;1;4;0	0	0	0.862354151706482	rnoCirc_012678	
chr1	91084946	91091667	+	mmuCirc_000315	Lrrfip1	CTO:ANNOTATED:CDS	3	204	NM_001111312:NM_001111311:NM_008515	0.0359829012851383	0.0170667097749	0.0185119210755352	0	0.0364535526967181	0.163755556840127	0.0292867224602159	0.0659643899816055	0.0795551751934235	0.086016930138913	2;1;1;0;2;5;1;2;2;3	0	0	1.30177869548		
chr1	91084946	91105297	+	mmuCirc_000316	Lrrfip1	CTO:ANNOTATED:CDS	8	687	NM_001111312:NM_001111311:NM_008515	0	0	0.0185119210755352	0	0	0.0982533341040761	0.146433612301079	0.164910974954014	0.0795551751934235	0.0573446200926087	0;0;1;0;0;3;5;5;2;2	0	0	2.43018699846122		
chr1	91084946	91112297	+	mmuCirc_000317	Lrrfip1	CTO:ANNOTATED:CDS	12	1108	NM_001111312:NM_001111311:NM_008515	0	0	0	0	0	0	0	0	0.119332762790135	0	0;0;0;0;0;0;0;0;3;0	0	0	2.80046262890159		
chr1	91088634	91103318	+	mmuCirc_000318	Lrrfip1	CTO:ANNOTATED:CDS	6	456	NM_001111312:NM_001111311:NM_008515	0	0	0	0	0	0.0327511113680254	0	0.0989465849724082	0.0397775875967117	0.086016930138913	0;0;0;0;0;1;0;3;1;3	0	0	1.98931771951261		
chr1	91088634	91112297	+	mmuCirc_000319	Lrrfip1	CTO:ANNOTATED:CDS	11	1048	NM_001111312:NM_001111311:NM_008515	0.0359829012851383	0.0170667097749	0.0555357632266056	0.0192294131873431	0	0.393013336416305	0.0292867224602159	0.230875364935619	0.397775875967117	0.172033860277826	2;1;3;1;0;12;1;7;10;6	0	0	2.34039091407517		
chr1	91091602	91112297	+	mmuCirc_000320	Lrrfip1	CTO:ANNOTATED:CDS	10	970	NM_001111312:NM_001111311:NM_008515	0.0179914506425692	0.0170667097749	0	0	0	0	0	0.164910974954014	0.159110350386847	0.086016930138913	1;1;0;0;0;0;0;5;4;3	0	0	1.39239193212264	rnoCirc_012681	hsaCirc_009215
chr1	91100577	91107390	+	mmuCirc_000321	Lrrfip1	CTO:ANNOTATED:CDS	5	498	NM_001111312:NM_001111311:NM_008515	0	0	0	0	0	0	0	0	0	0.086016930138913	0;0;0;0;0;0;0;0;0;3	0	0	2.40622276606355	rnoCirc_012683	
chr1	91100577	91112297	+	mmuCirc_000322	Lrrfip1	CTO:ANNOTATED:CDS	8	826	NM_001111312:NM_001111311:NM_008515	0	0	0	0	0.018226776348359	0	0.0585734449204318	0.164910974954014	0.0397775875967117	0.0286723100463043	0;0;0;0;1;0;2;5;1;1	0	0	1.77773078639337		
chr1	91253760	91254393	+	mmuCirc_000323	Ube2f	CTO:ALT_ACCEPTOR:CDS:5UTR	1	634	NM_026454	0	0	0	0.0192294131873431	0	0	0.0292867224602159	0.0989465849724082	0.0397775875967117	0.0286723100463043	0;0;0;1;0;0;1;3;1;1	0	0	1.44105279048889		