chr11	65204259	65223789	-	mmuCirc_001463	Myocd	CTO:ANNOTATED:CDS	4	458	NM_145136:NM_146386	0.0179914506425692	0.0170667097749	0	0	0	0	0.117146889840864	0	0.0795551751934235	0	1;1;0;0;0;0;4;0;2;0	0	0	1.09244915141744	rnoCirc_001683	
chr11	65204259	65233184	-	mmuCirc_001464	Myocd	CTO:ANNOTATED:CDS	5	524	NM_145136:NM_146386	0.0179914506425692	0	0	0	0	0.0655022227360508	0.117146889840864	0.131928779963211	0.0397775875967117	0	1;0;0;0;0;2;4;4;1;0	0	0	2.11321627081537	rnoCirc_001684	
chr11	65218529	65223789	-	mmuCirc_001465	Myocd	CTO:ANNOTATED:CDS	3	294	NM_145136:NM_146386	0.0719658025702766	0	0.0740476843021408	0.153835305498745	0.0364535526967181	1.08078667514484	0.761454783965613	1.55016316456773	2.58554319378626	0.917513921481739	4;0;4;8;2;33;26;47;65;32	0	0	4.17805146700112	rnoCirc_001686	
chr11	65218529	65233184	-	mmuCirc_001466	Myocd	CTO:ANNOTATED:CDS	4	360	NM_145136:NM_146386	0.593717871204782	0.2389339368486	0.407262263661775	0.519194156058264	0.510349737754053	6.25546227129285	2.54794485403878	8.83922825753514	10.0637296619681	3.61271106583435	33;14;22;27;28;191;87;268;253;126	1	1	3.60782621007562	rnoCirc_001688	hsaCirc_006406
chr11	65222032	65233184	-	mmuCirc_001467	Myocd	CTO:ANNOTATED:CDS	3	198	NM_145136:NM_146386	0.0179914506425692	0	0.0555357632266056	0.0192294131873431	0.018226776348359	0.556768893256432	0.439300836903238	0.461750729871238	1.03421727751451	0.401412340648261	1;0;3;1;1;17;15;14;26;14	0	0	3.86586780643522	rnoCirc_001691	
chr11	65548789	65557142	-	mmuCirc_001468		NTO	1	8354		0	0	0	0	0.018226776348359	0.0982533341040761	0	0	0.0397775875967117	0	0;0;0;0;1;3;0;0;1;0	0	0	1.06961002941756		
chr11	65555029	65557142	-	mmuCirc_001469		NTO	1	2114		0.0539743519277075	0.0170667097749	0	0	0	0.229257779576178	0.0292867224602159	0.0989465849724082	0.0397775875967117	0	3;1;0;0;0;7;1;3;1;0	0	0	1.57886577110299		
chr11	65555029	65561874	-	mmuCirc_001470		NTO	1	6846		0	0	0.0185119210755352	0	0	0.0982533341040761	0	0.0329821949908028	0	0	0;0;1;0;0;3;0;1;0;0	0	0	1.51200573950254		
chr11	65706984	65712297	-	mmuCirc_001471	Map2k4	CTO:ANNOTATED:CDS	3	300	NM_009157	0	0	0	0	0.018226776348359	0.0982533341040761	0	0.0329821949908028	0.0795551751934235	0.0286723100463043	0;0;0;0;1;3;0;1;2;1	0	0	1.65833264702037		
chr11	65706984	65719603	-	mmuCirc_001472	Map2k4	CTO:ANNOTATED:CDS	4	420	NM_009157	0	0	0.0185119210755352	0	0.018226776348359	0.0327511113680254	0.0292867224602159	0.0989465849724082	0.0795551751934235	0	0;0;1;0;1;1;1;3;2;0	0	0	1.14165003230985	rnoCirc_001697	hsaCirc_006404
chr11	65706984	65735366	-	mmuCirc_001473	Map2k4	CTO:ANNOTATED:CDS	5	595	NM_009157	0	0	0	0.0384588263746862	0	0	0.0292867224602159	0.0659643899816055	0.119332762790135	0	0;0;0;2;0;0;1;2;3;0	0	0	1.55265998944307	rnoCirc_001698	
chr11	65756269	65775765	-	mmuCirc_001474	Map2k4	CTO:ALT_ACCEPTOR:CDS	1	19497	NM_009157	0.0179914506425692	0	0	0	0	0.131004445472102	0.0292867224602159	0	0.0397775875967117	0	1;0;0;0;0;4;1;0;1;0	0	0	1.62388267970685		
chr11	67053772	67056607	+	mmuCirc_001475	Sco1	CTO:ALT_ACCEPTOR:CDS	3	385	NM_001040026	0	0	0	0	0	0	0	0	0.119332762790135	0.0286723100463043	0;0;0;0;0;0;0;0;3;1	0	0	2.04178193859134		
chr11	68011315	68020998	+	mmuCirc_001476	Stx8	CTO:ANNOTATED:CDS	2	218	NM_018768	0	0	0.0370238421510704	0.0384588263746862	0	0.131004445472102	0	0.164910974954014	0.23866552558027	0	0;0;2;2;0;4;0;5;6;0	0	0	2.25310261168581	rnoCirc_001702	hsaCirc_006397
chr11	68543598	68545915	+	mmuCirc_001477	Pik3r6	CTO:ANNOTATED:CDS	4	369	NM_001004435:NM_001081566	0	0	0	0	0	0.0655022227360508	0.0585734449204318	0	0	0.086016930138913	0;0;0;0;0;2;2;0;0;3	0	0	2.15874216850793		
chr11	68836150	68845424	-	mmuCirc_001478	Ndel1	CTO:ANNOTATED:CDS:5UTR	5	712	NM_023668	0	0	0	0.0192294131873431	0	0.0655022227360508	0	0.197893169944816	0.0795551751934235	0	0;0;0;1;0;2;0;6;2;0	0	0	2.29502385111053		
chr11	69001733	69009448	-	mmuCirc_001479	Pfas	ITO:ALT_ACCEPTOR:CDS:5UTR	1	7716	NM_001159519	0	0	0	0	0	0	0	0.0989465849724082	0.0397775875967117	0.0286723100463043	0;0;0;0;0;0;0;3;1;1	0	0	1.8116492904069		
chr11	69105390	69105623	+	mmuCirc_001480	Per1	CTO:ANNOTATED:CDS	1	234	NM_011065:NM_001159367	0	0	0	0	0	0.131004445472102	0	0	0	0	0;0;0;0;0;4;0;0;0;0	0	0	2.91651911706123		
chr11	69649728	69651723	+	mmuCirc_001481	Fxr2	CTO:ANNOTATED:CDS	5	825	NM_011814	0.107948703855415	0.1024002586494	0.0555357632266056	0.0576882395620293	0.109360658090154	0.524017781888406	0.410014114443022	0.758590484788463	0.994439689917794	0.745480061203913	6;6;3;3;6;16;14;23;25;26	1	1	2.70766151387398		
chr11	69943207	69943342	+	mmuCirc_001482	Slc2a4	AS:CTO	1	136	NM_009204	0.0539743519277075	0	0	0.0192294131873431	0	0	0	0.0329821949908028	0	0	3;0;0;1;0;0;0;1;0;0	0	0	-0.484484431090377		
chr11	70014631	70015195	-	mmuCirc_001483	Acadvl	CTO:ANNOTATED:CDS	3	218	NM_017366	0	0	0	0	0	0.0327511113680254	0.0585734449204318	0	0.119332762790135	0	0;0;0;0;0;1;2;0;3;0	0	0	2.05790197742693		
chr11	70134119	70166816	+	mmuCirc_001484	Mgl2:Clec10a	ITO:ANNOTATED	1	32698	NM_145137:NM_001204252:NM_010796	0.251880308995968	0.0170667097749	0.259166895057493	0.0961470659367156	0.200494539831949	0.196506668208152	0.0878601673806477	0.131928779963211	0.198887937983559	0.20070617032413	14;1;14;5;11;6;3;4;5;7	0	1	0.250059420020317		
chr11	70136251	70169530	+	mmuCirc_001485	Mgl2:Clec10a	ITO:ANNOTATED	1	33280	NM_145137:NM_001204252:NM_010796	0.161923055783122	0.1194669684243	0.148095368604282	0.365358850559519	0.236948092528668	0.393013336416305	0.0878601673806477	0.197893169944816	0.0795551751934235	0.229378480370435	9;7;8;19;13;12;3;6;2;8	1	1	-0.161866918753227		
chr11	70136670	70170077	+	mmuCirc_001486	Mgl2:Clec10a	ITO:ANNOTATED	1	33408	NM_145137:NM_001204252:NM_010796	0.305854660923676	0.1877338075239	0.666429158719268	0.153835305498745	0.218721316180309	0.294760002312228	0.146433612301079	0.296839754917225	0.437553463563829	0.315395410509348	17;11;36;8;12;9;5;9;11;11	1	1	0.0803263359547073		
chr11	70405627	70406321	-	mmuCirc_001487	Pelp1	CTO:ANNOTATED:CDS	2	171	NM_029231	0	0.0170667097749	0	0	0	0	0	0	0.119332762790135	0	0;1;0;0;0;0;0;0;3;0	0	0	0.955169284416142		
chr11	70542584	70543095	+	mmuCirc_001488	Pld2	CTO:ANNOTATED:CDS	3	305	NM_008876	0.0179914506425692	0.0170667097749	0	0	0.018226776348359	0	0.117146889840864	0.0329821949908028	0.119332762790135	0.0573446200926087	1;1;0;0;1;0;4;1;3;2	0	0	1.23690775699282		
chr11	70874746	70884968	+	mmuCirc_001489	Rabep1	CTO:ANNOTATED:CDS:5UTR	2	333	NM_001291141:NM_001291142:NM_001291143:NM_019400	0.341837562208814	0.0853335488745	0.388750342586239	0.749947114306382	0.291628421573745	3.20960891406649	2.66509174387965	4.38663193377677	5.52908467594293	2.6665248343063	19;5;21;39;16;98;91;133;139;93	1	1	3.44350508402446		hsaCirc_006371
chr11	70874746	70887171	+	mmuCirc_001490	Rabep1	CTO:ANNOTATED:CDS:5UTR	3	494	NM_001291141:NM_001291142:NM_001291143:NM_019400	0.0899572532128458	0.0341334195498	0.092559605377676	0.0384588263746862	0.127587434438513	0.85152889556866	0.64430789412475	0.989465849724082	1.3524379782882	1.03220316166696	5;2;5;2;7;26;22;30;34;36	0	0	3.43112902897502	rnoCirc_001737	
chr11	70874746	70893688	+	mmuCirc_001491	Rabep1	CTO:ANNOTATED:CDS:5UTR	4	614	NM_001291141:NM_001291142:NM_001291143:NM_019400	0.0179914506425692	0	0	0	0	0.458515559152355	0.439300836903238	0.395786339889633	0.159110350386847	0.286723100463044	1;0;0;0;0;14;15;12;4;10	0	0	3.9311197637052	rnoCirc_001738	
chr11	70884765	70887171	+	mmuCirc_001492	Rabep1	CTO:ANNOTATED:CDS:5UTR	2	365	NM_001291141:NM_001291142:NM_001291143:NM_019400	0.0179914506425692	0	0	0	0	0.0655022227360508	0	0.0329821949908028	0.159110350386847	0.086016930138913	1;0;0;0;0;2;0;1;4;3	0	0	2.03619857750259		
chr11	70884765	70893688	+	mmuCirc_001493	Rabep1	CTO:ANNOTATED:CDS:5UTR	3	485	NM_001291141:NM_001291142:NM_001291143:NM_019400	0	0	0	0	0	0.0327511113680254	0.0585734449204318	0.0329821949908028	0.119332762790135	0.086016930138913	0;0;0;0;0;1;2;1;3;3	0	0	1.99708726249399	rnoCirc_001740	
chr11	70900472	70908517	+	mmuCirc_001494	Rabep1	CTO:ANNOTATED:CDS	3	447	NM_001291141:NM_001291142:NM_001291143:NM_019400	0	0.0170667097749	0.0185119210755352	0.115376479124059	0.018226776348359	0.0327511113680254	0.117146889840864	0.230875364935619	0.357998288370406	0.143361550231522	0;1;1;6;1;1;4;7;9;5	0	0	1.9134273717628		
chr11	70900472	70923241	+	mmuCirc_001495	Rabep1	CTO:ANNOTATED:CDS	7	1236	NM_001291141:NM_001291142:NM_001291143:NM_019400	0	0.0170667097749	0	0	0	0	0	0.0329821949908028	0	0.086016930138913	0;1;0;0;0;0;0;1;0;3	0	0	0.973868773373277		
chr11	70917315	70920968	+	mmuCirc_001496	Rabep1	CTO:ANNOTATED:CDS	3	690	NM_001291141:NM_001291142:NM_001291143:NM_019400	0	0	0	0	0	0.0327511113680254	0.0292867224602159	0.0329821949908028	0.198887937983559	0.0286723100463043	0;0;0;0;0;1;1;1;5;1	0	0	1.76822598956422	rnoCirc_001744	
chr11	70917315	70925912	+	mmuCirc_001497	Rabep1	CTO:ANNOTATED:CDS	5	930	NM_001291141:NM_001291142:NM_001291143:NM_019400	0	0.0170667097749	0.0185119210755352	0.0192294131873431	0	0.360262225048279	0.0292867224602159	0.461750729871238	0.755774164337523	0.229378480370435	0;1;1;1;0;11;1;14;19;8	0	0	3.25016034170128	rnoCirc_001746	
chr11	70919177	70920968	+	mmuCirc_001498	Rabep1	CTO:ANNOTATED:CDS	2	222	NM_001291141:NM_001291142:NM_001291143:NM_019400	0.0179914506425692	0	0	0	0.018226776348359	0.0982533341040761	0.0292867224602159	0.197893169944816	0.119332762790135	0.086016930138913	1;0;0;0;1;3;1;6;3;3	0	0	2.13139682442078		
chr11	70954501	70968017	-	mmuCirc_001499	Nup88	CTO:ANNOTATED:CDS	6	892	NM_001083331:NM_001276406:NM_172394:NR_075087	0	0	0	0	0	0.0327511113680254	0	0.0989465849724082	0	0	0;0;0;0;0;1;0;3;0;0	0	0	1.98572171782742		
chr11	71014550	71014643	-	mmuCirc_001500	Derl2	CTO:ANNOTATED:CDS	1	94	NM_001291147:NM_001291148:NM_033562:NM_001291146	0.0359829012851383	0	0	0.0384588263746862	0	0.131004445472102	0.0292867224602159	0.0659643899816055	0.159110350386847	0.0286723100463043	2;0;0;2;0;4;1;2;4;1	0	0	1.54698565074672		
chr11	72399874	72404004	-	mmuCirc_001501	Smtnl2	CTO:ANNOTATED:CDS	6	854	NM_177776	0	0	0	0.0384588263746862	0.0364535526967181	0.360262225048279	0.175720334761295	0.36280414489883	0.397775875967117	0.229378480370435	0;0;0;2;2;11;6;11;10;8	0	0	3.35572322687828	rnoCirc_001756	
chr11	72645537	72663173	+	mmuCirc_001502	Ube2g1	CTO:ALT_ACCEPTOR:CDS	1	17637	NM_025985	0.0719658025702766	0	0	0.0769176527493725	0.018226776348359	0.393013336416305	0.175720334761295	0.230875364935619	0.517108638757253	0.315395410509348	4;0;0;4;1;12;6;7;13;11	0	0	2.94204593552874		
chr11	72645537	72673057	+	mmuCirc_001503	Ube2g1	CTO:ALT_ACCEPTOR:CDS	2	17735	NM_025985	0	0	0	0	0.018226776348359	0.0982533341040761	0.117146889840864	0.0989465849724082	0.0397775875967117	0.172033860277826	0;0;0;0;1;3;4;3;1;6	0	0	2.36440216924959	rnoCirc_001757	hsaCirc_006367
chr11	72663071	72673057	+	mmuCirc_001504	Ube2g1	CTO:ANNOTATED:CDS	2	201	NM_025985	0	0	0	0	0	0.0982533341040761	0.0292867224602159	0.164910974954014	0.23866552558027	0.0286723100463043	0;0;0;0;0;3;1;5;6;1	0	0	2.40997681628759	rnoCirc_001759	hsaCirc_006366
chr11	72712157	72714483	+	mmuCirc_001505	Ankfy1	CTO:ANNOTATED:CDS	2	312	NM_009671	0.0539743519277075	0	0.0555357632266056	0.0384588263746862	0.0546803290450771	0.0655022227360508	0.351440669522591	0.296839754917225	0.357998288370406	0.114689240185217	3;0;3;2;3;2;12;9;9;4	0	0	2.00724791903908	rnoCirc_001761	
chr11	72728761	72732413	+	mmuCirc_001506	Ankfy1	CTO:ANNOTATED:CDS	3	440	NM_009671	0	0	0.0185119210755352	0.0384588263746862	0.018226776348359	0.163755556840127	0.0878601673806477	0.0989465849724082	0.0795551751934235	0.086016930138913	0;0;1;2;1;5;3;3;2;3	0	0	1.89949155457471	rnoCirc_001762	hsaCirc_006358
chr11	72749300	72758600	+	mmuCirc_001507	Ankfy1	CTO:ANNOTATED:CDS	9	1453	NM_009671	0	0	0	0	0	0	0	0	0	0.086016930138913	0;0;0;0;0;0;0;0;0;3	0	0	2.40622276606355		
chr11	72817931	72826262	+	mmuCirc_001508	Zzef1	CTO:ANNOTATED:CDS	5	923	NM_001045536	0	0	0	0	0	0.0982533341040761	0	0.0329821949908028	0.159110350386847	0	0;0;0;0;0;3;0;1;4;0	0	0	2.37736445802871		
chr11	72817931	72831721	+	mmuCirc_001509	Zzef1	CTO:ANNOTATED:CDS	7	1219	NM_001045536	0	0	0	0	0	0.196506668208152	0	0.0659643899816055	0.0795551751934235	0	0;0;0;0;0;6;0;2;2;0	0	0	2.61852500912163		
chr11	72817931	72837281	+	mmuCirc_001510	Zzef1	CTO:ANNOTATED:CDS	8	1318	NM_001045536	0	0	0	0	0	0	0.0292867224602159	0.0989465849724082	0.198887937983559	0	0;0;0;0;0;0;1;3;5;0	0	0	2.44185384765823		
chr11	74656423	74657339	+	mmuCirc_001511	Cluh	CTO:ANNOTATED:CDS	2	375	NM_001081158	0.0539743519277075	0.0341334195498	0.0555357632266056	0.0961470659367156	0	0.589520004624457	0.234293779681727	0.263857559926422	0.596663813950676	0.20070617032413	3;2;3;5;0;18;8;8;15;7	0	0	2.61140063818635		
chr11	74928993	74946219	+	mmuCirc_001512	Smg6	CTO:ANNOTATED:CDS	7	2570	NM_001002764	0	0	0	0.0384588263746862	0	0.0327511113680254	0	0.0329821949908028	0.119332762790135	0.0286723100463043	0;0;0;2;0;1;0;1;3;1	0	0	1.33521302865312		
chr11	74928993	74990215	+	mmuCirc_001513	Smg6	CTO:ANNOTATED:CDS	9	2778	NM_001002764	0	0.1024002586494	0.0370238421510704	0.0576882395620293	0.127587434438513	0.262008890944203	0.175720334761295	0.164910974954014	0.596663813950676	0.315395410509348	0;6;2;3;7;8;6;5;15;11	0	1	2.07301172198583		
chr11	74945522	74990215	+	mmuCirc_001514	Smg6	CTO:ANNOTATED:CDS	4	532	NM_001002764	0.0179914506425692	0	0	0	0	0.163755556840127	0.0292867224602159	0.164910974954014	0.159110350386847	0.0286723100463043	1;0;0;0;0;5;1;5;4;1	0	0	2.24597544436735		
chr11	74981852	74990215	+	mmuCirc_001515	Smg6	CTO:ANNOTATED:CDS	2	208	NM_001002764	0	0	0.0185119210755352	0.0192294131873431	0	0.0327511113680254	0.0878601673806477	0.626661704825252	0.23866552558027	0.0573446200926087	0;0;1;1;0;1;3;19;6;2	0	0	2.51446140300049		hsaCirc_006337
chr11	75038613	75042036	+	mmuCirc_001516	Smg6	CTO:ANNOTATED:CDS	2	286	NM_001002764	0	0	0	0	0	0.0655022227360508	0	0.0329821949908028	0.159110350386847	0.0573446200926087	0;0;0;0;0;2;0;1;4;2	0	0	2.15388682218315	rnoCirc_001779	
chr11	75390072	75391227	+	mmuCirc_001517	Smyd4	CTO:ANNOTATED:CDS	1	1156	NM_001102611	0.125940154497984	0.0682668390996	0.092559605377676	0.115376479124059	0.200494539831949	0.982533341040762	0.351440669522591	1.58314535955853	2.14798973022243	0.659463131065	7;4;5;6;11;30;12;48;54;23	1	1	2.86209903806017	rnoCirc_001783	
chr11	75510444	75510738	+	mmuCirc_001518	Rilp	CTO:ANNOTATED:CDS	2	201	NM_001029938	0	0	0	0	0	0.0327511113680254	0.0878601673806477	0.0659643899816055	0.0795551751934235	0.0286723100463043	0;0;0;0;0;1;3;2;2;1	0	0	1.90652569662886		
chr11	75657492	75658719	+	mmuCirc_001519	Myo1c	CTO:ANNOTATED:CDS:5UTR	4	552	NM_008659:NM_001080774:NM_001080775	0	0	0	0	0	0.0982533341040761	0	0	0	0	0;0;0;0;0;3;0;0;0;0	0	0	2.56380895521826		
chr11	75692197	75692732	+	mmuCirc_001520	Crk	CTO:ANNOTATED:CDS	1	536	NM_001277219:NM_001277221:NM_133656	0	0	0	0.0384588263746862	0	0.163755556840127	0	0.164910974954014	0.159110350386847	0.143361550231522	0;0;0;2;0;5;0;5;4;5	0	0	2.76345685473184	rnoCirc_001820	hsaCirc_006324
chr11	75751881	75759428	+	mmuCirc_001521	Ywhae	CTO:ANNOTATED:CDS	4	651	NM_009536	0.0539743519277075	0.0682668390996	0.0740476843021408	0.134605892311402	0.0364535526967181	0.42576444778433	0.263580502141943	0.890519264751674	0.715996576740811	0.401412340648261	3;4;4;7;2;13;9;27;18;14	1	0	2.54028493072539	rnoCirc_001817	hsaCirc_006323
chr11	76076435	76082684	-	mmuCirc_001522	Vps53	CTO:ANNOTATED:CDS	4	553	NM_026664	0	0	0	0	0	0	0.0292867224602159	0	0.278443113176982	0	0;0;0;0;0;0;1;0;7;0	0	0	2.60029155172401	rnoCirc_001813	
chr11	76113941	76117805	-	mmuCirc_001523	Vps53	CTO:ANNOTATED:CDS	3	429	NM_026664	0	0	0	0	0	0.0655022227360508	0	0.164910974954014	0.119332762790135	0.0573446200926087	0;0;0;0;0;2;0;5;3;2	0	0	2.5141211121731	rnoCirc_001809	
chr11	76134409	76138394	-	mmuCirc_001524	Vps53	CTO:ANNOTATED:CDS	3	323	NM_026664	0.0179914506425692	0.0341334195498	0	0.0192294131873431	0	0.0327511113680254	0	0.230875364935619	0.198887937983559	0.086016930138913	1;2;0;1;0;1;0;7;5;3	0	0	1.51446272625585		hsaCirc_006317
chr11	76163798	76174707	-	mmuCirc_001525	Vps53	CTO:ANNOTATED:CDS	3	198	NM_026664	0	0	0	0	0	0	0.0292867224602159	0	0.198887937983559	0.0286723100463043	0;0;0;0;0;0;1;0;5;1	0	0	2.0121402815494		
chr11	76272376	76278591	-	mmuCirc_001526	Nxn	CTO:ANNOTATED:CDS	4	460	NM_008750	0	0	0	0.0192294131873431	0	0.0327511113680254	0.0878601673806477	0.230875364935619	0.119332762790135	0.0286723100463043	0;0;0;1;0;1;3;7;3;1	0	0	2.11816375778954	rnoCirc_001807	
chr11	76748508	76750902	-	mmuCirc_001527	Gosr1	CTO:ANNOTATED:CDS	2	167	NM_016810	0	0	0	0	0	0.163755556840127	0.0292867224602159	0.197893169944816	0	0	0;0;0;0;0;5;1;6;0;0	0	0	2.64882136280919		
chr11	76748508	76754800	-	mmuCirc_001528	Gosr1	CTO:ANNOTATED:CDS	4	363	NM_016810	0.0539743519277075	0.0170667097749	0	0	0.0911338817417952	0.0982533341040761	0.0878601673806477	0.230875364935619	0.357998288370406	0.229378480370435	3;1;0;0;5;3;3;7;9;8	0	0	2.25459899406443	rnoCirc_001804	hsaCirc_006508
chr11	77393050	77398269	+	mmuCirc_001529	Ssh2	CTO:ANNOTATED:CDS	2	169	NM_177710:NM_001291190	0.107948703855415	0.0853335488745	0.111071526453211	0.249982371435461	0.218721316180309	2.1943244616577	2.22579090697641	2.17682486939298	4.0573139348646	1.51963243245413	6;5;6;13;12;67;76;66;102;53	1	1	3.84005562656089	rnoCirc_001800	hsaCirc_006500