chr1	16581927	16602353	-	mmuCirc_000056	Ube2w	CTO:ANNOTATED:CDS	4	427	NM_001271016:NM_001271017:NM_025773:NR_073122	0	0	0	0	0	0	0.117146889840864	0	0.318220700773694	0	0;0;0;0;0;0;4;0;8;0	0	0	3.42877152900037		
chr1	23866217	23877794	-	mmuCirc_000057	Smap1	CTO:ncRNA	3	243	NR_110972:NM_001290683:NM_028534	0	0	0	0	0	0	0	0	0	0.114689240185217	0;0;0;0;0;0;0;0;0;4	0	0	2.75156269883195		hsaCirc_013326
chr1	24021854	24024873	-	mmuCirc_000058	Fam135a	CTO:ANNOTATED:CDS	3	342	NM_026604	0	0	0	0	0	0.0327511113680254	0	0.0989465849724082	0.0397775875967117	0.0573446200926087	0;0;0;0;0;1;0;3;1;2	0	0	1.87558726418083		
chr1	24044114	24086611	-	mmuCirc_000059	Fam135a	CTO:ANNOTATED:CDS:5UTR	10	1160	NM_026604	0	0	0.0185119210755352	0	0	0.0982533341040761	0	0.0659643899816055	0.0397775875967117	0.0286723100463043	0;0;1;0;0;3;0;2;1;1	0	0	1.64623723722167	rnoCirc_012336	hsaCirc_013318
chr1	24067899	24086611	-	mmuCirc_000060	Fam135a	CTO:ANNOTATED:CDS:5UTR	3	288	NM_026604	0	0	0.0185119210755352	0.0192294131873431	0.0364535526967181	0.393013336416305	0.117146889840864	0.263857559926422	0.357998288370406	0.143361550231522	0;0;1;1;2;12;4;8;9;5	0	0	2.9657721713687	rnoCirc_012337	hsaCirc_013317
chr1	24085411	24086611	-	mmuCirc_000061	Fam135a	CTO:ANNOTATED:CDS:5UTR	2	208	NM_026604	0.0359829012851383	0.0170667097749	0.0740476843021408	0	0.018226776348359	0.524017781888406	0.820028228886045	1.05543023970569	0.715996576740811	0.315395410509348	2;1;4;0;1;16;28;32;18;11	0	0	3.92660997098621	rnoCirc_012338	
chr1	24685397	24693001	+	mmuCirc_000062	Lmbrd1	CTO:ANNOTATED:CDS	2	238	NM_026719	0	0	0	0	0	0.0655022227360508	0.0585734449204318	0.0659643899816055	0.23866552558027	0.0286723100463043	0;0;0;0;0;2;2;2;6;1	0	0	2.22997200587425		
chr1	24704821	24714982	+	mmuCirc_000063	Lmbrd1	CTO:ANNOTATED:CDS	4	329	NM_026719	0.0179914506425692	0	0	0	0	0	0	0.0989465849724082	0.159110350386847	0	1;0;0;0;0;0;0;3;4;0	0	0	1.60311465043349		
chr1	24711512	24731899	+	mmuCirc_000064	Lmbrd1	CTO:ANNOTATED:CDS	4	442	NM_026719	0.0179914506425692	0.0170667097749	0	0	0	0.163755556840127	0.0878601673806477	0.131928779963211	0.23866552558027	0.086016930138913	1;1;0;0;0;5;3;4;6;3	0	0	2.56791386304843	rnoCirc_012340	
chr1	24728546	24731899	+	mmuCirc_000065	Lmbrd1	CTO:ANNOTATED:CDS	2	279	NM_026719	0	0.0170667097749	0	0.0192294131873431	0	0.131004445472102	0	0.0329821949908028	0	0	0;1;0;1;0;4;0;1;0;0	0	0	0.614991729018934		hsaCirc_013313
chr1	24728546	24748878	+	mmuCirc_000066	Lmbrd1	CTO:ANNOTATED:CDS	7	781	NM_026719	0	0	0	0	0.018226776348359	0.0655022227360508	0.0585734449204318	0.0329821949908028	0.198887937983559	0	0;0;0;0;1;2;2;1;5;0	0	0	1.59860967217573		
chr1	30810683	30811967	-	mmuCirc_000067	Phf3	CTO:ANNOTATED:CDS	2	344	NM_001081080	0	0	0.0185119210755352	0	0.018226776348359	0.131004445472102	0.0585734449204318	0.131928779963211	0.119332762790135	0.114689240185217	0;0;1;0;1;4;2;4;3;4	0	0	2.29760418134479		
chr1	30837105	30863255	-	mmuCirc_000068	Phf3	CTO:ALT_ACCEPTOR:CDS:5UTR	2	431	NM_001081080	0.0179914506425692	0	0.0185119210755352	0.0961470659367156	0.018226776348359	0.196506668208152	0.117146889840864	0.0989465849724082	0.198887937983559	0.114689240185217	1;0;1;5;1;6;4;3;5;4	0	0	1.92929410250004	rnoCirc_012346	
chr1	33480458	33514217	-	mmuCirc_000069	Prim2	CTO:ANNOTATED:CDS	4	469	NM_008922	0	0	0	0.0192294131873431	0	0	0.0878601673806477	0	0.0397775875967117	0	0;0;0;1;0;0;3;0;1;0	0	0	1.51937959697899		
chr1	33484682	33533363	-	mmuCirc_000070	Prim2	CTO:ANNOTATED:CDS	4	454	NM_008922	0	0.0170667097749	0	0.0192294131873431	0	0	0.0292867224602159	0.0329821949908028	0	0.086016930138913	0;1;0;1;0;0;1;1;0;3	0	0	0.812717402713672		
chr1	33512016	33514217	-	mmuCirc_000071	Prim2	CTO:ANNOTATED:CDS	2	259	NM_008922	0.0179914506425692	0	0	0	0.018226776348359	0.0655022227360508	0.0292867224602159	0.197893169944816	0.318220700773694	0.229378480370435	1;0;0;0;1;2;1;6;8;8	0	0	2.54052196506084	rnoCirc_012367	
chr1	33512016	33533363	-	mmuCirc_000072	Prim2	CTO:ANNOTATED:CDS	3	327	NM_008922	0.0359829012851383	0	0.0185119210755352	0	0	0	0.0585734449204318	0.0659643899816055	0.198887937983559	0.0286723100463043	2;0;1;0;0;0;2;2;5;1	0	0	1.27654228529603		hsaCirc_013299
chr1	33628395	33630433	-	mmuCirc_000073	Prim2	CTO:ANNOTATED:CDS	2	234	NM_008922	0.0359829012851383	0.0341334195498	0.0185119210755352	0.0769176527493725	0.018226776348359	0.491266670520381	0.117146889840864	0.36280414489883	0.835329339530947	0.258050790416739	2;2;1;4;1;15;4;11;21;9	0	0	2.76994387981949	rnoCirc_012366	
chr1	33721608	33725019	+	mmuCirc_000074	Rab23	CTO:ANNOTATED:CDS:5UTR	3	398	NM_008999:NM_001159729	0	0	0.0185119210755352	0	0.018226776348359	0.0982533341040761	0.0292867224602159	0.164910974954014	0.0795551751934235	0.086016930138913	0;0;1;0;1;3;1;5;2;3	0	0	1.98311947942045	rnoCirc_012364	
chr1	33779044	33783964	-	mmuCirc_000075	Zfp451	CTO:ANNOTATED:CDS:5UTR	5	692	NM_001290699:NM_133817	0	0	0	0	0	0.0655022227360508	0	0.230875364935619	0.0397775875967117	0.0573446200926087	0;0;0;0;0;2;0;7;1;2	0	0	2.31894161282215		
chr1	33783041	33783964	-	mmuCirc_000076	Zfp451	CTO:ANNOTATED:CDS:5UTR	2	263	NM_001290699:NM_133817	0	0.0170667097749	0	0	0	0.0327511113680254	0.0878601673806477	0.0659643899816055	0.198887937983559	0	0;1;0;0;0;1;3;2;5;0	0	0	2.12400685290756		
chr1	33783041	33786532	-	mmuCirc_000077	Zfp451	CTO:ANNOTATED:CDS:5UTR	3	389	NM_001290699:NM_133817	0.0179914506425692	0	0	0.0576882395620293	0	0.0655022227360508	0.263580502141943	0.230875364935619	0.477331051160541	0.143361550231522	1;0;0;3;0;2;9;7;12;5	0	0	2.8706614816394		
chr1	34086242	34117524	+	mmuCirc_000078	Dst	CTO:ANNOTATED:CDS	4	323	NM_001276764:NM_133833:NM_134448	0	0	0.0555357632266056	0.0192294131873431	0	0.0655022227360508	0.0878601673806477	0.131928779963211	0.119332762790135	0.0286723100463043	0;0;3;1;0;2;3;4;3;1	0	0	1.72936874707231	rnoCirc_012357	hsaCirc_013290
chr1	34086242	34135256	+	mmuCirc_000079	Dst	CTO:ANNOTATED:CDS	5	490	NM_001276764:NM_133833:NM_134448	0	0	0	0	0.0364535526967181	0.0982533341040761	0.0878601673806477	0.0329821949908028	0.0397775875967117	0.0286723100463043	0;0;0;0;2;3;3;1;1;1	0	0	1.55320967841259	rnoCirc_012355	
chr1	34113933	34117524	+	mmuCirc_000080	Dst	CTO:ANNOTATED:CDS	3	261	NM_001276764:NM_133833:NM_134448	0	0	0.0185119210755352	0	0	0.0327511113680254	0	0.0659643899816055	0.278443113176982	0.0286723100463043	0;0;1;0;0;1;0;2;7;1	0	0	1.93503021601376	rnoCirc_012356	hsaCirc_013289
chr1	34223804	34229246	+	mmuCirc_000081	Dst	CTO:ANNOTATED:CDS	3	2168	NM_001276764:NM_133833:NM_134448	0	0	0	0.0769176527493725	0	0.0655022227360508	0.0878601673806477	0.0659643899816055	0.397775875967117	0.143361550231522	0;0;0;4;0;2;3;2;10;5	0	0	2.3537371464511		
chr1	34299721	34301932	+	mmuCirc_000082	Dst	CTO:ANNOTATED:CDS	2	190	NM_001276764:NM_133833:NM_134448	0	0	0	0.0192294131873431	0.0364535526967181	0.262008890944203	0.234293779681727	0.494732924862041	0.437553463563829	0.20070617032413	0;0;0;1;2;8;8;15;11;7	0	0	3.536553704657	rnoCirc_012349	
chr1	34817241	34820009	-	mmuCirc_000083	Fam168b	CTO:ALT_DONOR:CDS:3UTR	4	636	NM_001160235:NM_001160236:NM_174997	0.0179914506425692	0	0	0	0.018226776348359	0.0327511113680254	0	0.164910974954014	0.159110350386847	0.0286723100463043	1;0;0;0;1;1;0;5;4;1	0	0	1.79839503716243		
chr1	36179559	36184487	-	mmuCirc_000084	Uggt1	CTO:ANNOTATED:CDS	3	418	NM_198899	0	0	0	0	0	0	0	0	0	0.086016930138913	0;0;0;0;0;0;0;0;0;3	0	0	2.40622276606355		
chr1	36207942	36221324	-	mmuCirc_000085	Uggt1	CTO:ANNOTATED:CDS	5	565	NM_198899	0	0	0	0	0	0.0327511113680254	0	0.131928779963211	0.0795551751934235	0	0;0;0;0;0;1;0;4;2;0	0	0	2.21334036134504		
chr1	36438750	36439726	-	mmuCirc_000086	Lman2l	CTO:ANNOTATED:CDS	2	201	NM_001013374	0	0	0	0	0	0	0.0585734449204318	0.0329821949908028	0.119332762790135	0	0;0;0;0;0;0;2;1;3;0	0	0	2.0600040191197		hsaCirc_008394
chr1	36815455	36823153	-	mmuCirc_000087	Tmem131	CTO:ANNOTATED:CDS	7	750	NM_018872	0.0359829012851383	0.0170667097749	0	0	0	0	0	0.0989465849724082	0.119332762790135	0	2;1;0;0;0;0;0;3;3;0	0	0	0.749398564915305		
chr1	36854844	36889325	-	mmuCirc_000088	Tmem131	CTO:ANNOTATED:CDS	4	296	NM_018872	0	0	0	0	0	0.0655022227360508	0.117146889840864	0.0989465849724082	0.159110350386847	0.0286723100463043	0;0;0;0;0;2;4;3;4;1	0	0	2.37834638507521	rnoCirc_012385	
chr1	37377578	37380060	+	mmuCirc_000089	Inpp4a	CTO:ANNOTATED:CDS	3	542	NM_001290797:NM_030266:NM_001290798:NM_001290799:NM_172971	0.0179914506425692	0.0170667097749	0.092559605377676	0.0384588263746862	0.0729071053934362	0.360262225048279	0.380727391982807	0.59367950983445	0.6762189891441	0.372740030601957	1;1;5;2;4;11;13;18;17;13	0	0	2.97164630668068	rnoCirc_012386	hsaCirc_008399
chr1	37490260	37496013	-	mmuCirc_000090	Mgat4a	CTO:ANNOTATED:CDS	2	275	NM_001290801:NM_173870	0	0	0	0	0	0	0.0878601673806477	0	0.0795551751934235	0.0286723100463043	0;0;0;0;0;0;3;0;2;1	0	0	2.00989594490099		
chr1	37490260	37498740	-	mmuCirc_000091	Mgat4a	CTO:ANNOTATED:CDS	3	443	NM_001290801:NM_173870	0	0	0.0185119210755352	0.0384588263746862	0.0546803290450771	0.458515559152355	0.527161004283886	0.494732924862041	0.835329339530947	0.45875696074087	0;0;1;2;3;14;18;15;21;16	0	0	3.92926300843603		hsaCirc_008403
chr1	37801720	37811027	-	mmuCirc_000092	Tsga10	CTO:ANNOTATED:CDS	4	522	NM_207228:NM_001290721:NM_001290720:NR_110976	0	0.0170667097749	0	0.0384588263746862	0.018226776348359	0.196506668208152	0	0.131928779963211	0.159110350386847	0.086016930138913	0;1;0;2;1;6;0;4;4;3	0	0	1.71170678742923		
chr1	37801720	37819640	-	mmuCirc_000093	Tsga10	CTO:ANNOTATED:CDS	6	793	NM_207228:NM_001290721:NM_001290720:NR_110976	0	0	0.0185119210755352	0.0192294131873431	0.018226776348359	0.131004445472102	0.0292867224602159	0.0989465849724082	0.159110350386847	0.0573446200926087	0;0;1;1;1;4;1;3;4;2	0	0	1.81044269404919		
chr1	38071343	38085652	-	mmuCirc_000094	Rev1	CTO:ANNOTATED:CDS	5	618	NM_019570	0	0	0	0	0.0546803290450771	0.0982533341040761	0	0.0659643899816055	0.119332762790135	0	0;0;0;0;3;3;0;2;3;0	0	0	1.39182061483823		
chr1	38107568	38108467	-	mmuCirc_000095	Rev1	CTO:ANNOTATED:CDS:5UTR	2	191	NM_019570	0.251880308995968	0.0682668390996	0.166607289679817	0.423047090121549	0.273401645225386	3.04585335722636	1.99149712729468	3.19927291410787	4.21642428525145	2.12175094342652	14;4;9;22;15;93;68;97;106;74	1	1	3.64786281615955	rnoCirc_012393	hsaCirc_008419
chr1	38534906	38536946	-	mmuCirc_000096	Aff3	CTO:ANNOTATED:CDS	3	820	NM_001290814	0.0359829012851383	0.1194669684243	0	0.0961470659367156	0.0364535526967181	0.720524450096558	0.410014114443022	0.758590484788463	1.75021385425532	0.716807751157609	2;7;0;5;2;22;14;23;44;25	0	0	3.65375871245343	rnoCirc_012394	hsaCirc_008421
chr1	38534906	38539001	-	mmuCirc_000097	Aff3	CTO:ALT_ACCEPTOR:CDS	3	2875	NM_001290814	0	0	0.0185119210755352	0	0	0	0.0292867224602159	0.0989465849724082	0.0795551751934235	0.0286723100463043	0;0;1;0;0;0;1;3;2;1	0	0	1.63168336602017	rnoCirc_012395	hsaCirc_008422
chr1	39263319	39300733	+	mmuCirc_000098	Npas2	CTO:ANNOTATED:CDS:5UTR	4	388	NM_008719	0	0	0.0370238421510704	0	0	0.0982533341040761	0.146433612301079	0.0989465849724082	0.0795551751934235	0	0;0;2;0;0;3;5;3;2;0	0	0	2.24921422154181		
chr1	39287468	39300733	+	mmuCirc_000099	Npas2	CTO:ANNOTATED:CDS	3	331	NM_008719	0	0	0.0740476843021408	0.0769176527493725	0.018226776348359	0.163755556840127	0.0878601673806477	0.164910974954014	0.397775875967117	0.286723100463044	0;0;4;4;1;5;3;5;10;10	0	0	2.34367039394524		
chr1	39287468	39313068	+	mmuCirc_000100	Npas2	CTO:ANNOTATED:CDS	5	566	NM_008719	0	0	0.0370238421510704	0.0192294131873431	0	0.0982533341040761	0.0585734449204318	0.0659643899816055	0.437553463563829	0.114689240185217	0;0;2;1;0;3;2;2;11;4	0	0	2.2851040092894		
chr1	39555478	39565332	-	mmuCirc_000101	Rnf149	CTO:ANNOTATED:CDS	5	693	NM_001033135	0	0	0.0370238421510704	0.0192294131873431	0.0729071053934362	0.196506668208152	0.146433612301079	0.0659643899816055	0.477331051160541	0.114689240185217	0;0;2;1;4;6;5;2;12;4	0	0	2.25707219928272		hsaCirc_008440
chr1	39560693	39565332	-	mmuCirc_000102	Rnf149	CTO:ANNOTATED:CDS	3	403	NM_001033135	0	0.0341334195498	0.0185119210755352	0.0769176527493725	0	0.0982533341040761	0.0292867224602159	0.131928779963211	0.477331051160541	0.143361550231522	0;2;1;4;0;3;1;4;12;5	0	0	1.95957567282446		hsaCirc_008441
chr1	39564048	39565332	-	mmuCirc_000103	Rnf149	CTO:ANNOTATED:CDS	2	320	NM_001033135	0.0359829012851383	0.0170667097749	0.0370238421510704	0.0769176527493725	0.018226776348359	0.0655022227360508	0	0.0329821949908028	0.198887937983559	0.0573446200926087	2;1;2;4;1;2;0;1;5;2	0	0	0.361374492492218		
chr1	39983139	39990299	+	mmuCirc_000104	Map4k4	CTO:ANNOTATED:CDS	6	725	NM_001252200:NM_001252201:NM_001252202:NM_008696	0	0	0	0	0	0	0.0878601673806477	0.0329821949908028	0	0.0286723100463043	0;0;0;0;0;0;3;1;0;1	0	0	1.70656637835813		
chr1	39997021	39997182	+	mmuCirc_000105	Map4k4	CTO:ANNOTATED:CDS	1	162	NM_001252200:NM_001252201:NM_001252202:NM_008696	0	0	0	0	0	0	0	0	0.119332762790135	0	0;0;0;0;0;0;0;0;3;0	0	0	2.80046262890159		
chr1	39997021	40000749	+	mmuCirc_000106	Map4k4	CTO:ANNOTATED:CDS	3	375	NM_001252200:NM_001252201:NM_001252202:NM_008696	0	0.0170667097749	0.0185119210755352	0	0	0.0327511113680254	0.0585734449204318	0.131928779963211	0.119332762790135	0	0;1;1;0;0;1;2;4;3;0	0	0	1.81590001577659		hsaCirc_008443
chr1	39997057	39997182	+	mmuCirc_000107	Map4k4	CTO:ALT_ACCEPTOR:CDS	1	126	NM_001252200:NM_001252201:NM_001252202:NM_008696	0.0179914506425692	0.0341334195498	0	0.0192294131873431	0	0	0.0292867224602159	0.0329821949908028	0	0.172033860277826	1;2;0;1;0;0;1;1;0;6	0	0	0.527173078231842		
chr1	40003757	40010677	+	mmuCirc_000108	Map4k4	CTO:ANNOTATED:CDS	7	894	NM_001252200:NM_001252201:NM_001252202:NM_008696	0.179914506425692	0.0512001293247	0.111071526453211	0.173064718686088	0	0.85152889556866	0.351440669522591	1.41823438460452	0.954662102321082	0.659463131065	10;3;6;9;0;26;12;43;24;23	1	0	3.07707178238086	rnoCirc_012400	hsaCirc_008445
chr1	40003757	40011841	+	mmuCirc_000109	Map4k4	CTO:ANNOTATED:CDS	8	1086	NM_001252200:NM_001252201:NM_001252202:NM_008696	0	0	0.0370238421510704	0	0	0.0655022227360508	0	0.197893169944816	0.119332762790135	0.0573446200926087	0;0;2;0;0;2;0;6;3;2	0	0	2.19542732995863		
chr1	40003757	40014697	+	mmuCirc_000110	Map4k4	CTO:ANNOTATED:CDS	10	1375	NM_001252200:NM_001252201:NM_001252202:NM_008696	0.0179914506425692	0.0341334195498	0	0.0192294131873431	0	0.491266670520381	0.205007057221511	0.659643899816055	0.318220700773694	0.20070617032413	1;2;0;1;0;15;7;20;8;7	0	0	3.49288551904035		
chr1	40003763	40010677	+	mmuCirc_000111	Map4k4	CTO:ALT_ACCEPTOR:CDS	7	888	NM_001252200:NM_001252201:NM_001252202:NM_008696	0	0	0.0185119210755352	0	0	0.262008890944203	0.117146889840864	0.230875364935619	0.159110350386847	0.114689240185217	0;0;1;0;0;8;4;7;4;4	0	0	3.04265041225487	rnoCirc_012401	hsaCirc_008446
chr1	40276098	40282296	+	mmuCirc_000112	Il1r1	CTO:ALT_ACCEPTOR:CDS:5UTR	1	6199	NM_008362:NM_001123382	0	0	0	0	0	0.0655022227360508	0.0292867224602159	0.0329821949908028	0.119332762790135	0.0286723100463043	0;0;0;0;0;2;1;1;3;1	0	0	1.77724649244264		
chr1	43067474	43075952	-	mmuCirc_000113	Tgfbrap1	CTO:ANNOTATED:CDS:5UTR	3	1052	NM_001013025	0.0539743519277075	0.0170667097749	0	0.0192294131873431	0.018226776348359	0.0655022227360508	0.0878601673806477	0.0989465849724082	0.198887937983559	0	3;1;0;1;1;2;3;3;5;0	0	0	1.17354923684608	rnoCirc_012404	
chr1	43100715	43111373	+	mmuCirc_000114	AI597479	CTO:ANNOTATED:CDS	2	543	NM_133818	0	0	0.0370238421510704	0	0	0.0982533341040761	0	0.0989465849724082	0	0.086016930138913	0;0;2;0;0;3;0;3;0;3	0	0	2.01023613982223		
chr1	43128244	43131821	-	mmuCirc_000115	Fhl2	CTO:ANNOTATED:CDS	2	357	NM_010212:NM_001289533	0.0179914506425692	0	0	0	0.018226776348359	0.0327511113680254	0	0.0329821949908028	0	0.172033860277826	1;0;0;0;1;1;0;1;0;6	0	0	1.40257985686558	rnoCirc_012405	
chr1	43128244	43153254	-	mmuCirc_000116	Fhl2	CTO:ANNOTATED:CDS:5UTR	4	711	NM_010212:NM_001289533	0	0.0341334195498	0	0.0576882395620293	0.018226776348359	0.262008890944203	0	0.263857559926422	0.23866552558027	0.20070617032413	0;2;0;3;1;8;0;8;6;7	0	0	2.09460713110545	rnoCirc_012406	
chr1	43131683	43131821	-	mmuCirc_000117	Fhl2	CTO:ALT_DONOR:CDS	1	139	NM_010212:NM_001289533	0	0	0	0	0	0	0	0.131928779963211	0	0	0;0;0;0;0;0;0;4;0;0	0	0	2.92532328123365		
chr1	43141698	43141872	-	mmuCirc_000118	Fhl2	CTO:ANNOTATED:CDS	1	175	NM_010212:NM_001289533	0	0	0	0.0961470659367156	0	0	0.0878601673806477	0.0329821949908028	0.0397775875967117	0.0286723100463043	0;0;0;5;0;0;3;1;1;1	0	0	1.04035575168223		
chr1	43141698	43153254	-	mmuCirc_000119	Fhl2	CTO:ANNOTATED:CDS:5UTR	2	354	NM_010212:NM_001289533	0.575726420562213	0.4096010345976	0.499821869039451	0.730717701119038	0.346308750618822	7.27074672370163	4.83230920593562	10.9500887369465	9.78528654879109	4.50155267726978	32;24;27;38;19;222;165;332;246;157	1	1	3.76865289841184	rnoCirc_012409	hsaCirc_008451
chr1	43153076	43153254	-	mmuCirc_000120	Fhl2	CTO:ANNOTATED:CDS:5UTR	1	179	NM_010212:NM_001289533	0.0179914506425692	0.0341334195498	0	0.0769176527493725	0	0.0655022227360508	0.0292867224602159	0.164910974954014	0.119332762790135	0.20070617032413	1;2;0;4;0;2;1;5;3;7	0	0	1.64629676389515	rnoCirc_012410	hsaCirc_008452
chr1	43953257	43956625	+	mmuCirc_000121	Tpp2	CTO:ANNOTATED:CDS	3	444	NM_009418	0	0	0	0.0384588263746862	0.018226776348359	0.163755556840127	0	0.0989465849724082	0.278443113176982	0.0573446200926087	0;0;0;2;1;5;0;3;7;2	0	0	2.28515962828368		
chr1	43960084	43973520	+	mmuCirc_000122	Tpp2	CTO:ANNOTATED:CDS	7	897	NM_009418	0	0	0	0	0.0546803290450771	0.262008890944203	0.0585734449204318	0.131928779963211	0.23866552558027	0.172033860277826	0;0;0;0;3;8;2;4;6;6	0	0	2.75452204934832		