chr2	32206336	32208835	+	mmuCirc_005282	Prrc2b	CTO:ANNOTATED:CDS	2	441	NM_001159634:NM_172661	0	0	0	0	0	0.196506668208152	0	0	0.0397775875967117	0	0;0;0;0;0;6;0;0;1;0	0	0	2.50797211527436	rnoCirc_007589	
chr2	32306160	32306316	+	mmuCirc_005283	Golga2	CTO:ANNOTATED:CDS	1	157	NM_001080968:NM_133852	0	0	0	0	0	0	0.0292867224602159	0	0.119332762790135	0	0;0;0;0;0;0;1;0;3;0	0	0	2.05083083733911	rnoCirc_007591	
chr2	32657516	32657670	+	mmuCirc_005284	Eng	CTO:ANNOTATED:CDS	1	155	NM_001146348:NM_001146350:NM_007932	0	0	0	0	0	0.0982533341040761	0	0.0659643899816055	0	0.0573446200926087	0;0;0;0;0;3;0;2;0;2	0	0	2.20628301978291		
chr2	32802754	32808062	-	mmuCirc_005285	Stxbp1	CTO:ANNOTATED:CDS	4	347	NM_009295:NM_001113569	0	0	0	0	0.0546803290450771	0.0982533341040761	0.146433612301079	0.0329821949908028	0.159110350386847	0.0286723100463043	0;0;0;0;3;3;5;1;4;1	0	0	1.91426825144323		
chr2	32809101	32812105	-	mmuCirc_005286	Stxbp1	CTO:ANNOTATED:CDS	3	324	NM_009295:NM_001113569	0	0	0.0185119210755352	0	0.018226776348359	0.0982533341040761	0.0878601673806477	0.0659643899816055	0.0795551751934235	0	0;0;1;0;1;3;3;2;2;0	0	0	1.50684921347956		
chr2	32956475	32958214	-	mmuCirc_005287	Lrsam1	CTO:ANNOTATED:CDS	3	180	NM_199302	0	0.0170667097749	0.0185119210755352	0.0192294131873431	0.018226776348359	0.0327511113680254	0.205007057221511	0.263857559926422	0.198887937983559	0.114689240185217	0;1;1;1;1;1;7;8;5;4	0	0	2.23598597922715		
chr2	33260478	33276235	-	mmuCirc_005288	Ralgps1	CTO:ANNOTATED:CDS	3	310	NM_001290570:NM_001290572:NM_175211	0.0359829012851383	0	0.0185119210755352	0.0192294131873431	0	0.0327511113680254	0.117146889840864	0.131928779963211	0.23866552558027	0.086016930138913	2;0;1;1;0;1;4;4;6;3	0	0	1.95983726360761		
chr2	33260478	33284908	-	mmuCirc_005289	Ralgps1	CTO:ANNOTATED:CDS	4	394	NM_001290570:NM_001290572:NM_175211	0	0	0	0	0	0	0.0292867224602159	0.0989465849724082	0	0.0286723100463043	0;0;0;0;0;0;1;3;0;1	0	0	1.71884741355509	rnoCirc_007600	hsaCirc_016019
chr2	33260478	33324703	-	mmuCirc_005290	Ralgps1	CTO:ANNOTATED:CDS	5	445	NM_001290570:NM_001290572:NM_175211	0	0	0.0185119210755352	0.0192294131873431	0	0.0982533341040761	0.0585734449204318	0.0659643899816055	0.198887937983559	0.143361550231522	0;0;1;1;0;3;2;2;5;5	0	0	2.24129323819924		
chr2	33273561	33284908	-	mmuCirc_005291	Ralgps1	CTO:ANNOTATED:CDS	3	267	NM_001290570:NM_001290572:NM_175211	0	0	0.0185119210755352	0	0.018226776348359	0	0.0585734449204318	0.230875364935619	0.0397775875967117	0.0286723100463043	0;0;1;0;1;0;2;7;1;1	0	0	1.65143950260011	rnoCirc_007601	hsaCirc_016018
chr2	33802745	33827811	-	mmuCirc_005292	Mvb12b	CTO:ANNOTATED:CDS	3	348	NM_175184	0	0	0	0	0	0	0	0	0.119332762790135	0	0;0;0;0;0;0;0;0;3;0	0	0	2.80046262890159		hsaCirc_016017
chr2	33802745	33834633	-	mmuCirc_005293	Mvb12b	CTO:ANNOTATED:CDS	4	445	NM_175184	0	0	0	0.0384588263746862	0.0546803290450771	0	0	0	0.159110350386847	0	0;0;0;2;3;0;0;0;4;0	0	0	-0.142686172580893	rnoCirc_007602	
chr2	33825048	33874460	-	mmuCirc_005294	Mvb12b	CTO:ANNOTATED:CDS	5	581	NM_175184	0	0	0	0	0	0	0.0292867224602159	0.0329821949908028	0.198887937983559	0.0286723100463043	0;0;0;0;0;0;1;1;5;1	0	0	1.86048211469345	rnoCirc_007605	hsaCirc_016016
chr2	34204780	34213442	-	mmuCirc_005295	Pbx3	CTO:ANNOTATED:CDS	2	327	NM_001290576:NM_016768	0	0	0	0	0	0.131004445472102	0.117146889840864	0.0659643899816055	0.0795551751934235	0.0286723100463043	0;0;0;0;0;4;4;2;2;1	0	0	2.27930116782147	rnoCirc_007606	hsaCirc_016014
chr2	34204780	34224646	-	mmuCirc_005296	Pbx3	CTO:ANNOTATED:CDS	3	569	NM_001290576:NM_016768	0	0	0.0370238421510704	0	0	0.0327511113680254	0	0.0329821949908028	0.0795551751934235	0.143361550231522	0;0;2;0;0;1;0;1;2;5	0	0	1.6596591813366	rnoCirc_007607	hsaCirc_016013
chr2	34419108	34420287	+	mmuCirc_005297	Mapkap1	INTRONIC	1	1180	NM_001290625:NM_001290626:NM_177345	0	0	0	0	0	0.0982533341040761	0	0	0.0397775875967117	0	0;0;0;0;0;3;0;0;1;0	0	0	2.07170681577516		
chr2	34429518	34444406	+	mmuCirc_005298	Mapkap1	CTO:ALT_ACCEPTOR:CDS:5UTR	3	3052	NM_001290625:NM_001290626:NM_177345	0	0	0	0.0192294131873431	0.018226776348359	0	0	0.0989465849724082	0.278443113176982	0	0;0;0;1;1;0;0;3;7;0	0	0	1.52170223531318		
chr2	34432003	34444406	+	mmuCirc_005299	Mapkap1	CTO:ANNOTATED:CDS:5UTR	3	567	NM_001290625:NM_001290626:NM_177345	0.0539743519277075	0.0341334195498	0.092559605377676	0.211523545060774	0.018226776348359	0.655022227360508	0.380727391982807	1.28630560464131	1.78999144185203	0.946186231528043	3;2;5;11;1;20;13;39;45;33	0	0	3.44819938354259	rnoCirc_007611	hsaCirc_016011
chr2	34432003	34452051	+	mmuCirc_005300	Mapkap1	CTO:ALT_DONOR:CDS:5UTR	3	8212	NM_001290625:NM_001290626:NM_177345	0.0179914506425692	0	0	0.0384588263746862	0	0.0982533341040761	0	0.0989465849724082	0.159110350386847	0.0573446200926087	1;0;0;2;0;3;0;3;4;2	0	0	1.94425824637802		
chr2	34432007	34444410	+	mmuCirc_005301	Mapkap1	CTO:ALT_DONOR:ALT_ACCEPTOR:CDS:5UTR	3	567	NM_001290625:NM_001290626:NM_177345	0	0	0	0	0	0	0	0	0.119332762790135	0	0;0;0;0;0;0;0;0;3;0	0	0	2.80046262890159	rnoCirc_007615	
chr2	34435133	34444406	+	mmuCirc_005302	Mapkap1	CTO:ANNOTATED:CDS:5UTR	2	239	NM_001290625:NM_001290626:NM_177345	0.0539743519277075	0.0341334195498	0.0555357632266056	0.153835305498745	0.0911338817417952	1.17904000924891	0.99574856364734	1.48419877458612	1.94910179223888	0.831496991342826	3;2;3;8;5;36;34;45;49;29	0	1	3.80074595094602		
chr2	34563055	34581332	+	mmuCirc_005303	Mapkap1	CTO:ANNOTATED:CDS	2	249	NM_001290625:NM_001290626:NM_177345	0	0	0	0	0	0.0655022227360508	0	0.0329821949908028	0.119332762790135	0.0573446200926087	0;0;0;0;0;2;0;1;3;2	0	0	2.06330827822298	rnoCirc_007617	
chr2	34706020	34706832	-	mmuCirc_005304	Gapvd1	CTO:ANNOTATED:CDS	2	255	NM_025709	0	0	0	0	0	0	0.0292867224602159	0	0.159110350386847	0	0;0;0;0;0;0;1;0;4;0	0	0	2.23198792525946		
chr2	35292638	35293508	+	mmuCirc_005305	Gsn	CTO:ALT_DONOR:ALT_ACCEPTOR:CDS	2	130	NM_001206367:NM_001206368:NM_001206369:NM_146120	0	0.0512001293247	0	0	0	0	0	0	0	0	0;3;0;0;0;0;0;0;0;0	0	0	-1.83187986164018		
chr2	35307497	35307768	+	mmuCirc_005306	Gsn	CTO:ALT_DONOR:CDS:3UTR	1	272	NM_001206367:NM_001206368:NM_001206369:NM_146120	0	0	0	0	0	0	0.0292867224602159	0.164910974954014	0	0	0;0;0;0;0;0;1;5;0;0	0	0	2.25497899785135		
chr2	35422180	35423412	-	mmuCirc_005307	Ggta1	CTO:ANNOTATED:CDS:5UTR	2	270	NM_001145821:NM_010283	0	0	0	0.0192294131873431	0	0	0.117146889840864	0.0989465849724082	0.0795551751934235	0.0286723100463043	0;0;0;1;0;0;4;3;2;1	0	0	1.99413843855447		
chr2	35643888	35661625	+	mmuCirc_005308	Dab2ip	CTO:ANNOTATED:CDS:5UTR	2	371	NM_001114125:NM_001290637:NM_001114124:NM_001290641	0	0	0.0185119210755352	0.0576882395620293	0.018226776348359	0.0982533341040761	0.0878601673806477	0.131928779963211	0.159110350386847	0.487429270787174	0;0;1;3;1;3;3;4;4;17	0	0	2.382109859576	rnoCirc_007631	
chr2	36147353	36159690	+	mmuCirc_005309	Mrrf	CTO:ALT_ACCEPTOR:CDS	3	917	NM_026422	0	0	0	0	0	0	0	0	0.159110350386847	0	0;0;0;0;0;0;0;0;4;0	0	0	3.16277680474228		
chr2	37399587	37414812	-	mmuCirc_005310	Rc3h2	CTO:ANNOTATED:CDS:5UTR	7	1278	NM_001100591:NM_001290642	0	0	0.0370238421510704	0	0	0.0982533341040761	0.0585734449204318	0.0329821949908028	0.119332762790135	0.086016930138913	0;0;2;0;0;3;2;1;3;3	0	0	1.92769570604365		
chr2	37405244	37414812	-	mmuCirc_005311	Rc3h2	CTO:ANNOTATED:CDS:5UTR	4	825	NM_001100591:NM_001290642	0.0179914506425692	0	0.0370238421510704	0	0.018226776348359	0.131004445472102	0	0.164910974954014	0.0795551751934235	0.0573446200926087	1;0;2;0;1;4;0;5;2;2	0	0	1.75506293342705	rnoCirc_007636	hsaCirc_015970
chr2	37469377	37475466	+	mmuCirc_005312	Rabgap1	CTO:ANNOTATED:CDS:5UTR	4	800	NM_146121:NM_001033960	0	0	0	0.0192294131873431	0.018226776348359	0.163755556840127	0.0878601673806477	0.329821949908027	0.397775875967117	0.086016930138913	0;0;0;1;1;5;3;10;10;3	0	0	2.92874318131483		
chr2	37532516	37543231	+	mmuCirc_005313	Rabgap1	CTO:ANNOTATED:CDS	6	630	NM_146121:NM_001033960	0	0	0	0	0	0.0327511113680254	0	0.0329821949908028	0.318220700773694	0.0286723100463043	0;0;0;0;0;1;0;1;8;1	0	0	2.04192585220947	rnoCirc_007645	hsaCirc_015982
chr2	37540417	37541176	+	mmuCirc_005314	Rabgap1	CTO:ANNOTATED:CDS	2	270	NM_146121:NM_001033960	0	0.0170667097749	0	0	0.018226776348359	0	0	0	0.119332762790135	0	0;1;0;0;1;0;0;0;3;0	0	0	0.325251675178216		
chr2	37580673	37647285	-	mmuCirc_005315	Strbp	CTO:ALT_DONOR	17	5543	NM_009261	0.0179914506425692	0	0.0370238421510704	0	0	0.0655022227360508	0.0585734449204318	0	0.198887937983559	0.0573446200926087	1;0;2;0;0;2;2;0;5;2	0	0	1.40723703726301	rnoCirc_007646	
chr2	37590657	37647285	-	mmuCirc_005316	Strbp	CTO:ANNOTATED:CDS:5UTR	15	2064	NM_009261	0	0	0	0.0192294131873431	0	0.0327511113680254	0	0	0.119332762790135	0	0;0;0;1;0;1;0;0;3;0	0	0	1.61386418145355	rnoCirc_007648	hsaCirc_015988
chr2	37602935	37604014	-	mmuCirc_005317	Strbp	CTO:ANNOTATED:CDS	2	293	NM_009261	0	0	0	0	0	0	0.0878601673806477	0.0329821949908028	0.0795551751934235	0	0;0;0;0;0;0;3;1;2;0	0	0	2.05069806684916		
chr2	37624173	37627526	-	mmuCirc_005318	Strbp	CTO:ANNOTATED:CDS	5	510	NM_009261	0	0	0	0	0.018226776348359	0.0655022227360508	0.0585734449204318	0.0659643899816055	0.198887937983559	0.086016930138913	0;0;0;0;1;2;2;2;5;3	0	0	2.21950053444214	rnoCirc_007658	
chr2	37624173	37635568	-	mmuCirc_005319	Strbp	CTO:ANNOTATED:CDS	6	655	NM_009261	0	0	0	0	0	0	0.0878601673806477	0	0	0	0;0;0;0;0;0;3;0;0;0	0	0	2.43109027266771	rnoCirc_007659	
chr2	37624173	37647285	-	mmuCirc_005320	Strbp	CTO:ANNOTATED:CDS:5UTR	9	1212	NM_009261	0.125940154497984	0.1024002586494	0.259166895057493	0.153835305498745	0.109360658090154	1.86681334797745	1.05432200856777	3.16629071911706	1.51154832867505	1.83502784296348	7;6;14;8;6;57;36;96;38;64	1	1	3.46401937992406	rnoCirc_007660	
chr2	37635424	37647285	-	mmuCirc_005321	Strbp	CTO:ANNOTATED:CDS:5UTR	4	702	NM_009261	0.0359829012851383	0	0	0	0.018226776348359	0.0982533341040761	0.146433612301079	0.329821949908027	0.278443113176982	0.114689240185217	2;0;0;0;1;3;5;10;7;4	0	0	2.79612194838054	rnoCirc_007662	hsaCirc_015990
chr2	37640851	37647285	-	mmuCirc_005322	Strbp	CTO:ANNOTATED:CDS:5UTR	3	557	NM_009261	0.0539743519277075	0	0.0555357632266056	0.0576882395620293	0	0.229257779576178	0.0292867224602159	0.626661704825252	0.636441401547388	0.229378480370435	3;0;3;3;0;7;1;19;16;8	0	0	2.5741366210178	rnoCirc_007663	
chr2	37961641	37983105	-	mmuCirc_005323	Dennd1a	CTO:ANNOTATED:CDS	2	148	NM_146122	0	0	0.0185119210755352	0	0	0.0982533341040761	0	0.230875364935619	0.159110350386847	0.0286723100463043	0;0;1;0;0;3;0;7;4;1	0	0	2.42832020574866		
chr2	37961641	38003474	-	mmuCirc_005324	Dennd1a	CTO:ANNOTATED:CDS	3	249	NM_146122	0	0	0	0	0	0	0.0292867224602159	0.0329821949908028	0.119332762790135	0.114689240185217	0;0;0;0;0;0;1;1;3;4	0	0	2.06468299690894	rnoCirc_007667	
chr2	37961641	38021466	-	mmuCirc_005325	Dennd1a	CTO:ANNOTATED:CDS	4	360	NM_146122	0	0	0.0185119210755352	0	0	0	0	0.0659643899816055	0.159110350386847	0.114689240185217	0;0;1;0;0;0;0;2;4;4	0	0	2.35759119087651		hsaCirc_015995
chr2	38116605	38126648	-	mmuCirc_005326	Dennd1a	CTO:ALT_DONOR:CDS	1	10044	NM_146122	0	0	0.0370238421510704	0	0	0.0327511113680254	0	0.0659643899816055	0.159110350386847	0.0573446200926087	0;0;2;0;0;1;0;2;4;2	0	0	1.77636328737434		
chr2	38126529	38136975	-	mmuCirc_005327	Dennd1a	CTO:ANNOTATED:CDS	2	170	NM_146122	0	0	0	0	0	0.196506668208152	0.0292867224602159	0.0659643899816055	0.397775875967117	0.086016930138913	0;0;0;0;0;6;1;2;10;3	0	0	2.72643156164514	rnoCirc_007668	hsaCirc_015996
chr2	38126529	38159850	-	mmuCirc_005328	Dennd1a	CTO:ANNOTATED:CDS	3	214	NM_146122	0	0	0	0	0	0.196506668208152	0	0.0989465849724082	0.0795551751934235	0.0286723100463043	0;0;0;0;0;6;0;3;2;1	0	0	2.40179476571487	rnoCirc_007669	hsaCirc_015997
chr2	39033157	39041352	-	mmuCirc_005329	Golga1	CTO:ANNOTATED:CDS	5	564	NM_001290649:NM_029793:NR_110968	0.0179914506425692	0	0	0.0192294131873431	0.018226776348359	0.0982533341040761	0	0.197893169944816	0.119332762790135	0.143361550231522	1;0;0;1;1;3;0;6;3;5	0	0	2.251905778016		
chr2	39094437	39099475	-	mmuCirc_005330	Scai	CTO:ALT_DONOR:CDS	2	448	NM_178778	0	0	0	0.0961470659367156	0	0.0655022227360508	0.0878601673806477	0.0659643899816055	0.159110350386847	0.114689240185217	0;0;0;5;0;2;3;2;4;4	0	0	2.00145001121736		
chr2	39121111	39133086	-	mmuCirc_005331	Scai	CTO:ANNOTATED:CDS	4	414	NM_178778	0	0	0	0	0	0	0	0.0989465849724082	0	0.0286723100463043	0;0;0;0;0;0;0;3;0;1	0	0	1.92767159744432		
chr2	39204833	39206717	-	mmuCirc_005332	Ppp6c	CTO:ANNOTATED:CDS	2	208	NM_024209	0	0	0	0	0	0.0982533341040761	0.0585734449204318	0.0329821949908028	0.0397775875967117	0	0;0;0;0;0;3;2;1;1;0	0	0	1.88074076500196		
chr2	39204833	39211053	-	mmuCirc_005333	Ppp6c	CTO:ANNOTATED:CDS	3	304	NM_024209	0	0	0	0	0	0.0982533341040761	0.0585734449204318	0.0989465849724082	0.198887937983559	0	0;0;0;0;0;3;2;3;5;0	0	0	2.64055331668706	rnoCirc_007675	
chr2	39206652	39211053	-	mmuCirc_005334	Ppp6c	CTO:ANNOTATED:CDS	2	162	NM_024209	0	0	0	0	0	0	0.0292867224602159	0.131928779963211	0	0.0573446200926087	0;0;0;0;0;0;1;4;0;2	0	0	2.05927442391557		
chr2	44752047	44756435	-	mmuCirc_005335	Gtdc1	CTO:ANNOTATED:CDS	2	342	NM_172662	0	0	0	0.0384588263746862	0.018226776348359	0.0982533341040761	0.0878601673806477	0.263857559926422	0.517108638757253	0.143361550231522	0;0;0;2;1;3;3;8;13;5	0	0	2.82342573126859	rnoCirc_007679	
chr2	44825351	44860326	-	mmuCirc_005336	Gtdc1	CTO:ANNOTATED:CDS:5UTR	2	229	NM_172662	0	0	0	0	0.018226776348359	0	0	0.0989465849724082	0	0	0;0;0;0;1;0;0;3;0;0	0	0	0.818829201654963		hsaCirc_008596
chr2	45017397	45023104	-	mmuCirc_005337	Zeb2	CTO:ANNOTATED:CDS	2	330	NM_001289521:NM_015753	0	0.0170667097749	0	0	0.0364535526967181	0	0.0585734449204318	0	0.119332762790135	0.0286723100463043	0;1;0;0;2;0;2;0;3;1	0	0	1.22347241896118	rnoCirc_007681	hsaCirc_008599
chr2	45278975	45340914	+	mmuCirc_005338		NTO	1	61940		0	0	0	0	0	0	0	0.131928779963211	0	0	0;0;0;0;0;0;0;4;0;0	0	0	2.92532328123365		
chr2	48155316	48155892	-	mmuCirc_005339		NTO	1	577		0.0179914506425692	0	0	0.0192294131873431	0.018226776348359	0.196506668208152	0.0585734449204318	0.0989465849724082	0.517108638757253	0.086016930138913	1;0;0;1;1;6;2;3;13;3	0	0	2.46075880068837		
chr2	48870289	48873473	+	mmuCirc_005340	Acvr2a	CTO:ANNOTATED:CDS	3	473	NM_007396	0.21589740771083	0.0682668390996	0.185119210755352	0.346129437372176	0.200494539831949	1.40829778882509	1.66934318023231	2.17682486939298	4.09709152246131	1.14689240185217	12;4;10;18;11;43;57;66;103;40	1	1	3.23449086097981	rnoCirc_007683	hsaCirc_008601
chr2	48927096	48940400	-	mmuCirc_005341	Orc4	CTO:ncRNA	7	596	NR_033442:NM_011958	0.0179914506425692	0	0	0.0192294131873431	0	0.0327511113680254	0.0585734449204318	0.197893169944816	0.278443113176982	0.229378480370435	1;0;0;1;0;1;2;6;7;8	0	0	2.49216618926437		
chr2	48989028	49018325	+	mmuCirc_005342	Mbd5	CTO:ALT_ACCEPTOR:5UTR	1	29298	NM_029924	0	0	0	0	0	0.0327511113680254	0.0292867224602159	0.0329821949908028	0.23866552558027	0.086016930138913	0;0;0;0;0;1;1;1;6;3	0	0	2.04102935944979		
chr2	49018254	49099809	+	mmuCirc_005343	Mbd5	CTO:ANNOTATED:5UTR	3	228	NM_029924	0	0.0170667097749	0	0.0576882395620293	0.018226776348359	0.0655022227360508	0.0292867224602159	0.131928779963211	0.119332762790135	0.0573446200926087	0;1;0;3;1;2;1;4;3;2	0	0	1.45836880045594		
chr2	49272041	49279783	+	mmuCirc_005344	Mbd5	CTO:ANNOTATED:CDS	3	2432	NM_029924:NM_001290656	0	0	0	0	0	0	0	0.0989465849724082	0.119332762790135	0.0286723100463043	0;0;0;0;0;0;0;3;3;1	0	0	2.21860194126341	rnoCirc_007688	
chr2	50355025	50370969	+	mmuCirc_005345	Gm13483	INTRONIC:ncRNA	1	15945	NR_040362	0	0	0.0185119210755352	0	0	0.294760002312228	0.146433612301079	0.230875364935619	0.0795551751934235	0.0286723100463043	0;0;1;0;0;9;5;7;2;1	0	0	2.66704932294406		
chr2	50433095	50482682	+	mmuCirc_005346	Gm13483	ITO:ncRNA	1	49588	NR_040362	0	0	0.0185119210755352	0	0	0.163755556840127	0	0.0659643899816055	0.0795551751934235	0.086016930138913	0;0;1;0;0;5;0;2;2;3	0	0	2.26996728050826		
chr2	52449950	52455709	-	mmuCirc_005347	Cacnb4	CTO:ANNOTATED:CDS	3	358	NM_001285427:NM_146123:NM_001285428:NM_001285426:NM_001037099	0.0359829012851383	0	0	0.0192294131873431	0	0.262008890944203	0.0292867224602159	0.131928779963211	0	0.0286723100463043	2;0;0;1;0;8;1;4;0;1	0	0	1.37407406136025		
chr2	53068502	53073733	+	mmuCirc_005348	Fmnl2	CTO:ANNOTATED:CDS	3	280	NM_172409	0	0	0	0	0.018226776348359	0.0655022227360508	0	0	0.159110350386847	0.0286723100463043	0;0;0;0;1;2;0;0;4;1	0	0	1.86908547828468	rnoCirc_007698	hsaCirc_008612