chr11	20725685	20727639	-	mmuCirc_001262	Aftph	CTO:ANNOTATED:CDS:5UTR	1	1955	NM_001252503:NM_001290545:NM_181411	0	0.0170667097749	0	0.0384588263746862	0	0.0655022227360508	0.146433612301079	0.0329821949908028	0.0795551751934235	0.086016930138913	0;1;0;2;0;2;5;1;2;3	0	0	1.76850372245383	rnoCirc_003892	hsaCirc_008256
chr11	21263199	21264871	+	mmuCirc_001263	Vps54	CTO:ANNOTATED:CDS:5UTR	2	398	NM_001290628:NM_139061	0	0.0170667097749	0.0370238421510704	0.0384588263746862	0	0.163755556840127	0.205007057221511	0.296839754917225	0.278443113176982	0.372740030601957	0;1;2;2;0;5;7;9;7;13	0	0	2.98461448269338		
chr11	21263199	21275129	+	mmuCirc_001264	Vps54	CTO:ANNOTATED:CDS:5UTR	5	644	NM_001290628:NM_139061	0	0	0	0	0	0	0	0.0989465849724082	0.0795551751934235	0	0;0;0;0;0;0;0;3;2;0	0	0	2.44386913018087		
chr11	21263199	21278060	+	mmuCirc_001265	Vps54	CTO:ANNOTATED:CDS:5UTR	6	1030	NM_001290628:NM_139061	0	0	0	0	0.018226776348359	0.196506668208152	0.0878601673806477	0.131928779963211	0.357998288370406	0.086016930138913	0;0;0;0;1;6;3;4;9;3	0	0	2.90094002550114	rnoCirc_003904	hsaCirc_008254
chr11	21268785	21278060	+	mmuCirc_001266	Vps54	CTO:ANNOTATED:CDS	4	632	NM_001290628:NM_139061	0	0	0	0	0	0	0	0	0.119332762790135	0	0;0;0;0;0;0;0;0;3;0	0	0	2.80046262890159		
chr11	21652226	21664385	+	mmuCirc_001267	Wdpcp	CTO:ANNOTATED:CDS:5UTR	5	315	NM_145425	0.0179914506425692	0.0170667097749	0	0.0192294131873431	0.0364535526967181	0.131004445472102	0.0585734449204318	0.230875364935619	0.0795551751934235	0.0573446200926087	1;1;0;1;2;4;2;7;2;2	0	0	1.70429162105067	rnoCirc_003909	hsaCirc_008243
chr11	21689568	21695305	+	mmuCirc_001268	Wdpcp	CTO:ANNOTATED:CDS	3	441	NM_145425	0	0.0170667097749	0	0	0	0.0655022227360508	0	0.131928779963211	0.0397775875967117	0.0286723100463043	0;1;0;0;0;2;0;4;1;1	0	0	1.39877341418116	rnoCirc_003910	hsaCirc_008242
chr11	21689568	21724636	+	mmuCirc_001269	Wdpcp	CTO:ANNOTATED:CDS	6	1364	NM_145425	0	0	0	0	0	0	0	0	0.119332762790135	0	0;0;0;0;0;0;0;0;3;0	0	0	2.80046262890159	rnoCirc_003911	
chr11	21711462	21724636	+	mmuCirc_001270	Wdpcp	CTO:ANNOTATED:CDS	3	923	NM_145425	0	0	0	0	0	0	0.0878601673806477	0.0989465849724082	0.159110350386847	0.114689240185217	0;0;0;0;0;0;3;3;4;4	0	0	2.72941793071238		
chr11	21711462	21748941	+	mmuCirc_001271	Wdpcp	CTO:ANNOTATED:CDS	4	987	NM_145425	0	0	0	0.0192294131873431	0	0.0327511113680254	0.0585734449204318	0.131928779963211	0.0795551751934235	0.086016930138913	0;0;0;1;0;1;2;4;2;3	0	0	2.00966998187776		
chr11	22051159	22068506	-	mmuCirc_001272	Ehbp1	CTO:ALT_DONOR:CDS	6	3015	NM_001252515:NM_153078	0.0179914506425692	0	0.0185119210755352	0	0	0	0.0878601673806477	0.197893169944816	0.198887937983559	0.0286723100463043	1;0;1;0;0;0;3;6;5;1	0	0	1.74817625012841		
chr11	22053432	22059261	-	mmuCirc_001273	Ehbp1	CTO:ANNOTATED:CDS	4	486	NM_001252515:NM_153078	0.0179914506425692	0	0.0370238421510704	0.0384588263746862	0	0.0982533341040761	0.0878601673806477	0.131928779963211	0.23866552558027	0.258050790416739	1;0;2;2;0;3;3;4;6;9	0	0	2.2851708020669	rnoCirc_003916	
chr11	22053432	22068503	-	mmuCirc_001274	Ehbp1	CTO:ALT_ACCEPTOR:CDS	6	739	NM_001252515:NM_153078	0.0359829012851383	0.0512001293247	0.0555357632266056	0.0192294131873431	0.0546803290450771	0.327511113680254	0.205007057221511	0.36280414489883	0.477331051160541	0.344067720555652	2;3;3;1;3;10;7;11;12;12	0	0	2.51699992268766		
chr11	22053432	22068506	-	mmuCirc_001275	Ehbp1	CTO:ANNOTATED:CDS	6	742	NM_001252515:NM_153078	0.161923055783122	0.1194669684243	0.314702658284099	0.326900024184833	0.255174868877027	3.14410669133044	1.75720334761295	4.22172095882275	3.26176218293036	1.72033860277826	9;7;17;17;14;96;60;128;82;60	1	1	3.47170707817151	rnoCirc_003917	hsaCirc_008238
chr11	22068359	22101230	-	mmuCirc_001276	Ehbp1	CTO:ANNOTATED:CDS	5	1402	NM_001252515:NM_153078	0.0179914506425692	0	0.0185119210755352	0.0192294131873431	0	0.196506668208152	0	0.0659643899816055	0	0	1;0;1;1;0;6;0;2;0;0	0	0	0.899054356060262		
chr11	22137838	22151189	-	mmuCirc_001277	Ehbp1	CTO:ANNOTATED:CDS	3	581	NM_001252515:NM_153078	0	0	0.0370238421510704	0	0	0.131004445472102	0.0292867224602159	0.0659643899816055	0.119332762790135	0.0286723100463043	0;0;2;0;0;4;1;2;3;1	0	0	1.77869119019838	rnoCirc_003921	
chr11	22169035	22173006	-	mmuCirc_001278	Ehbp1	CTO:ANNOTATED:CDS	2	322	NM_001252515:NM_153078	0.0179914506425692	0	0.0185119210755352	0.0192294131873431	0.0364535526967181	0	0	0	0.0397775875967117	0.114689240185217	1;0;1;1;2;0;0;0;1;4	0	0	-0.00220316120691794	rnoCirc_003923	
chr11	22995930	22996457	+	mmuCirc_001279	Cct4	CTO:ANNOTATED:CDS	2	252	NM_009837	0	0.0341334195498	0.0185119210755352	0.0192294131873431	0.018226776348359	0.0982533341040761	0	0.0329821949908028	0.198887937983559	0.0286723100463043	0;2;1;1;1;3;0;1;5;1	0	0	0.883238891022901		
chr11	23261835	23271205	+	mmuCirc_001280	Xpo1	CTO:ANNOTATED:CDS:5UTR	3	307	NM_001035226:NM_134014	0	0	0	0.0192294131873431	0	0.0655022227360508	0.0585734449204318	0.0329821949908028	0.198887937983559	0.143361550231522	0;0;0;1;0;2;2;1;5;5	0	0	2.19713854119531	rnoCirc_003930	hsaCirc_008229
chr11	23276427	23278925	+	mmuCirc_001281	Xpo1	CTO:ANNOTATED:CDS	5	458	NM_001035226:NM_134014	0	0	0	0.0192294131873431	0	0.0327511113680254	0	0.0659643899816055	0.119332762790135	0.0286723100463043	0;0;0;1;0;1;0;2;3;1	0	0	1.65364219264556		
chr11	23281306	23282726	+	mmuCirc_001282	Xpo1	CTO:ANNOTATED:CDS	2	357	NM_001035226:NM_134014	0	0.0170667097749	0.0185119210755352	0	0	0.0655022227360508	0.0585734449204318	0.0329821949908028	0.119332762790135	0.086016930138913	0;1;1;0;0;2;2;1;3;3	0	0	1.76935351962858		hsaCirc_008222
chr11	23289758	23291631	+	mmuCirc_001283	Xpo1	CTO:ANNOTATED:CDS	2	364	NM_001035226:NM_134014	0	0	0.0185119210755352	0	0	0.0982533341040761	0.0878601673806477	0.0329821949908028	0.0795551751934235	0	0;0;1;0;0;3;3;1;2;0	0	0	1.94264951635674		
chr11	23343320	23355098	+	mmuCirc_001284	Usp34	CTO:ANNOTATED:CDS	7	699	NM_001190401	0	0	0	0.0192294131873431	0	0.0327511113680254	0.0878601673806477	0	0.198887937983559	0.0286723100463043	0;0;0;1;0;1;3;0;5;1	0	0	1.8983944513862		hsaCirc_008214
chr11	23351592	23355098	+	mmuCirc_001285	Usp34	CTO:ANNOTATED:CDS	3	237	NM_001190401	0.0359829012851383	0	0	0	0.018226776348359	0.196506668208152	0.117146889840864	0.131928779963211	0.318220700773694	0.315395410509348	2;0;0;0;1;6;4;4;8;11	0	0	2.97348542734385		
chr11	23354845	23355098	+	mmuCirc_001286	Usp34	CTO:ANNOTATED:CDS	2	175	NM_001190401	0.0539743519277075	0.0853335488745	0.0740476843021408	0.0769176527493725	0.109360658090154	0.753275561464584	0.527161004283886	0.59367950983445	1.31266039069149	0.344067720555652	3;5;4;4;6;23;18;18;33;12	1	1	2.7486241730051	rnoCirc_003893	hsaCirc_008213
chr11	23377555	23384500	+	mmuCirc_001287	Usp34	CTO:ANNOTATED:CDS	4	452	NM_001190401	0	0	0	0	0	0	0	0	0.119332762790135	0	0;0;0;0;0;0;0;0;3;0	0	0	2.80046262890159		
chr11	23414736	23420144	+	mmuCirc_001288	Usp34	CTO:ANNOTATED:CDS	5	507	NM_001190401	0	0	0	0.0192294131873431	0	0	0	0.0329821949908028	0.0397775875967117	0.114689240185217	0;0;0;1;0;0;0;1;1;4	0	0	1.58824641141594		
chr11	23432246	23436079	+	mmuCirc_001289	Usp34	CTO:ANNOTATED:CDS	5	550	NM_001190401	0	0	0	0	0	0	0	0.0659643899816055	0	0.114689240185217	0;0;0;0;0;0;0;2;0;4	0	0	2.427650929113		
chr11	23576731	23584611	-	mmuCirc_001290	0610010F05Rik	CTO:ANNOTATED:CDS	5	376	NM_027860	0	0	0	0	0	0.0982533341040761	0	0	0	0	0;0;0;0;0;3;0;0;0;0	0	0	2.56380895521826	rnoCirc_003898	
chr11	23620229	23629031	-	mmuCirc_001291	0610010F05Rik	CTO:ANNOTATED:CDS:5UTR	4	679	NM_027860	0	0	0	0	0	0	0.0878601673806477	0.0329821949908028	0.0795551751934235	0	0;0;0;0;0;0;3;1;2;0	0	0	2.05069806684916		
chr11	23649270	23651055	-	mmuCirc_001292	Pex13	CTO:ALT_DONOR:CDS:3UTR	2	447	NM_023651	0.0179914506425692	0	0	0	0	0.0655022227360508	0.0292867224602159	0.0329821949908028	0.0795551751934235	0.086016930138913	1;0;0;0;0;2;1;1;2;3	0	0	1.71974257295977		
chr11	23707523	23725574	+	mmuCirc_001293	Pus10	CTO:ANNOTATED:CDS	9	774	NM_001033654:NM_028956:NM_028304	0.0179914506425692	0.0170667097749	0.0740476843021408	0	0	0.196506668208152	0.0292867224602159	0.0659643899816055	0	0.0573446200926087	1;1;4;0;0;6;1;2;0;2	0	0	1.18584685567805		
chr11	23756899	23761155	-	mmuCirc_001294	Rel	CTO:ANNOTATED:CDS	2	292	NM_009044	0	0	0	0	0	0.0655022227360508	0	0.197893169944816	0.198887937983559	0.086016930138913	0;0;0;0;0;2;0;6;5;3	0	0	2.84996357781831		
chr11	26397746	26407648	+	mmuCirc_001295	Fancl	CTO:ANNOTATED:CDS	4	278	NM_001277273:NM_025923:NR_102382	0	0.0341334195498	0	0.0576882395620293	0	0.327511113680254	0.146433612301079	0.329821949908027	0.596663813950676	0.086016930138913	0;2;0;3;0;10;5;10;15;3	0	0	3.05256606971859	rnoCirc_003935	hsaCirc_008178
chr11	26397746	26434500	+	mmuCirc_001296	Fancl	CTO:ANNOTATED:CDS	6	444	NM_001277273:NM_025923:NR_102382	0.0179914506425692	0.0341334195498	0.0740476843021408	0.153835305498745	0.0364535526967181	0.917031118304711	0.615021171664534	0.989465849724082	1.47177074107833	0.659463131065	1;2;4;8;2;28;21;30;37;23	0	0	3.65822223843823	rnoCirc_003937	hsaCirc_008176
chr11	26407548	26434500	+	mmuCirc_001297	Fancl	CTO:ANNOTATED:CDS	3	267	NM_001277273:NM_025923:NR_102382	0	0	0	0	0.0364535526967181	0.0327511113680254	0.175720334761295	0.0989465849724082	0.0795551751934235	0.114689240185217	0;0;0;0;2;1;6;3;2;4	0	0	2.1664319648094		
chr11	26534211	26550075	-	mmuCirc_001298	Vrk2	CTO:ANNOTATED:CDS	5	407	NM_001252447:NM_027260	0.0359829012851383	0	0	0.0576882395620293	0.0546803290450771	0.229257779576178	0.117146889840864	0.329821949908027	0.357998288370406	0.172033860277826	2;0;0;3;3;7;4;10;9;6	0	1	2.54119027726145		hsaCirc_008173
chr11	26547839	26550075	-	mmuCirc_001299	Vrk2	CTO:ANNOTATED:CDS	3	208	NM_001252447:NM_027260	0	0	0	0	0	0.0327511113680254	0.0585734449204318	0.0989465849724082	0.0795551751934235	0	0;0;0;0;0;1;2;3;2;0	0	0	2.06524539093523	rnoCirc_003940	
chr11	28434081	28439089	-	mmuCirc_001300	Ccdc85a	CTO:ALT_ACCEPTOR:CDS	1	5009	NM_001166661:NM_181577	0.0179914506425692	0	0	0	0	0.131004445472102	0.0878601673806477	0.197893169944816	0.0397775875967117	0.0286723100463043	1;0;0;0;0;4;3;6;1;1	0	0	2.14603791675672		
chr11	28434081	28505430	-	mmuCirc_001301	Ccdc85a	CTO:ALT_ACCEPTOR:CDS	1	71350	NM_001166661:NM_181577	0.0359829012851383	0	0	0	0	0.0327511113680254	0.146433612301079	0.131928779963211	0.278443113176982	0.086016930138913	2;0;0;0;0;1;5;4;7;3	0	0	2.44040405144944		
chr11	28867466	28868039	+	mmuCirc_001302	Efemp1	CTO:ANNOTATED:CDS	2	436	NM_146015	0	0	0.0370238421510704	0	0.018226776348359	0.0327511113680254	0.0878601673806477	0.36280414489883	0.119332762790135	0.0573446200926087	0;0;2;0;1;1;3;11;3;2	0	0	2.07888821790736		
chr11	29194573	29197209	+	mmuCirc_001303	Smek2	CTO:ANNOTATED:CDS	3	312	NM_134034	0	0	0	0	0	0.0327511113680254	0	0.0659643899816055	0.0397775875967117	0.086016930138913	0;0;0;0;0;1;0;2;1;3	0	0	1.87219202270923		
chr11	29194573	29200803	+	mmuCirc_001304	Smek2	CTO:ANNOTATED:CDS	5	547	NM_134034	0	0	0	0	0	0	0.0585734449204318	0	0.119332762790135	0	0;0;0;0;0;0;2;0;3;0	0	0	2.38725222161676		
chr11	29400184	29430252	+	mmuCirc_001305	Ccdc88a	CTO:ANNOTATED:CDS	5	463	NM_176841	0	0	0	0	0	0.0655022227360508	0.0292867224602159	0.0659643899816055	0.159110350386847	0.0573446200926087	0;0;0;0;0;2;1;2;4;2	0	0	2.12299557595554		
chr11	29422540	29430252	+	mmuCirc_001306	Ccdc88a	CTO:ANNOTATED:CDS	4	354	NM_176841	0.0179914506425692	0	0	0.0192294131873431	0	0.131004445472102	0.0878601673806477	0.0329821949908028	0.119332762790135	0.114689240185217	1;0;0;1;0;4;3;1;3;4	0	0	2.08150635529938		
chr11	29470315	29477458	+	mmuCirc_001307	Ccdc88a	CTO:ANNOTATED:CDS	2	307	NM_176841	0	0	0.0185119210755352	0.0192294131873431	0	0.0655022227360508	0.0292867224602159	0.0329821949908028	0.159110350386847	0.0286723100463043	0;0;1;1;0;2;1;1;4;1	0	0	1.46626115853467		
chr11	29533226	29535266	+	mmuCirc_001308	Mtif2	CTO:ANNOTATED:CDS:5UTR	3	510	NM_001282118:NM_001282119:NM_001282120:NM_133767	0	0	0	0.0192294131873431	0	0.0655022227360508	0.0878601673806477	0.0659643899816055	0.397775875967117	0	0;0;0;1;0;2;3;2;10;0	0	0	2.51087822123078		
chr11	29533226	29545101	+	mmuCirc_001309	Mtif2	CTO:ALT_DONOR	11	1869	NM_001282118:NM_001282119:NM_001282120:NM_133767	0	0	0	0	0	0	0	0.0329821949908028	0.119332762790135	0.0573446200926087	0;0;0;0;0;0;0;1;3;2	0	0	2.05242372925454		
chr11	29784064	29785755	-	mmuCirc_001310	Eml6	CTO:ANNOTATED:CDS	2	266	NM_146016	0.0179914506425692	0	0.0185119210755352	0	0	0	0.0292867224602159	0.0329821949908028	0.198887937983559	0.086016930138913	1;0;1;0;0;0;1;1;5;3	0	0	1.33881401723362		
chr11	30219579	30219772	-	mmuCirc_001311	Sptbn1	CTO:ANNOTATED:CDS:5UTR	1	194	NM_175836	0	0.0170667097749	0	0.0384588263746862	0.0911338817417952	0.131004445472102	0.146433612301079	0.0659643899816055	0.517108638757253	0.20070617032413	0;1;0;2;5;4;5;2;13;7	0	0	2.27531170626118	rnoCirc_003963	hsaCirc_008157
chr11	30219579	30240792	-	mmuCirc_001312	Sptbn1	ITO:ALT_ACCEPTOR:CDS:5UTR	1	21214	NM_175836	0	0.0341334195498	0	0	0	0.0655022227360508	0.0878601673806477	0.0329821949908028	0.119332762790135	0.0573446200926087	0;2;0;0;0;2;3;1;3;2	0	0	1.84956077222738		
chr11	30791092	30792038	+	mmuCirc_001313	Psme4	CTO:ANNOTATED:CDS	2	258	NM_134013	0.0899572532128458	0.0682668390996	0.0555357632266056	0.0192294131873431	0.0364535526967181	0.327511113680254	0.263580502141943	0.395786339889633	0.556886226353964	0.516101580833478	5;4;3;1;2;10;9;12;14;18	1	0	2.58603822082022	rnoCirc_003964	hsaCirc_008154
chr11	30791092	30802858	+	mmuCirc_001314	Psme4	CTO:ANNOTATED:CDS	3	303	NM_134013	0	0	0	0	0	0.0982533341040761	0.117146889840864	0.0329821949908028	0.0397775875967117	0.0573446200926087	0;0;0;0;0;3;4;1;1;2	0	0	2.05557443820583		
chr11	30830350	30835467	+	mmuCirc_001315	Psme4	CTO:ANNOTATED:CDS	7	559	NM_134013	0	0.0170667097749	0	0	0	0	0	0	0.119332762790135	0	0;1;0;0;0;0;0;0;3;0	0	0	0.955169284416142		
chr11	30934672	30939621	-	mmuCirc_001316	Erlec1	CTO:ANNOTATED:CDS	3	279	NM_025745	0.0359829012851383	0.0170667097749	0.0370238421510704	0.0192294131873431	0.018226776348359	0.42576444778433	0.263580502141943	0.461750729871238	0.159110350386847	0.286723100463044	2;1;2;1;1;13;9;14;4;10	0	0	2.84051157992407		
chr11	31055458	31061586	+	mmuCirc_001317	Asb3	CTO:ANNOTATED:CDS	4	625	NM_023906	0.0359829012851383	0.0682668390996	0.0185119210755352	0.0576882395620293	0.0729071053934362	0.949782229672736	0.820028228886045	0.692626094806858	1.47177074107833	0.659463131065	2;4;1;3;4;29;28;21;37;23	0	1	3.7417171157607		
chr11	32284263	32296945	+	mmuCirc_001318	Hba-a1:Hba-a2:Hbq1b	ITO:ANNOTATED	1	12683	NM_008218:NM_001083955:NM_001033981:NM_008218:NM_001083955	39.0774307956602	24.9856631104536	39.2267607590591	165.699853435336	78.3204579688988	6.87773338728533	3.01653241340224	4.18873876383195	14.3597091224129	11.2682178481976	2172;1464;2119;8617;4297;210;103;127;361;393	1	1	-3.01746626379184		
chr11	32555124	32577773	+	mmuCirc_001319	Stk10	CTO:ANNOTATED:CDS	3	364	NM_009288	0	0	0	0.0192294131873431	0	0.0655022227360508	0	0.131928779963211	0.119332762790135	0.0573446200926087	0;0;0;1;0;2;0;4;3;2	0	0	2.20027825623955		
chr11	32574499	32577773	+	mmuCirc_001320	Stk10	CTO:ANNOTATED:CDS	2	199	NM_009288	0	0	0	0.0192294131873431	0.018226776348359	0.0655022227360508	0.146433612301079	0.131928779963211	0.23866552558027	0.0286723100463043	0;0;0;1;1;2;5;4;6;1	0	0	2.22955159150989		
chr11	32652748	32711997	+	mmuCirc_001321	Fbxw11	CTO:ALT_ACCEPTOR:CDS	3	27844	NM_001271347:NM_001271348:NM_001271349:NM_134015	0.0179914506425692	0.0170667097749	0	0	0	0.0982533341040761	0.0878601673806477	0.131928779963211	0.23866552558027	0.0573446200926087	1;1;0;0;0;3;3;4;6;2	0	0	2.34974809519465		
chr11	32708188	32711997	+	mmuCirc_001322	Fbxw11	CTO:ANNOTATED:CDS	2	289	NM_001271347:NM_001271348:NM_001271349:NM_134015	0	0	0	0.0192294131873431	0	0	0.0292867224602159	0.395786339889633	0	0.0573446200926087	0;0;0;1;0;0;1;12;0;2	0	0	1.66458367287393		
chr11	34501170	34503414	-	mmuCirc_001323	Dock2	CTO:ANNOTATED:CDS	2	178	NM_033374	0.0359829012851383	0	0	0	0	0.0655022227360508	0	0.0989465849724082	0.198887937983559	0.0286723100463043	2;0;0;0;0;2;0;3;5;1	0	0	1.9796098537072		
chr11	35776086	35776438	+	mmuCirc_001324	Pank3	CTO:ANNOTATED:CDS	1	353	NM_145962	0	0	0.0370238421510704	0	0	0	0	0.164910974954014	0	0.0573446200926087	0;0;2;0;0;0;0;5;0;2	0	0	1.8242473231199		hsaCirc_012913
chr11	35824396	35827466	-	mmuCirc_001325	Rars	CTO:ANNOTATED:CDS	4	453	NM_025936	0.0179914506425692	0	0	0	0.018226776348359	0.196506668208152	0.146433612301079	0.0659643899816055	0.278443113176982	0.086016930138913	1;0;0;0;1;6;5;2;7;3	0	0	2.60846042260172	rnoCirc_001511	
chr11	40682464	40687795	-	mmuCirc_001326	Mat2b	CTO:ANNOTATED:CDS	4	657	NM_134017:NM_001199274	0	0.0170667097749	0	0	0	0.131004445472102	0	0	0.0397775875967117	0	0;1;0;0;0;4;0;0;1;0	0	0	1.20199991110799	rnoCirc_001517	
chr11	43422893	43425681	-	mmuCirc_001327	Pttg1	CTO:ANNOTATED:CDS:5UTR	3	372	NM_013917:NM_001131054	0	0	0	0	0	0	0	0	0.159110350386847	0.0286723100463043	0;0;0;0;0;0;0;0;4;1	0	0	2.22293902651168		
chr11	43441446	43443435	+	mmuCirc_001328	Slu7	CTO:ANNOTATED:CDS	5	600	NM_148673:NM_198936	0	0	0	0	0	0.0982533341040761	0.0878601673806477	0.0329821949908028	0.159110350386847	0	0;0;0;0;0;3;3;1;4;0	0	0	2.39079591168846		