chr1	135532349	135537299	-	mmuCirc_000458	Nav1	CTO:ANNOTATED:CDS	2	469	NM_173437	0	0.0170667097749	0.0370238421510704	0.0769176527493725	0	0.163755556840127	0	0	0.198887937983559	0.172033860277826	0;1;2;4;0;5;0;0;5;6	0	0	1.04733531229559	rnoCirc_003142	
chr1	135602545	135607904	-	mmuCirc_000459		NTO	1	5360		0.0179914506425692	0.0170667097749	0	0.0384588263746862	0	0.131004445472102	0.0292867224602159	0.0989465849724082	0.23866552558027	0.114689240185217	1;1;0;2;0;4;1;3;6;4	0	0	1.9742637929303	rnoCirc_003144	
chr1	135848011	135849421	-	mmuCirc_000460	Tnnt2	AS:CTO	1	1411	NM_001130174:NM_001130175:NM_001130177:NM_001130178:NM_001130179:NM_001130180:NM_001130181:NM_011619:NM_001130176	0	0	0.0185119210755352	0	0.0546803290450771	0	0	0	0	0	0;0;1;0;3;0;0;0;0;0	0	0	-1.42301668724989		
chr1	135848811	135849460	+	mmuCirc_000461	Tnnt2	CTO:ANNOTATED:CDS	2	189	NM_001130174:NM_001130175:NM_001130177:NM_001130178:NM_001130179:NM_001130180:NM_001130181:NM_011619:NM_001130176	0	0	0	0.0192294131873431	0	0.0655022227360508	0.0292867224602159	0	0.23866552558027	0.0286723100463043	0;0;0;1;0;2;1;0;6;1	0	0	1.85033558659504	rnoCirc_003150	
chr1	135849348	135850800	-	mmuCirc_000462	Tnnt2	AS:CTO	1	1453	NM_001130174:NM_001130175:NM_001130177:NM_001130178:NM_001130179:NM_001130180:NM_001130181:NM_011619:NM_001130176	0.0179914506425692	0	0	0	0.0546803290450771	0	0	0	0	0	1;0;0;0;3;0;0;0;0;0	0	0	-1.41320154210519		
chr1	135850746	135850820	+	mmuCirc_000463	Tnnt2	CTO:ALT_ACCEPTOR:CDS	1	75	NM_001130174:NM_001130175:NM_001130177:NM_001130178:NM_001130179:NM_001130180:NM_001130181:NM_011619:NM_001130176	0.0539743519277075	0	0	0	0	0	0	0	0	0	3;0;0;0;0;0;0;0;0;0	0	0	-1.88702515235494		
chr1	136273750	136282881	-	mmuCirc_000464	Camsap2	CTO:ANNOTATED:CDS	6	2811	NM_001081360	0.0179914506425692	0	0	0	0	0	0	0.0659643899816055	0.198887937983559	0.0286723100463043	1;0;0;0;0;0;0;2;5;1	0	0	1.47832153955406		
chr1	136292880	136304456	-	mmuCirc_000465	Camsap2	CTO:ANNOTATED:CDS	6	579	NM_001081360	0.0179914506425692	0	0	0	0.018226776348359	0.0982533341040761	0	0.0989465849724082	0.23866552558027	0.0286723100463043	1;0;0;0;1;3;0;3;6;1	0	0	2.06297742224895	rnoCirc_003158	
chr1	138515625	138516636	-	mmuCirc_000466	Nek7	CTO:ANNOTATED:CDS	2	217	NM_021605	0.0179914506425692	0.0512001293247	0.0185119210755352	0.0192294131873431	0	0.163755556840127	0.0585734449204318	0.0989465849724082	0.159110350386847	0.114689240185217	1;3;1;1;0;5;2;3;4;4	0	0	1.79710874612073	rnoCirc_003163	
chr1	138515625	138561785	-	mmuCirc_000467	Nek7	CTO:ANNOTATED:CDS:5UTR	6	615	NM_021605	0	0	0	0	0	0	0	0.0329821949908028	0.119332762790135	0	0;0;0;0;0;0;0;1;3;0	0	0	2.10298512151359		hsaCirc_001262
chr1	139023105	139042043	+	mmuCirc_000468	Dennd1b	CTO:ANNOTATED:CDS:5UTR	3	214	NM_001166501:NM_181347	0	0	0	0	0	0.0982533341040761	0	0.0659643899816055	0.0397775875967117	0.0286723100463043	0;0;0;0;0;3;0;2;1;1	0	0	1.88256350980636	rnoCirc_003164	
chr1	139040000	139042043	+	mmuCirc_000469	Dennd1b	CTO:ANNOTATED:CDS:5UTR	2	170	NM_001166501:NM_181347	0.0179914506425692	0.0341334195498	0	0	0.018226776348359	0.163755556840127	0.234293779681727	0.131928779963211	0.198887937983559	0.114689240185217	1;2;0;0;1;5;8;4;5;4	0	0	2.54007378068273	rnoCirc_003165	
chr1	139040000	139062971	+	mmuCirc_000470	Dennd1b	CTO:ANNOTATED:CDS:5UTR	6	486	NM_001166501:NM_181347	0.0899572532128458	0	0.092559605377676	0.0769176527493725	0.0911338817417952	0.884280006936685	0.410014114443022	0.989465849724082	1.47177074107833	0.45875696074087	5;0;5;4;5;27;14;30;37;16	0	1	3.33641744566406	rnoCirc_003166	hsaCirc_001254
chr1	139040000	139081273	+	mmuCirc_000471	Dennd1b	CTO:ANNOTATED:CDS:5UTR	7	587	NM_001166501:NM_181347	0.0179914506425692	0	0	0	0	0	0	0.0989465849724082	0	0	1;0;0;0;0;0;0;3;0;0	0	0	0.823283573279092		
chr1	139053346	139062971	+	mmuCirc_000472	Dennd1b	CTO:ANNOTATED:CDS	4	316	NM_001166501:NM_181347	0.287863210281107	0.1536003879741	0.296190737208563	0.461505916496235	0.255174868877027	3.76637780732292	2.48937140911835	4.55154290873078	6.28485884028046	2.15042325347283	16;9;16;24;14;115;85;138;158;75	1	1	3.60362990197179	rnoCirc_003168	hsaCirc_001253
chr1	139053346	139110485	+	mmuCirc_000473	Dennd1b	CTO:ANNOTATED:CDS	9	793	NM_001166501:NM_181347	0.0179914506425692	0.0170667097749	0.0185119210755352	0.0192294131873431	0	0.0982533341040761	0.0585734449204318	0.131928779963211	0.119332762790135	0	1;1;1;1;0;3;2;4;3;0	0	0	1.63264924354655	rnoCirc_003172	hsaCirc_001247
chr1	139060275	139110485	+	mmuCirc_000474	Dennd1b	CTO:ANNOTATED:CDS	7	642	NM_001166501:NM_181347	0	0	0	0.0192294131873431	0	0.0655022227360508	0.117146889840864	0.0659643899816055	0.23866552558027	0.086016930138913	0;0;0;1;0;2;4;2;6;3	0	0	2.42093079567937	rnoCirc_003173	hsaCirc_001245
chr1	139081173	139110485	+	mmuCirc_000475	Dennd1b	CTO:ANNOTATED:CDS	5	477	NM_001166501:NM_181347	0.0359829012851383	0.0170667097749	0.0555357632266056	0.0961470659367156	0	0.327511113680254	0.263580502141943	0.527715119852844	0.636441401547388	0.286723100463044	2;1;3;5;0;10;9;16;16;10	0	0	2.97306714234594	rnoCirc_003176	hsaCirc_001244
chr1	139085883	139110485	+	mmuCirc_000476	Dennd1b	CTO:ANNOTATED:CDS	4	376	NM_001166501:NM_181347	0	0.0170667097749	0.0185119210755352	0.0576882395620293	0	0.131004445472102	0.0585734449204318	0.197893169944816	0.278443113176982	0.114689240185217	0;1;1;3;0;4;2;6;7;4	0	0	2.23878627736987		hsaCirc_001243
chr1	139139381	139144000	+	mmuCirc_000477	Dennd1b	CTO:ANNOTATED:CDS	4	275	NM_001166501:NM_181347	0	0	0	0.0192294131873431	0	0.0327511113680254	0.0292867224602159	0.164910974954014	0.119332762790135	0.0573446200926087	0;0;0;1;0;1;1;5;3;2	0	0	1.93779746066924		
chr1	139992106	139994254	-	mmuCirc_000478		NTO	1	2149		0	0	0	0	0	0.0982533341040761	0.117146889840864	0.131928779963211	0.159110350386847	0.0286723100463043	0;0;0;0;0;3;4;4;4;1	0	0	2.54253205801842		
chr1	140351208	140376436	+	mmuCirc_000479	Kcnt2	CTO:ANNOTATED:CDS	6	448	NM_001081027	0	0	0.0185119210755352	0.0192294131873431	0	0.0327511113680254	0.117146889840864	0.0329821949908028	0.23866552558027	0.086016930138913	0;0;1;1;0;1;4;1;6;3	0	0	1.95287138134172		
chr1	140351208	140383095	+	mmuCirc_000480	Kcnt2	CTO:ANNOTATED:CDS	7	543	NM_001081027	0	0	0.0740476843021408	0.0192294131873431	0	0.0327511113680254	0.0878601673806477	0.197893169944816	0.119332762790135	0.0286723100463043	0;0;4;1;0;1;3;6;3;1	0	0	1.63081530641078		
chr1	140362949	140383095	+	mmuCirc_000481	Kcnt2	CTO:ANNOTATED:CDS	5	363	NM_001081027	0.0359829012851383	0.0170667097749	0.111071526453211	0.115376479124059	0.127587434438513	1.44104890019312	1.02503528610756	1.02244804471489	2.42643284339942	0.659463131065	2;1;6;6;7;44;35;31;61;23	0	1	3.77863269933737		
chr1	140362949	140383334	+	mmuCirc_000482	Kcnt2	CTO:ALT_DONOR:CDS	5	602	NM_001081027	0	0.0512001293247	0	0.0384588263746862	0.018226776348359	0.163755556840127	0.205007057221511	0.131928779963211	0.318220700773694	0.0573446200926087	0;3;0;2;1;5;7;4;8;2	0	0	2.26684946644039		
chr1	140362949	140450304	+	mmuCirc_000483	Kcnt2	CTO:ANNOTATED:CDS	10	1019	NM_001081027	0.0179914506425692	0	0.0370238421510704	0.0576882395620293	0	0.0655022227360508	0.0585734449204318	0.131928779963211	0.159110350386847	0.0286723100463043	1;0;2;3;0;2;2;4;4;1	0	0	1.40925376102305		
chr1	140425193	140431433	+	mmuCirc_000484	Kcnt2	CTO:ANNOTATED:CDS	4	547	NM_001081027	0.0179914506425692	0.0170667097749	0	0.0384588263746862	0.018226776348359	0	0.0585734449204318	0.0989465849724082	0.23866552558027	0.20070617032413	1;1;0;2;1;0;2;3;6;7	0	0	1.48111028655654	rnoCirc_003183	
chr1	140425193	140450304	+	mmuCirc_000485	Kcnt2	CTO:ANNOTATED:CDS	5	656	NM_001081027	0	0	0.0185119210755352	0.0192294131873431	0	0.0327511113680254	0.117146889840864	0.230875364935619	0.278443113176982	0.114689240185217	0;0;1;1;0;1;4;7;7;4	0	0	2.51189126117574		
chr1	140450196	140484233	+	mmuCirc_000486	Kcnt2	CTO:ANNOTATED:CDS	2	218	NM_001081027	0	0	0	0.0192294131873431	0	0.0655022227360508	0.0292867224602159	0.329821949908027	0.198887937983559	0.0573446200926087	0;0;0;1;0;2;1;10;5;2	0	0	2.3914391242875		
chr1	140507700	140518971	+	mmuCirc_000487	Kcnt2	CTO:ANNOTATED:CDS	4	700	NM_001081027	0	0	0.0370238421510704	0	0.018226776348359	0.0327511113680254	0.0292867224602159	0.164910974954014	0.198887937983559	0.0286723100463043	0;0;2;0;1;1;1;5;5;1	0	0	1.63964649838025		
chr1	140507700	140533995	+	mmuCirc_000488	Kcnt2	CTO:ANNOTATED:CDS	7	1080	NM_001081027	0	0	0	0	0.018226776348359	0.0982533341040761	0.0878601673806477	0.0659643899816055	0.159110350386847	0.114689240185217	0;0;0;0;1;3;3;2;4;4	0	0	2.41567886951132		
chr1	140507700	140553071	+	mmuCirc_000489	Kcnt2	CTO:ANNOTATED:CDS	8	1192	NM_001081027	0.0179914506425692	0	0.0185119210755352	0.0192294131873431	0.0364535526967181	0.0655022227360508	0.0292867224602159	0	0.0397775875967117	0.143361550231522	1;0;1;1;2;2;1;0;1;5	0	0	0.733356436817474		
chr1	140584019	140596059	+	mmuCirc_000490	Kcnt2	CTO:ANNOTATED:CDS	2	386	NM_001081027	0.0539743519277075	0	0	0.0192294131873431	0.0729071053934362	0.0655022227360508	0.0292867224602159	0.164910974954014	0.477331051160541	0.143361550231522	3;0;0;1;4;2;1;5;12;5	0	0	1.83946024774036	rnoCirc_003184	
chr1	143667625	143677855	-	mmuCirc_000491	Cdc73	CTO:ANNOTATED:CDS	4	460	NM_145991	0.0359829012851383	0.0512001293247	0.0370238421510704	0.115376479124059	0.0546803290450771	0.458515559152355	0.322153947062375	0.329821949908027	1.07399486511122	0.688135441111304	2;3;2;6;3;14;11;10;27;24	0	1	2.84739345082407	rnoCirc_003186	hsaCirc_001228
chr1	143691275	143695462	-	mmuCirc_000492	Cdc73	CTO:ANNOTATED:CDS	3	186	NM_145991	0	0	0.0185119210755352	0.0192294131873431	0	0.294760002312228	0.117146889840864	0.131928779963211	0.517108638757253	0.286723100463044	0;0;1;1;0;9;4;4;13;10	0	0	3.28958393926851		
chr1	149901100	149902442	-	mmuCirc_000493	Pla2g4a	CTO:ANNOTATED:CDS	2	263	NM_008869	0	0	0.0185119210755352	0.0576882395620293	0	0.0982533341040761	0.146433612301079	0.0329821949908028	0.318220700773694	0.114689240185217	0;0;1;3;0;3;5;1;8;4	0	0	2.19092918682018	rnoCirc_003189	
chr1	150372029	150375624	-	mmuCirc_000494	BC003331	CTO:ANNOTATED:CDS	3	391	NM_001077237:NM_145511	0	0	0.0185119210755352	0	0	0.0982533341040761	0	0.0989465849724082	0	0.0573446200926087	0;0;1;0;0;3;0;3;0;2	0	0	2.04734891874116		
chr1	150406462	150407577	+	mmuCirc_000495	Tpr	CTO:ANNOTATED:CDS	3	262	NM_133780	0.0539743519277075	0.0682668390996	0.0370238421510704	0.211523545060774	0.145814210786872	0.949782229672736	0.820028228886045	1.55016316456773	2.22754490541586	0.774152371250217	3;4;2;11;8;29;28;47;56;27	0	1	3.45704617180002		
chr1	150428120	150429545	+	mmuCirc_000496	Tpr	CTO:ANNOTATED:CDS	2	342	NM_133780	0.0539743519277075	0.0512001293247	0.0555357632266056	0.0576882395620293	0.0911338817417952	0.622271115992482	0.410014114443022	0.692626094806858	0.715996576740811	0.344067720555652	3;3;3;3;5;19;14;21;18;12	1	1	2.78125403798362		
chr1	150436765	150436866	+	mmuCirc_000497	Tpr	CTO:ALT_ACCEPTOR:CDS	1	102	NM_133780	0	0	0	0	0	0	0	0	0	0.086016930138913	0;0;0;0;0;0;0;0;0;3	0	0	2.40622276606355		
chr1	150677236	150697595	-	mmuCirc_000498	Hmcn1	CTO:ANNOTATED:CDS	9	1401	NM_001024720	0	0	0	0	0	0	0	0	0.119332762790135	0	0;0;0;0;0;0;0;0;3;0	0	0	2.80046262890159		
chr1	150765357	150773905	-	mmuCirc_000499	Hmcn1	CTO:ANNOTATED:CDS	4	543	NM_001024720	0	0	0	0	0	0	0	0	0.119332762790135	0	0;0;0;0;0;0;0;0;3;0	0	0	2.80046262890159		
chr1	150859139	150876495	-	mmuCirc_000500	Hmcn1	CTO:ANNOTATED:CDS	3	353	NM_001024720	0	0.0170667097749	0	0	0.0364535526967181	0.0655022227360508	0.117146889840864	0.263857559926422	0.0795551751934235	0.0286723100463043	0;1;0;0;2;2;4;8;2;1	0	0	1.98242326263881		
chr1	151351110	151351553	+	mmuCirc_000501	Ivns1abp	INTRONIC	1	444	NM_001039511:NM_001039512:NM_054102	0.0359829012851383	0	0	0	0	0	0.0878601673806477	0.0989465849724082	0.0795551751934235	0	2;0;0;0;0;0;3;3;2;0	0	0	1.4584605693127		
chr1	151379383	151405545	-	mmuCirc_000502	Swt1	CTO:ANNOTATED:CDS	10	1433	NM_025819	0	0	0.0185119210755352	0	0	0.0655022227360508	0.0292867224602159	0.0329821949908028	0	0.114689240185217	0;0;1;0;0;2;1;1;0;4	0	0	1.65223154838093		
chr1	151384317	151397351	-	mmuCirc_000503	Swt1	CTO:ANNOTATED:CDS	5	786	NM_025819	0.0359829012851383	0	0.0185119210755352	0	0	0.0982533341040761	0	0	0.0795551751934235	0.086016930138913	2;0;1;0;0;3;0;0;2;3	0	0	1.21380917222964	rnoCirc_003197	hsaCirc_001211
chr1	151401080	151405545	-	mmuCirc_000504	Swt1	CTO:ANNOTATED:CDS	4	515	NM_025819	0.0179914506425692	0	0	0	0	0.0655022227360508	0.0585734449204318	0.0989465849724082	0.119332762790135	0	1;0;0;0;0;2;2;3;3;0	0	0	2.12925837873		hsaCirc_001210
chr1	151402955	151405545	-	mmuCirc_000505	Swt1	CTO:ANNOTATED:CDS	3	421	NM_025819	0	0	0	0	0	0	0.0292867224602159	0.0329821949908028	0.119332762790135	0.0286723100463043	0;0;0;0;0;0;1;1;3;1	0	0	1.69756763427123		
chr1	151433794	151439580	+	mmuCirc_000506	Trmt1l	CTO:ANNOTATED:CDS	3	290	NM_026876	0.0179914506425692	0.0170667097749	0.0370238421510704	0	0	0.131004445472102	0.0292867224602159	0.0989465849724082	0	0.0286723100463043	1;1;2;0;0;4;1;3;0;1	0	0	1.18642431229628		
chr1	151433794	151443326	+	mmuCirc_000507	Trmt1l	CTO:ANNOTATED:CDS	6	624	NM_026876	0	0	0	0	0	0.0327511113680254	0.0292867224602159	0.0989465849724082	0.119332762790135	0	0;0;0;0;0;1;1;3;3;0	0	0	2.01827627758327		
chr1	151439516	151443326	+	mmuCirc_000508	Trmt1l	CTO:ANNOTATED:CDS	4	399	NM_026876	0	0.0170667097749	0	0	0	0.0982533341040761	0	0.0329821949908028	0.119332762790135	0.0286723100463043	0;1;0;0;0;3;0;1;3;1	0	0	1.43255127729144	rnoCirc_003199	
chr1	151473072	151478625	-	mmuCirc_000509	Rnf2	CTO:ANNOTATED:CDS:5UTR	4	739	NM_011277	0	0	0	0	0	0	0.0878601673806477	0.0329821949908028	0	0.0573446200926087	0;0;0;0;0;0;3;1;0;2	0	0	1.92929961050991		
chr1	151476140	151478625	-	mmuCirc_000510	Rnf2	CTO:ANNOTATED:CDS:5UTR	3	466	NM_011277	0.0719658025702766	0.0170667097749	0	0.0384588263746862	0.0729071053934362	0.556768893256432	0.322153947062375	0.36280414489883	0.875106927127658	0.372740030601957	4;1;0;2;4;17;11;11;22;13	0	0	3.22601784081756		
chr1	151636404	151649443	+	mmuCirc_000511	Fam129a	CTO:ANNOTATED:CDS	4	543	NM_022018	0	0	0	0	0	0.0327511113680254	0	0.0329821949908028	0.0397775875967117	0.086016930138913	0;0;0;0;0;1;0;1;1;3	0	0	1.69763413639212		hsaCirc_001203
chr1	151770832	151777559	+	mmuCirc_000512	Edem3	CTO:ANNOTATED:CDS	4	408	NM_001039644	0	0	0	0	0	0	0	0.0659643899816055	0.23866552558027	0	0;0;0;0;0;0;0;2;6;0	0	0	2.89837752081497		
chr1	151980426	152006767	-	mmuCirc_000513	1700025G04Rik	CTO:ANNOTATED:CDS:5UTR	2	318	NM_197990	0	0	0	0	0	0	0.0878601673806477	0.0329821949908028	0.198887937983559	0.0286723100463043	0;0;0;0;0;0;3;1;5;1	0	0	2.14295492141622	rnoCirc_003203	
chr1	152549067	152552636	-	mmuCirc_000514	Rgl1	CTO:ANNOTATED:CDS	2	320	NM_016846	0	0	0	0.0192294131873431	0	0	0.0292867224602159	0.0659643899816055	0.23866552558027	0.0286723100463043	0;0;0;1;0;0;1;2;6;1	0	0	1.85227989516147		
chr1	152846119	152856611	-	mmuCirc_000515	Smg7	CTO:ANNOTATED:CDS	7	1135	NM_001160257:NM_001005507:NM_001160256	0	0	0	0	0	0	0.0292867224602159	0.0329821949908028	0.119332762790135	0	0;0;0;0;0;0;1;1;3;0	0	0	1.83572309626794		
chr1	152854310	152856611	-	mmuCirc_000516	Smg7	CTO:ANNOTATED:CDS	3	388	NM_001160257:NM_001005507:NM_001160256	0.0179914506425692	0	0.0185119210755352	0.0576882395620293	0.0364535526967181	0.294760002312228	0.0878601673806477	0.164910974954014	0.23866552558027	0.114689240185217	1;0;1;3;2;9;3;5;6;4	0	0	2.14697352750077		
chr1	153239255	153240495	-	mmuCirc_000517	Lamc1	CTO:ANNOTATED:CDS	2	336	NM_010683	0.0179914506425692	0	0	0.0769176527493725	0.0911338817417952	0.42576444778433	0.263580502141943	0.263857559926422	0.437553463563829	0.143361550231522	1;0;0;4;5;13;9;8;11;5	0	1	2.80003904933911	rnoCirc_003216	
chr1	153482742	153483872	-	mmuCirc_000518	Dhx9	CTO:ANNOTATED:CDS:5UTR	2	274	NM_007842	0.0179914506425692	0.0170667097749	0	0.0384588263746862	0.018226776348359	0.0655022227360508	0.0585734449204318	0.131928779963211	0.0397775875967117	0.086016930138913	1;1;0;2;1;2;2;4;1;3	0	0	1.33667023878602	rnoCirc_003219	
chr1	155173986	155197435	+	mmuCirc_000519	Stx6	CTO:ANNOTATED:CDS	6	656	NM_021433	0.0359829012851383	0.0682668390996	0.129583447528746	0.0769176527493725	0.218721316180309	1.67030667976929	1.43504940055058	2.57261120928261	1.94910179223888	1.06087547171326	2;4;7;4;12;51;49;78;49;37	0	1	3.91960532310859		hsaCirc_001191
chr1	155187778	155197435	+	mmuCirc_000520	Stx6	CTO:ANNOTATED:CDS	4	391	NM_021433	0	0	0	0.0192294131873431	0	0.0982533341040761	0.0878601673806477	0.428768534880436	0.23866552558027	0.20070617032413	0;0;0;1;0;3;3;13;6;7	0	0	3.13358680691687	rnoCirc_003222	hsaCirc_001190
chr1	155312759	155313361	-	mmuCirc_000521	Xpr1	CTO:ANNOTATED:CDS	2	371	NM_011273	0	0	0	0	0	0	0.0292867224602159	0	0.119332762790135	0	0;0;0;0;0;0;1;0;3;0	0	0	2.05083083733911		hsaCirc_001186
chr1	155601454	155624958	+	mmuCirc_000522	Acbd6	CTO:ANNOTATED:CDS	3	279	NM_028250	0.0539743519277075	0.0170667097749	0	0.0384588263746862	0.018226776348359	0.131004445472102	0.263580502141943	0.263857559926422	0.357998288370406	0.0573446200926087	3;1;0;2;1;4;9;8;9;2	0	0	2.30035118678973	rnoCirc_003230	hsaCirc_001182
chr1	155601454	155677234	+	mmuCirc_000523	Acbd6	CTO:ANNOTATED:CDS	4	310	NM_028250	0	0	0.0185119210755352	0	0	0	0	0.0329821949908028	0.119332762790135	0	0;0;1;0;0;0;0;1;3;0	0	0	1.63033257634421		
chr1	155615867	155624958	+	mmuCirc_000524	Acbd6	CTO:ANNOTATED:CDS	2	196	NM_028250	0	0.0512001293247	0.0185119210755352	0.0384588263746862	0	0	0.0292867224602159	0.0659643899816055	0.198887937983559	0.086016930138913	0;3;1;2;0;0;1;2;5;3	0	0	1.23466892602567	rnoCirc_003231	hsaCirc_001181