chr18	62986179	62991879	+	mmuCirc_004612	Napg	CTO:ANNOTATED:CDS	4	327	NM_028017	0	0	0	0	0	0.0982533341040761	0	0.0659643899816055	0	0.0573446200926087	0;0;0;0;0;3;0;2;0;2	0	0	2.20628301978291		
chr18	63755036	63760785	+	mmuCirc_004613	Wdr7	CTO:ANNOTATED:CDS	2	411	NM_001014981	0	0	0	0	0.0364535526967181	0.131004445472102	0.0585734449204318	0.263857559926422	0.159110350386847	0.114689240185217	0;0;0;0;2;4;2;8;4;4	0	0	2.62698626409007		
chr18	63777528	63796281	+	mmuCirc_004614	Wdr7	CTO:ANNOTATED:CDS	5	1198	NM_001014981	0	0	0	0.0192294131873431	0	0.0655022227360508	0.0292867224602159	0.164910974954014	0.0795551751934235	0	0;0;0;1;0;2;1;5;2;0	0	0	1.98737011988585	rnoCirc_005640	hsaCirc_007270
chr18	63791796	63825238	+	mmuCirc_004615	Wdr7	CTO:ANNOTATED:CDS	4	453	NM_001014981	0	0.0341334195498	0.0370238421510704	0	0	0.0982533341040761	0	0.131928779963211	0.278443113176982	0	0;2;2;0;0;3;0;4;7;0	0	0	1.61010788031947	rnoCirc_005645	hsaCirc_007274
chr18	63794225	63825238	+	mmuCirc_004616	Wdr7	CTO:ANNOTATED:CDS	3	357	NM_001014981	0	0	0	0.0769176527493725	0.018226776348359	0.229257779576178	0.0292867224602159	0.0659643899816055	0.159110350386847	0.114689240185217	0;0;0;4;1;7;1;2;4;4	0	0	1.94950026580315	rnoCirc_005647	
chr18	64470682	64483457	-	mmuCirc_004617	Fech	CTO:ANNOTATED:CDS	4	528	NM_007998	0	0	0	0.0192294131873431	0.018226776348359	0.0655022227360508	0.205007057221511	0.263857559926422	0.159110350386847	0.143361550231522	0;0;0;1;1;2;7;8;4;5	0	0	2.74024191895735	rnoCirc_005653	
chr18	64561580	64561736	-	mmuCirc_004618	Atp8b1	CTO:ANNOTATED:CDS	1	157	NM_001001488	0	0	0	0	0	0.0655022227360508	0	0.0329821949908028	0.119332762790135	0.114689240185217	0;0;0;0;0;2;0;1;3;4	0	0	2.26337371674686		
chr18	65074724	65080071	+	mmuCirc_004619	Nedd4l	CTO:ANNOTATED:CDS:5UTR	3	175	NM_001114386:NM_031881	0	0	0	0	0	0.0327511113680254	0.0292867224602159	0.0989465849724082	0	0	0;0;0;0;0;1;1;3;0;0	0	0	1.75754749381049	rnoCirc_005655	
chr18	65174045	65198726	+	mmuCirc_004620	Nedd4l	CTO:ANNOTATED:CDS	9	975	NM_001114386:NM_031881	0.0539743519277075	0.0170667097749	0.0370238421510704	0.0384588263746862	0	0.327511113680254	0.0292867224602159	0.329821949908027	0.477331051160541	0.229378480370435	3;1;2;2;0;10;1;10;12;8	0	0	2.39779990333198		
chr18	65178919	65198726	+	mmuCirc_004621	Nedd4l	CTO:ANNOTATED:CDS	8	777	NM_001114386:NM_031881	0	0.0341334195498	0.0185119210755352	0	0	0.327511113680254	0.0585734449204318	0.461750729871238	0.278443113176982	0.086016930138913	0;2;1;0;0;10;2;14;7;3	0	0	2.92140523648892	rnoCirc_005663	hsaCirc_007289
chr18	65191437	65198726	+	mmuCirc_004622	Nedd4l	CTO:ANNOTATED:CDS	5	585	NM_001114386:NM_031881	0	0	0	0.0192294131873431	0.0546803290450771	0.163755556840127	0.0585734449204318	0.395786339889633	0.23866552558027	0.0573446200926087	0;0;0;1;3;5;2;12;6;2	0	0	2.46463620625719	rnoCirc_005664	
chr18	65205633	65210335	+	mmuCirc_004623	Nedd4l	CTO:ANNOTATED:CDS	5	399	NM_001114386:NM_031881	0.0179914506425692	0	0	0	0.018226776348359	0.0327511113680254	0.0292867224602159	0.131928779963211	0.318220700773694	0.0573446200926087	1;0;0;0;1;1;1;4;8;2	0	0	1.95933189496618		
chr18	65276646	65281095	-	mmuCirc_004624	Mir466p:Alpk2	CTO:ncRNA	2	267	NR_105742:NM_001037294	0.0359829012851383	0.0341334195498	0.0555357632266056	0.0576882395620293	0.018226776348359	0.294760002312228	0.234293779681727	0.59367950983445	0.596663813950676	0.315395410509348	2;2;3;3;1;9;8;18;15;11	0	0	2.77345520280104		
chr18	65276646	65294339	-	mmuCirc_004625	Mir466p:Alpk2	CTO:ncRNA	6	795	NR_105742:NM_001037294	0	0	0	0	0.018226776348359	0.0327511113680254	0	0.0989465849724082	0	0	0;0;0;0;1;1;0;3;0;0	0	0	1.01228663078574		
chr18	65349028	65350708	-	mmuCirc_004626	Mir466p:Alpk2	CTO:ncRNA	1	1681	NR_105742:NM_001037294	0	0.0170667097749	0.0185119210755352	0.0769176527493725	0.0364535526967181	0.0655022227360508	0.0292867224602159	0.0659643899816055	0.278443113176982	0.229378480370435	0;1;1;4;2;2;1;2;7;8	0	0	1.48625925386412	rnoCirc_005668	hsaCirc_007292
chr18	65638750	65644369	+	mmuCirc_004627	Zfp532	INTRONIC	1	5620	NM_207255	0	0	0.0185119210755352	0.0384588263746862	0	0.327511113680254	0.0585734449204318	0.263857559926422	0.795551751934235	0.172033860277826	0;0;1;2;0;10;2;8;20;6	0	0	3.2080783327881	rnoCirc_005672	hsaCirc_007298
chr18	65638750	65656632	+	mmuCirc_004628	Zfp532	INTRONIC	1	17883	NM_207255	0.107948703855415	0.0512001293247	0.0740476843021408	0.0769176527493725	0.255174868877027	0.917031118304711	0.702881339045181	1.81402072449415	2.90376389455996	1.11822009180587	6;3;4;4;14;28;24;55;73;39	1	1	3.49301893695753	rnoCirc_005674	
chr18	65644193	65656632	+	mmuCirc_004629	Zfp532	INTRONIC	1	12440	NM_207255	0	0.0170667097749	0	0.0384588263746862	0.018226776348359	0.229257779576178	0.0878601673806477	0.329821949908027	0.397775875967117	0.315395410509348	0;1;0;2;1;7;3;10;10;11	0	0	3.05590513340887	rnoCirc_005675	
chr18	65651560	65656632	+	mmuCirc_004630	Zfp532	INTRONIC	1	5073	NM_207255	0	0.0170667097749	0.0370238421510704	0.0384588263746862	0.0364535526967181	0.42576444778433	0.322153947062375	0.395786339889633	0.357998288370406	0.229378480370435	0;1;2;2;2;13;11;12;9;8	0	0	3.07739042258944	rnoCirc_005677	
chr18	67358710	67360242	+	mmuCirc_004631	Cidea	CTO:ANNOTATED:CDS	2	292	NM_007702	0	0	0.0370238421510704	0	0	0	0.0878601673806477	0	0.0397775875967117	0	0;0;2;0;0;0;3;0;1;0	0	0	0.833043233525692		
chr18	67420986	67434229	-	mmuCirc_004632	Afg3l2	CTO:ANNOTATED:CDS	7	1000	NM_027130	0	0	0	0	0	0.0327511113680254	0.0585734449204318	0.164910974954014	0.0795551751934235	0.0286723100463043	0;0;0;0;0;1;2;5;2;1	0	0	2.03611996306811		
chr18	67425889	67431778	-	mmuCirc_004633	Afg3l2	CTO:ANNOTATED:CDS	3	537	NM_027130	0	0	0	0	0	0.0982533341040761	0.0585734449204318	0	0.0397775875967117	0.0286723100463043	0;0;0;0;0;3;2;0;1;1	0	0	1.85013917354083		hsaCirc_007043
chr18	67519291	67519890	-	mmuCirc_004634	Spire1	CTO:ANNOTATED:CDS	2	217	NM_176832:NM_194355	0	0	0	0.0192294131873431	0.0364535526967181	0.0655022227360508	0.175720334761295	0.164910974954014	0.517108638757253	0.114689240185217	0;0;0;1;2;2;6;5;13;4	0	0	2.72502944305231		hsaCirc_007050
chr18	67519291	67530484	-	mmuCirc_004635	Spire1	CTO:ANNOTATED:CDS	4	460	NM_176832:NM_194355	0	0	0	0.0384588263746862	0.0364535526967181	0.0655022227360508	0.0585734449204318	0.0989465849724082	0.278443113176982	0	0;0;0;2;2;2;2;3;7;0	0	0	1.49942890068687		
chr18	67528864	67530484	-	mmuCirc_004636	Spire1	CTO:ANNOTATED:CDS	2	243	NM_176832:NM_194355	0.0179914506425692	0	0	0.0192294131873431	0	0	0.0878601673806477	0.0989465849724082	0.0795551751934235	0.086016930138913	1;0;0;1;0;0;3;3;2;3	0	0	1.56548814880037		
chr18	67545615	67587859	-	mmuCirc_004637	Spire1	ITO:ALT_ACCEPTOR:CDS:5UTR	1	42245	NM_176832:NM_194355	0	0	0.0185119210755352	0	0.018226776348359	0.0982533341040761	0.0878601673806477	0	0.159110350386847	0.0573446200926087	0;0;1;0;1;3;3;0;4;2	0	0	1.64581766874565		
chr18	67675720	67681577	-	mmuCirc_004638	Ptpn2	CTO:ANNOTATED:CDS	4	665	NM_001127177:NM_008977	0	0	0	0	0	0	0	0.0989465849724082	0.0397775875967117	0	0;0;0;0;0;0;0;3;1;0	0	0	2.07592331146981		
chr18	67818770	67820432	+	mmuCirc_004639	Cep192	CTO:ANNOTATED:CDS	2	505	NM_027556	0.0179914506425692	0	0	0.0192294131873431	0.0364535526967181	0.131004445472102	0.0585734449204318	0.131928779963211	0.357998288370406	0.086016930138913	1;0;0;1;2;4;2;4;9;3	0	0	2.21354796913184		
chr18	67852904	67855375	+	mmuCirc_004640	Cep192	CTO:ANNOTATED:CDS	3	387	NM_027556	0	0.0512001293247	0.0185119210755352	0.0576882395620293	0	0.0655022227360508	0.0878601673806477	0.263857559926422	0.23866552558027	0.172033860277826	0;3;1;3;0;2;3;8;6;6	0	0	2.11511419574771		
chr18	68005685	68019230	+	mmuCirc_004641	Ldlrad4	INTRONIC	1	13546	NM_172631	0	0	0	0.0192294131873431	0	0	0.0292867224602159	0.0329821949908028	0.159110350386847	0.0286723100463043	0;0;0;1;0;0;1;1;4;1	0	0	1.54516223947095		
chr18	68005685	68064686	+	mmuCirc_004642	Ldlrad4	CTO:ALT_ACCEPTOR:CDS:5UTR	1	59002	NM_172631	0	0	0.0370238421510704	0.0576882395620293	0.0546803290450771	0.0982533341040761	0.205007057221511	0.0989465849724082	0.397775875967117	0.229378480370435	0;0;2;3;3;3;7;3;10;8	0	1	2.25657636982546	rnoCirc_005691	
chr18	68064217	68064686	+	mmuCirc_004643	Ldlrad4	CTO:ANNOTATED:CDS:5UTR	1	470	NM_172631	0	0	0.0185119210755352	0.0192294131873431	0.0364535526967181	0.131004445472102	0.0878601673806477	0.0659643899816055	0.278443113176982	0.229378480370435	0;0;1;1;2;4;3;2;7;8	0	0	2.31533849154472	rnoCirc_005692	
chr18	68064217	68106691	+	mmuCirc_004644	Ldlrad4	CTO:ANNOTATED:CDS:5UTR	2	611	NM_172631	0	0	0	0	0.0546803290450771	0	0	0.0659643899816055	0.397775875967117	0.0573446200926087	0;0;0;0;3;0;0;2;10;2	0	0	2.17965636758144		
chr18	69461862	69465447	+	mmuCirc_004645	Tcf4	CTO:ANNOTATED:CDS	2	159	NM_013685:NM_001083967	0.0179914506425692	0	0.0370238421510704	0	0	0.0655022227360508	0.0585734449204318	0	0.318220700773694	0	1;0;2;0;0;2;2;0;8;0	0	0	1.42816418709302	rnoCirc_005694	
chr18	69564034	69564684	+	mmuCirc_004646	Tcf4	CTO:ANNOTATED:CDS	2	180	NM_013685:NM_001083967	0.0359829012851383	0.0170667097749	0.111071526453211	0.0192294131873431	0.0729071053934362	0.982533341040762	0.380727391982807	0.59367950983445	1.19332762790135	0.573446200926087	2;1;6;1;4;30;13;18;30;20	0	0	3.49004448463856	rnoCirc_005697	hsaCirc_007266
chr18	69564037	69564684	+	mmuCirc_004647	Tcf4	CTO:ALT_ACCEPTOR:CDS	2	177	NM_013685:NM_001083967	0.0359829012851383	0.0170667097749	0.0185119210755352	0.0384588263746862	0.0546803290450771	0.294760002312228	0.0585734449204318	0.428768534880436	0.517108638757253	0.344067720555652	2;1;1;2;3;9;2;13;13;12	0	0	2.52056682915066	rnoCirc_005698	hsaCirc_007265
chr18	69633577	69643015	+	mmuCirc_004648	Tcf4	CTO:ANNOTATED:CDS	3	373	NM_013685:NM_001083967	0	0	0	0.0384588263746862	0	0.294760002312228	0.146433612301079	0.329821949908027	0.397775875967117	0.258050790416739	0;0;0;2;0;9;5;10;10;9	0	0	3.55922341968106	rnoCirc_005700	hsaCirc_007263
chr18	70580653	70593340	+	mmuCirc_004649	Mbd2	CTO:ANNOTATED:CDS	2	298	NM_010773	0	0	0.0185119210755352	0.0384588263746862	0.0364535526967181	0.491266670520381	0.615021171664534	0.527715119852844	0.994439689917794	0.401412340648261	0;0;1;2;2;15;21;16;25;14	0	0	4.10240005549849		
chr18	70580653	70594399	+	mmuCirc_004650	Mbd2	CTO:ALT_DONOR:CDS	2	1357	NM_010773	0.0359829012851383	0.0512001293247	0	0.0384588263746862	0.018226776348359	0.327511113680254	0.380727391982807	0.197893169944816	0.477331051160541	0.286723100463044	2;3;0;2;1;10;13;6;12;10	0	0	2.93304290082291	rnoCirc_005704	hsaCirc_007251
chr18	70580653	70622721	+	mmuCirc_004651	Mbd2	CTO:ANNOTATED:CDS:3UTR	5	706	NM_010773	0	0	0	0	0	0	0.0292867224602159	0.131928779963211	0	0	0;0;0;0;0;0;1;4;0;0	0	0	2.11326116350514		hsaCirc_007250
chr18	70593203	70594399	+	mmuCirc_004652	Mbd2	CTO:ALT_DONOR:CDS	1	1197	NM_010773	0.0179914506425692	0	0	0	0	0.131004445472102	0.0585734449204318	0.0659643899816055	0.119332762790135	0.0286723100463043	1;0;0;0;0;4;2;2;3;1	0	0	2.0304378335841	rnoCirc_005705	
chr18	73648885	73662867	-	mmuCirc_004653	Smad4	CTO:ANNOTATED:CDS	6	851	NM_008540	0.0179914506425692	0	0.0370238421510704	0.0192294131873431	0.0729071053934362	0.131004445472102	0.117146889840864	0.197893169944816	0.0795551751934235	0.143361550231522	1;0;2;1;4;4;4;6;2;5	0	0	1.77204926366242	rnoCirc_005708	hsaCirc_007246
chr18	73648885	73678039	-	mmuCirc_004654	Smad4	CTO:ANNOTATED:CDS:5UTR	9	1433	NM_008540	0.0359829012851383	0	0	0	0.018226776348359	0.0982533341040761	0.0585734449204318	0.131928779963211	0.0397775875967117	0.086016930138913	2;0;0;0;1;3;2;4;1;3	0	0	1.80588633882063	rnoCirc_005709	
chr18	73657195	73662867	-	mmuCirc_004655	Smad4	CTO:ANNOTATED:CDS	4	498	NM_008540	0.0179914506425692	0	0.0185119210755352	0.0192294131873431	0	0.163755556840127	0	0.0989465849724082	0.0795551751934235	0.114689240185217	1;0;1;1;0;5;0;3;2;4	0	0	1.99902532173095		
chr18	73657195	73678039	-	mmuCirc_004656	Smad4	CTO:ANNOTATED:CDS:5UTR	7	1080	NM_008540	0.0359829012851383	0.0341334195498	0	0.0192294131873431	0.0546803290450771	0.327511113680254	0.175720334761295	0.296839754917225	0.159110350386847	0.114689240185217	2;2;0;1;3;10;6;9;4;4	0	0	2.30311202156824	rnoCirc_005710	
chr18	73662658	73678039	-	mmuCirc_004657	Smad4	CTO:ANNOTATED:CDS:5UTR	4	792	NM_008540	0.0539743519277075	0.0170667097749	0.0185119210755352	0.0192294131873431	0.0729071053934362	0.360262225048279	0.117146889840864	0.36280414489883	0.477331051160541	0.344067720555652	3;1;1;1;4;11;4;11;12;12	0	0	2.63943956183224	rnoCirc_005711	
chr18	73675161	73678039	-	mmuCirc_004658	Smad4	CTO:ANNOTATED:CDS:5UTR	3	582	NM_008540	0	0.0341334195498	0.0555357632266056	0.0192294131873431	0.0546803290450771	0.327511113680254	0.0585734449204318	0.36280414489883	0.6762189891441	0.258050790416739	0;2;3;1;3;10;2;11;17;9	0	0	2.60879318690079	rnoCirc_005712	
chr18	73969891	73971276	-	mmuCirc_004659	Mapk4	CTO:ANNOTATED:CDS:5UTR	1	1386	NM_172632	0.0179914506425692	0.0170667097749	0.0370238421510704	0.153835305498745	0.109360658090154	0.327511113680254	0.0878601673806477	0.36280414489883	1.07399486511122	0.630790821018696	1;1;2;8;6;10;3;11;27;22	0	1	2.49317116870583		hsaCirc_007240
chr18	74273735	74274773	+	mmuCirc_004660	Mbd1	CTO:ANNOTATED:CDS	4	400	NM_013594	0.0359829012851383	0	0.0185119210755352	0.0576882395620293	0.018226776348359	0.0655022227360508	0.205007057221511	0.197893169944816	0.0397775875967117	0.143361550231522	2;0;1;3;1;2;7;6;1;5	0	0	1.66408789292342	rnoCirc_005715	
chr18	74577455	74580534	+	mmuCirc_004661	Myo5b	CTO:ANNOTATED:CDS	2	317	NM_201600	0.143931605140553	0.0512001293247	0.0370238421510704	0.211523545060774	0.018226776348359	1.17904000924891	0.585734449204318	2.01191389443897	2.62532078138298	1.00353085162065	8;3;2;11;1;36;20;61;66;35	0	0	3.87432337303753		
chr18	74700572	74701684	+	mmuCirc_004662	Myo5b	CTO:ANNOTATED:CDS	2	397	NM_201600	0	0	0	0	0.018226776348359	0	0.0878601673806477	0	0	0.0286723100463043	0;0;0;0;1;0;3;0;0;1	0	0	1.38980398882558		
chr18	74778422	74778584	-	mmuCirc_004663	Scarna17	ITO:ncRNA	1	163	NR_028560	0.125940154497984	0.0682668390996	0.129583447528746	0.0576882395620293	0.127587434438513	0	0	0.0329821949908028	0	0	7;4;7;3;7;0;0;1;0;0	1	1	-2.26954834940081		
chr18	74798312	74799174	+	mmuCirc_004664	Acaa2	CTO:ANNOTATED:CDS	2	306	NM_177470	0	0.0341334195498	0.0370238421510704	0.0192294131873431	0.0364535526967181	0.196506668208152	0.205007057221511	0.494732924862041	0.278443113176982	0.0573446200926087	0;2;2;1;2;6;7;15;7;2	0	0	2.40951803256666		
chr18	75043079	75063173	+	mmuCirc_004665	Dym	CTO:ANNOTATED:CDS:5UTR	5	545	NM_027727	0	0	0	0	0	0.0327511113680254	0.0292867224602159	0.0329821949908028	0.119332762790135	0	0;0;0;0;0;1;1;1;3;0	0	0	1.72659269446278		
chr18	75052981	75063173	+	mmuCirc_004666	Dym	CTO:ANNOTATED:CDS	4	354	NM_027727	0	0	0	0	0	0.0655022227360508	0	0.197893169944816	0.0397775875967117	0	0;0;0;0;0;2;0;6;1;0	0	0	2.37370522365042		
chr18	75055281	75063173	+	mmuCirc_004667	Dym	CTO:ANNOTATED:CDS	3	301	NM_027727	0.0359829012851383	0	0.0185119210755352	0	0	0.0655022227360508	0	0.0329821949908028	0.119332762790135	0	2;0;1;0;0;2;0;1;3;0	0	0	1.29054694067937		hsaCirc_007238
chr18	75080203	75082507	+	mmuCirc_004668	Dym	CTO:ANNOTATED:CDS	2	269	NM_027727	0.0899572532128458	0.0170667097749	0	0.0576882395620293	0.0546803290450771	1.04803556377681	0.556447726744102	0.857537069760872	1.39221556588491	0.831496991342826	5;1;0;3;3;32;19;26;35;29	0	1	4.07792970664951	rnoCirc_005717	hsaCirc_007236
chr18	75080203	75126919	+	mmuCirc_004669	Dym	CTO:ANNOTATED:CDS	7	966	NM_027727	0.0179914506425692	0.0170667097749	0.0185119210755352	0.0384588263746862	0	0.0327511113680254	0.0292867224602159	0.0329821949908028	0.119332762790135	0.086016930138913	1;1;1;2;0;1;1;1;3;3	0	0	1.00081374554282		
chr18	75114790	75126919	+	mmuCirc_004670	Dym	CTO:ANNOTATED:CDS	5	697	NM_027727	0.21589740771083	0.2048005172988	0.0740476843021408	0.230752958248117	0.145814210786872	1.99781779344955	0.585734449204318	2.24278925937459	2.86398630696325	1.3475985721763	12;12;4;12;8;61;20;68;72;47	1	1	3.13658029798837	rnoCirc_005718	hsaCirc_007234
chr18	75114790	75199265	+	mmuCirc_004671	Dym	CTO:ANNOTATED:CDS	6	800	NM_027727	0	0	0	0.0192294131873431	0	0.0655022227360508	0.0292867224602159	0.0989465849724082	0.198887937983559	0.0573446200926087	0;0;0;1;0;2;1;3;5;2	0	0	2.08017773155953	rnoCirc_005719	
chr18	75119111	75126919	+	mmuCirc_004672	Dym	CTO:ANNOTATED:CDS	4	514	NM_027727	0	0	0	0.0384588263746862	0.0729071053934362	0	0	0.230875364935619	0.437553463563829	0.086016930138913	0;0;0;2;4;0;0;7;11;3	0	0	2.26926009720278	rnoCirc_005721	hsaCirc_007233
chr18	75519739	75521869	-	mmuCirc_004673	Ctif	CTO:ANNOTATED:CDS	2	862	NM_201354	0.0179914506425692	0.0170667097749	0	0.0192294131873431	0	0.196506668208152	0.175720334761295	0.461750729871238	0.477331051160541	0.172033860277826	1;1;0;1;0;6;6;14;12;6	0	0	3.28579301034182		hsaCirc_007231
chr18	75605628	75611779	-	mmuCirc_004674	Ctif	CTO:ANNOTATED:CDS	3	255	NM_201354	0	0.0170667097749	0	0.0192294131873431	0	0.131004445472102	0.0878601673806477	0.0659643899816055	0.278443113176982	0.0573446200926087	0;1;0;1;0;4;3;2;7;2	0	0	2.28799474728395	rnoCirc_005722	
chr18	75873656	75900761	+	mmuCirc_004675	Zbtb7c	CTO:ALT_ACCEPTOR:5UTR	1	27106	NM_145356	0	0	0	0.0192294131873431	0	0	0	0	0.119332762790135	0.0286723100463043	0;0;0;1;0;0;0;0;3;1	0	0	1.55581406107045		
chr18	75894634	75900761	+	mmuCirc_004676	Zbtb7c	CTO:ALT_ACCEPTOR:5UTR	1	6128	NM_145356	0	0	0	0	0.018226776348359	0	0	0.0329821949908028	0.119332762790135	0	0;0;0;0;1;0;0;1;3;0	0	0	1.09046223324318		
chr18	76262440	76289173	+	mmuCirc_004677	Smad2	CTO:ANNOTATED:CDS:5UTR	4	707	NM_010754:NM_001252481	0	0	0	0	0	0	0	0	0.159110350386847	0	0;0;0;0;0;0;0;0;4;0	0	0	3.16277680474228		hsaCirc_007229
chr18	76262440	76304776	+	mmuCirc_004678	Smad2	CTO:ALT_DONOR	10	1502	NM_010754:NM_001252481	0	0	0	0	0	0.0327511113680254	0	0.131928779963211	0.0795551751934235	0.114689240185217	0;0;0;0;0;1;0;4;2;4	0	0	2.34789594571676		