chr3	117829577	117833039	-	mmuCirc_006287	Snx7	CTO:ANNOTATED:CDS	2	287	NM_001190156:NM_029655	0	0	0	0	0	0	0.0878601673806477	0.0659643899816055	0.0397775875967117	0.0286723100463043	0;0;0;0;0;0;3;2;1;1	0	0	1.84938383916873		
chr3	117829577	117840038	-	mmuCirc_006288	Snx7	CTO:ANNOTATED:CDS	5	762	NM_001190156:NM_029655	0.0179914506425692	0	0.0370238421510704	0.0192294131873431	0.018226776348359	0.0327511113680254	0	0.131928779963211	0.318220700773694	0	1;0;2;1;1;1;0;4;8;0	0	0	1.01516462021334	rnoCirc_006971	hsaCirc_000786
chr3	117829577	117846696	-	mmuCirc_006289	Snx7	CTO:ANNOTATED:CDS	6	945	NM_001190156:NM_029655	0.0179914506425692	0	0	0	0	0	0	0	0.159110350386847	0.0286723100463043	1;0;0;0;0;0;0;0;4;1	0	0	1.17340108432466		
chr3	118797348	118811267	+	mmuCirc_006290	Dpyd	CTO:ANNOTATED:CDS	3	367	NM_170778	0.0179914506425692	0	0	0	0	0.0982533341040761	0.146433612301079	0.164910974954014	0.0397775875967117	0	1;0;0;0;0;3;5;5;1;0	0	0	2.37084317510923		
chr3	119740315	119753116	-	mmuCirc_006291	Ptbp2	CTO:ANNOTATED:CDS	5	789	NM_019550	0	0.0170667097749	0	0.0192294131873431	0	0.0327511113680254	0.175720334761295	0.0659643899816055	0.0795551751934235	0.143361550231522	0;1;0;1;0;1;6;2;2;5	0	0	2.05541909085885		hsaCirc_000779
chr3	121228310	121235764	-	mmuCirc_006292	Tmem56	CTO:ANNOTATED:CDS:5UTR	5	544	NM_178936	0.0179914506425692	0	0	0.0384588263746862	0.018226776348359	0.229257779576178	0.205007057221511	0.296839754917225	0.517108638757253	0.114689240185217	1;0;0;2;1;7;7;9;13;4	0	0	3.04163438923105	rnoCirc_006976	
chr3	121235043	121235764	-	mmuCirc_006293	Tmem56	CTO:ANNOTATED:CDS:5UTR	2	300	NM_178936	0	0	0	0.0192294131873431	0	0.0327511113680254	0	0.0329821949908028	0.23866552558027	0.0573446200926087	0;0;0;1;0;1;0;1;6;2	0	0	1.86927254377585	rnoCirc_006977	
chr3	121773989	121784570	-	mmuCirc_006294	Abcd3	CTO:ANNOTATED:CDS	10	917	NM_008991	0	0	0	0	0	0.0982533341040761	0.0292867224602159	0.0329821949908028	0.0795551751934235	0.0573446200926087	0;0;0;0;0;3;1;1;2;2	0	0	1.90746257472222		
chr3	121779555	121784570	-	mmuCirc_006295	Abcd3	CTO:ANNOTATED:CDS	4	422	NM_008991	0	0	0	0	0	0.0327511113680254	0.0292867224602159	0.0989465849724082	0	0	0;0;0;0;0;1;1;3;0;0	0	0	1.75754749381049		
chr3	121779555	121796485	-	mmuCirc_006296	Abcd3	CTO:ANNOTATED:CDS	8	717	NM_008991	0.0179914506425692	0.0170667097749	0.0185119210755352	0.0384588263746862	0.018226776348359	0.163755556840127	0.0585734449204318	0.131928779963211	0.0795551751934235	0.143361550231522	1;1;1;2;1;5;2;4;2;5	0	0	1.64029311596473	rnoCirc_006979	hsaCirc_000762
chr3	121791734	121792902	-	mmuCirc_006297	Abcd3	CTO:ANNOTATED:CDS	2	188	NM_008991	0	0.0170667097749	0.0370238421510704	0.0961470659367156	0	0.262008890944203	0.205007057221511	0.494732924862041	0.636441401547388	0.258050790416739	0;1;2;5;0;8;7;15;16;9	0	0	3.17792399958637		
chr3	121988489	121993717	+	mmuCirc_006298	Arhgap29	CTO:ANNOTATED:CDS	9	941	NM_172525	0	0	0	0	0	0.163755556840127	0.0292867224602159	0.131928779963211	0.159110350386847	0.0573446200926087	0;0;0;0;0;5;1;4;4;2	0	0	2.50806320992981		
chr3	122002542	122004349	+	mmuCirc_006299	Arhgap29	CTO:ANNOTATED:CDS	3	406	NM_172525	0	0	0	0	0	0.0327511113680254	0	0	0.159110350386847	0.0573446200926087	0;0;0;0;0;1;0;0;4;2	0	0	2.17109307950866		
chr3	122005655	122006915	+	mmuCirc_006300	Arhgap29	CTO:ANNOTATED:CDS	2	239	NM_172525	0	0	0.0185119210755352	0.0192294131873431	0	0.163755556840127	0.0878601673806477	0.197893169944816	0.318220700773694	0.086016930138913	0;0;1;1;0;5;3;6;8;3	0	0	2.72904605867711		
chr3	122007544	122008091	+	mmuCirc_006301	Arhgap29	CTO:ANNOTATED:CDS	2	327	NM_172525	0.0179914506425692	0	0.0370238421510704	0.0384588263746862	0.0729071053934362	0.294760002312228	0.439300836903238	0.59367950983445	0.636441401547388	0.401412340648261	1;0;2;2;4;9;15;18;16;14	0	0	3.33405329389082		
chr3	122066534	122069162	+	mmuCirc_006302	Abca4	CTO:ALT_ACCEPTOR:CDS	1	2629	NM_007378	0	0	0	0	0	0	0	0.0989465849724082	0	0	0;0;0;0;0;0;0;3;0;0	0	0	2.57224194660756		
chr3	122563835	122570944	-	mmuCirc_006303	Fnbp1l	CTO:ANNOTATED:CDS	4	370	NM_001114665:NM_153118	0	0	0	0	0	0	0	0.0329821949908028	0.119332762790135	0	0;0;0;0;0;0;0;1;3;0	0	0	2.10298512151359		
chr3	122590128	122597867	-	mmuCirc_006304	Fnbp1l	CTO:ALT_ACCEPTOR:CDS	1	7740	NM_001114665:NM_153118	0	0	0.0370238421510704	0	0.0364535526967181	0.0982533341040761	0	0.0329821949908028	0	0.0573446200926087	0;0;2;0;2;3;0;1;0;2	0	0	0.970662630365283		
chr3	122747889	122748477	+	mmuCirc_006305	Pde5a	CTO:ANNOTATED:CDS	1	589	NM_153422	0.0719658025702766	0.0170667097749	0.0185119210755352	0.0576882395620293	0.18226776348359	0.720524450096558	0.556447726744102	0.164910974954014	1.27288280309478	1.11822009180587	4;1;1;3;10;22;19;5;32;39	0	1	3.15620367267079	rnoCirc_006987	
chr3	122774553	122781634	+	mmuCirc_006306	Pde5a	CTO:ANNOTATED:CDS	4	368	NM_153422	0	0	0	0.0192294131873431	0	0.0655022227360508	0.0585734449204318	0.0329821949908028	0.198887937983559	0.0286723100463043	0;0;0;1;0;2;2;1;5;1	0	0	1.84775947948312		
chr3	122774553	122795321	+	mmuCirc_006307	Pde5a	CTO:ANNOTATED:CDS	6	565	NM_153422	0	0	0.0185119210755352	0.0192294131873431	0	0.0327511113680254	0.0585734449204318	0	0.0795551751934235	0.143361550231522	0;0;1;1;0;1;2;0;2;5	0	0	1.36029906571897		
chr3	122781567	122818067	+	mmuCirc_006308	Pde5a	CTO:ANNOTATED:CDS	6	648	NM_153422	0	0	0.0185119210755352	0	0.018226776348359	0.229257779576178	0.0292867224602159	0.230875364935619	0.318220700773694	0.286723100463044	0;0;1;0;1;7;1;7;8;10	0	0	2.94570678461509	rnoCirc_006988	
chr3	122794260	122804609	+	mmuCirc_006309	Pde5a	CTO:ANNOTATED:CDS	4	433	NM_153422	0	0	0	0	0	0.131004445472102	0	0	0.23866552558027	0.114689240185217	0;0;0;0;0;4;0;0;6;4	0	0	3.12036589937636		
chr3	122794260	122818067	+	mmuCirc_006310	Pde5a	CTO:ANNOTATED:CDS	5	580	NM_153422	0	0.0512001293247	0.0370238421510704	0.0384588263746862	0.0911338817417952	0.393013336416305	0.117146889840864	0.0989465849724082	0.517108638757253	0.258050790416739	0;3;2;2;5;12;4;3;13;9	0	0	2.17946683403187		
chr3	123013600	123016678	-	mmuCirc_006311	Myoz2	CTO:ANNOTATED:CDS	2	314	NM_021503	0.0359829012851383	0	0	0.0192294131873431	0	0.0327511113680254	0.117146889840864	0.131928779963211	0.159110350386847	0.0573446200926087	2;0;0;1;0;1;4;4;4;2	0	0	1.95186610191122		
chr3	123013600	123026232	-	mmuCirc_006312	Myoz2	CTO:ANNOTATED:CDS	3	484	NM_021503	0	0	0	0	0	0.0655022227360508	0.0585734449204318	0.0989465849724082	0.198887937983559	0.114689240185217	0;0;0;0;0;2;2;3;5;4	0	0	2.56918578709804	rnoCirc_006992	hsaCirc_011756
chr3	123299557	123330439	+	mmuCirc_006313	Sec24d	CTO:ANNOTATED:CDS	4	495	NM_027135	0.0359829012851383	0.0170667097749	0.0185119210755352	0.0384588263746862	0.018226776348359	0.0655022227360508	0.175720334761295	0.164910974954014	0.23866552558027	0.143361550231522	2;1;1;2;1;2;6;5;6;5	0	0	1.90320704985453	rnoCirc_006995	
chr3	123336486	123343917	+	mmuCirc_006314	Sec24d	CTO:ANNOTATED:CDS	3	411	NM_027135	0.0539743519277075	0	0	0	0	0	0	0	0.0795551751934235	0	3;0;0;0;0;0;0;0;2;0	0	0	0.214235580699612		
chr3	126770785	126810687	+	mmuCirc_006315	Camk2d	CTO:ANNOTATED:CDS:5UTR	13	966	NM_001293666:NM_001025438:NM_001025439:NM_001293663:NM_001293664:NM_001293665:NM_023813	0	0.0170667097749	0.0185119210755352	0.0576882395620293	0	0.0982533341040761	0.0292867224602159	0.0659643899816055	0.23866552558027	0.086016930138913	0;1;1;3;0;3;1;2;6;3	0	0	1.65497208763007		hsaCirc_011747
chr3	126796838	126798280	+	mmuCirc_006316	Camk2d	CTO:ANNOTATED:CDS	3	250	NM_001293666:NM_001025438:NM_001025439:NM_001293663:NM_001293664:NM_001293665:NM_023813	0.0539743519277075	0.0682668390996	0.166607289679817	0.173064718686088	0.164040987135231	1.27729334335299	1.08360873102799	1.64910974954014	2.30710008060928	0.745480061203913	3;4;9;9;9;39;37;50;58;26	1	1	3.31705305652612	rnoCirc_007004	
chr3	126958883	126981944	-	mmuCirc_006317	Ank2	CTO:ANNOTATED:CDS	7	1149	NM_178655	0	0	0	0	0.018226776348359	0.0655022227360508	0.0292867224602159	0.197893169944816	0	0	0;0;0;0;1;2;1;6;0;0	0	0	1.47703162427455		
chr3	127038747	127057091	-	mmuCirc_006318		NTO	1	18345		0.0179914506425692	0.0170667097749	0	0.0192294131873431	0.0729071053934362	0.229257779576178	0.205007057221511	0.230875364935619	0.755774164337523	0.114689240185217	1;1;0;1;4;7;7;7;19;4	0	0	2.76119357053868		
chr3	127046725	127057091	-	mmuCirc_006319		NTO	1	10367		0.0539743519277075	0.0341334195498	0.0185119210755352	0.0192294131873431	0	0.196506668208152	0.234293779681727	0.263857559926422	0.517108638757253	0.258050790416739	3;2;1;1;0;6;8;8;13;9	0	0	2.8470984226551		
chr3	127462096	127463642	-	mmuCirc_006320		NTO	1	1547		0	0	0	0	0	0	0	0.0989465849724082	0	0	0;0;0;0;0;0;0;3;0;0	0	0	2.57224194660756		
chr3	129996681	130020642	-	mmuCirc_006321	Sec24b	CTO:ANNOTATED:CDS	9	1176	NM_207209	0	0.0170667097749	0	0	0	0.131004445472102	0.0292867224602159	0	0	0	0;1;0;0;0;4;1;0;0;0	0	0	1.66379705138428		
chr3	131240937	131245286	-	mmuCirc_006322	Hadh	CTO:ANNOTATED:CDS	3	290	NM_008212	0.0179914506425692	0.0170667097749	0	0.0192294131873431	0	0.0982533341040761	0.0585734449204318	0.0659643899816055	0.119332762790135	0.0286723100463043	1;1;0;1;0;3;2;2;3;1	0	0	1.58748383819329		
chr3	131599865	131607463	+	mmuCirc_006323	Papss1	CTO:ANNOTATED:CDS	4	568	NM_001289478:NM_001289479:NM_011863:NM_001289477	0	0	0.0370238421510704	0	0	0.196506668208152	0.146433612301079	0.131928779963211	0.437553463563829	0.114689240185217	0;0;2;0;0;6;5;4;11;4	0	0	3.03488072540096	rnoCirc_007017	
chr3	132705513	132737588	+	mmuCirc_006324	Tbck	CTO:ANNOTATED:CDS	16	1508	NM_173032:NM_001163455	0	0	0	0	0	0.0982533341040761	0	0.0989465849724082	0	0	0;0;0;0;0;3;0;3;0;0	0	0	2.56802545091291		
chr3	132705513	132752669	+	mmuCirc_006325	Tbck	CTO:ANNOTATED:CDS	19	1793	NM_173032:NM_001163455	0	0.0170667097749	0	0	0.018226776348359	0.0982533341040761	0.117146889840864	0.0989465849724082	0.159110350386847	0.0573446200926087	0;1;0;0;1;3;4;3;4;2	0	0	2.24061420971088		
chr3	132705513	132774596	+	mmuCirc_006326	Tbck	CTO:ANNOTATED:CDS	20	1969	NM_173032:NM_001163455	0	0	0	0	0	0.0327511113680254	0	0.197893169944816	0	0.0286723100463043	0;0;0;0;0;1;0;6;0;1	0	0	2.04261726893976		
chr3	132743002	132774596	+	mmuCirc_006327	Tbck	CTO:ANNOTATED:CDS	4	461	NM_173032:NM_001163455	0.0359829012851383	0	0	0.0576882395620293	0	0.0655022227360508	0.0878601673806477	0.0989465849724082	0.278443113176982	0.172033860277826	2;0;0;3;0;2;3;3;7;6	0	0	2.16385690738745	rnoCirc_007023	hsaCirc_011707
chr3	132751187	132774596	+	mmuCirc_006328	Tbck	CTO:ANNOTATED:CDS	3	375	NM_173032:NM_001163455	0	0	0.0370238421510704	0	0	0	0.0292867224602159	0.230875364935619	0.278443113176982	0.143361550231522	0;0;2;0;0;0;1;7;7;5	0	0	2.5919783292398	rnoCirc_007024	
chr3	132801504	132815349	+	mmuCirc_006329	Tbck	CTO:ANNOTATED:CDS	2	336	NM_001163455	0.0179914506425692	0	0	0	0	0.0655022227360508	0.117146889840864	0.0329821949908028	0.119332762790135	0.0286723100463043	1;0;0;0;0;2;4;1;3;1	0	0	1.88740172340081		
chr3	133062566	133085025	-	mmuCirc_006330	Gstcd	CTO:ANNOTATED:CDS:5UTR	4	1264	NM_026231	0	0	0	0	0	0.131004445472102	0.0585734449204318	0.0659643899816055	0.0397775875967117	0.0573446200926087	0;0;0;0;0;4;2;2;1;2	0	0	2.10504114237114		
chr3	133320936	133326701	+	mmuCirc_006331	Ppa2	CTO:ANNOTATED:CDS	3	164	NM_001293641:NM_146141	0	0	0	0.0192294131873431	0	0.0327511113680254	0.0292867224602159	0.0989465849724082	0.0397775875967117	0.0573446200926087	0;0;0;1;0;1;1;3;1;2	0	0	1.56632246949164		hsaCirc_011701
chr3	133320936	133330512	+	mmuCirc_006332	Ppa2	CTO:ANNOTATED:CDS	4	284	NM_001293641:NM_146141	0.0719658025702766	0.0341334195498	0.0555357632266056	0	0.0729071053934362	0.458515559152355	0.0878601673806477	0.527715119852844	0.715996576740811	0.229378480370435	4;2;3;0;4;14;3;16;18;8	0	0	2.57165288096809	rnoCirc_007026	hsaCirc_011700
chr3	133320936	133339349	+	mmuCirc_006333	Ppa2	CTO:ANNOTATED:CDS	5	371	NM_001293641:NM_146141	0	0	0.0185119210755352	0	0	0.163755556840127	0	0.296839754917225	0.0397775875967117	0.0573446200926087	0;0;1;0;0;5;0;9;1;2	0	0	2.44274949130084	rnoCirc_007027	
chr3	133320936	133348190	+	mmuCirc_006334	Ppa2	CTO:ANNOTATED:CDS	6	498	NM_001293641:NM_146141	0.0719658025702766	0.0512001293247	0.0185119210755352	0.0384588263746862	0.0546803290450771	0.294760002312228	0.146433612301079	0.395786339889633	0.6762189891441	0.229378480370435	4;3;1;2;3;9;5;12;17;8	0	0	2.34922568517619	rnoCirc_007028	hsaCirc_011698
chr3	135506909	135524627	+	mmuCirc_006335	Manba	CTO:ANNOTATED:CDS	6	783	NM_027288	0	0	0	0.0384588263746862	0.018226776348359	0.0982533341040761	0	0.263857559926422	0.198887937983559	0.0286723100463043	0;0;0;2;1;3;0;8;5;1	0	0	2.16103040127345		hsaCirc_011681
chr3	135522992	135549367	+	mmuCirc_006336	Manba	CTO:ANNOTATED:CDS	6	812	NM_027288	0	0	0	0	0	0	0.0292867224602159	0.0329821949908028	0.119332762790135	0.0286723100463043	0;0;0;0;0;0;1;1;3;1	0	0	1.69756763427123		
chr3	135542312	135554924	+	mmuCirc_006337	Manba	CTO:ANNOTATED:CDS	6	909	NM_027288	0	0.0170667097749	0	0	0.018226776348359	0	0.0878601673806477	0.0329821949908028	0	0	0;1;0;0;1;0;3;1;0;0	0	0	0.670630094475453	rnoCirc_007036	
chr3	135626595	135669339	-	mmuCirc_006338	Nfkb1	CTO:ANNOTATED:CDS:5UTR	6	475	NM_008689	0	0.0170667097749	0.0185119210755352	0.0576882395620293	0.0546803290450771	0.163755556840127	0.0292867224602159	0.0989465849724082	0.596663813950676	0.086016930138913	0;1;1;3;3;5;1;3;15;3	0	1	1.74638767254876	rnoCirc_007038	
chr3	135655500	135662993	-	mmuCirc_006339	Nfkb1	CTO:ANNOTATED:CDS	3	216	NM_008689	0	0	0	0	0.018226776348359	0.0327511113680254	0.0292867224602159	0.0989465849724082	0.0397775875967117	0.086016930138913	0;0;0;0;1;1;1;3;1;3	0	0	1.66477727610589	rnoCirc_007039	
chr3	135655500	135669339	-	mmuCirc_006340	Nfkb1	CTO:ANNOTATED:CDS:5UTR	5	326	NM_008689	0.197905957068261	0.1024002586494	0.259166895057493	0.384588263746862	0.218721316180309	2.29257779576178	1.90363695991403	2.73752218423663	5.33019673795937	2.26511249365804	11;6;14;20;12;70;65;83;134;79	1	1	3.53399731397119	rnoCirc_007041	
chr3	137379839	137391706	+	mmuCirc_006341	Emcn	CTO:ANNOTATED:CDS	2	189	NM_001163522:NM_016885	0	0	0	0	0	0.131004445472102	0.146433612301079	0	0.0795551751934235	0.0286723100463043	0;0;0;0;0;4;5;0;2;1	0	0	2.3929978995266		
chr3	137391593	137430832	+	mmuCirc_006342	Emcn	CTO:ALT_DONOR:CDS:3UTR	9	791	NM_001163522:NM_016885	0	0	0	0	0	0	0	0	0.119332762790135	0	0;0;0;0;0;0;0;0;3;0	0	0	2.80046262890159		
chr3	137403984	137430832	+	mmuCirc_006343	Emcn	CTO:ALT_DONOR:CDS:3UTR	8	677	NM_001163522:NM_016885	0	0	0.0185119210755352	0.0384588263746862	0	0.0327511113680254	0.117146889840864	0.0659643899816055	0.23866552558027	0.0573446200926087	0;0;1;2;0;1;4;2;6;2	0	0	1.88643630398973		
chr3	137416721	137430832	+	mmuCirc_006344	Emcn	CTO:ALT_DONOR:CDS:3UTR	7	638	NM_001163522:NM_016885	0.0179914506425692	0	0.0185119210755352	0	0.0364535526967181	0.0327511113680254	0.0292867224602159	0.0989465849724082	0.119332762790135	0.0286723100463043	1;0;1;0;2;1;1;3;3;1	0	0	1.19763241873285		
chr3	137902187	137908619	+	mmuCirc_006345	Dnajb14	CTO:ALT_DONOR:CDS:3UTR	5	839	NM_001033155	0.0359829012851383	0	0	0.0961470659367156	0	0.0327511113680254	0	0.0329821949908028	0.159110350386847	0.172033860277826	2;0;0;5;0;1;0;1;4;6	0	0	1.30197691455747		
chr3	138115136	138118420	-	mmuCirc_006346	Mttp	CTO:ANNOTATED:CDS	4	516	NM_008642:NM_001163457	0	0	0	0	0	0.163755556840127	0	0.0329821949908028	0	0	0;0;0;0;0;5;0;1;0;0	0	0	2.30261179364282		
chr3	138955322	138965996	-	mmuCirc_006347	Rap1gds1	CTO:ANNOTATED:CDS	7	932	NM_001040690:NM_001286759:NM_145544	0	0.0170667097749	0.0370238421510704	0	0	0.0982533341040761	0.0878601673806477	0.0329821949908028	0.159110350386847	0.086016930138913	0;1;2;0;0;3;3;1;4;3	0	0	1.91354342086508	rnoCirc_007055	
chr3	139015546	139021935	-	mmuCirc_006348	Rap1gds1	CTO:ANNOTATED:CDS	2	249	NM_001040690:NM_001286759:NM_145544	0	0	0	0	0	0.0655022227360508	0	0.0329821949908028	0.119332762790135	0	0;0;0;0;0;2;0;1;3;0	0	0	2.10064405605183		
chr3	139015546	139050588	-	mmuCirc_006349	Rap1gds1	CTO:ANNOTATED:CDS	3	357	NM_001040690:NM_001286759:NM_145544	0.0359829012851383	0	0	0.0576882395620293	0	0.131004445472102	0.0878601673806477	0.164910974954014	0.0795551751934235	0	2;0;0;3;0;4;3;5;2;0	0	0	1.85729554437515	rnoCirc_007056	
chr3	142259130	142278001	-	mmuCirc_006350	Pdlim5	CTO:ANNOTATED:CDS	2	348	NM_001190852:NM_001190854:NM_001190855:NM_001190856:NM_019808	0.0359829012851383	0	0.0370238421510704	0	0.0364535526967181	0.360262225048279	0.322153947062375	0.626661704825252	0.755774164337523	0.286723100463044	2;0;2;0;2;11;11;19;19;10	0	0	3.61664990972151	rnoCirc_007060	hsaCirc_011655
chr3	142259130	142284916	-	mmuCirc_006351	Pdlim5	CTO:ANNOTATED:CDS	5	744	NM_001190852:NM_001190854:NM_001190855:NM_001190856:NM_019808	0.0179914506425692	0	0	0	0	0.163755556840127	0	0.164910974954014	0.119332762790135	0.086016930138913	1;0;0;0;0;5;0;5;3;3	0	0	2.67237137950047	rnoCirc_007061	hsaCirc_011652
chr3	142277817	142284916	-	mmuCirc_006352	Pdlim5	CTO:ANNOTATED:CDS	4	581	NM_001190852:NM_001190854:NM_001190855:NM_001190856:NM_019808	0.0359829012851383	0.0170667097749	0.0370238421510704	0.0192294131873431	0.0546803290450771	0.0982533341040761	0.234293779681727	0.197893169944816	0.517108638757253	0.516101580833478	2;1;2;1;3;3;8;6;13;18	0	0	2.48200383867316	rnoCirc_007067	hsaCirc_011651
chr3	142277817	142304469	-	mmuCirc_006353	Pdlim5	CTO:ANNOTATED:CDS:3UTR	6	791	NM_001190852:NM_001190854:NM_001190855:NM_001190856:NM_019808	0	0	0.0185119210755352	0.0192294131873431	0	0.131004445472102	0.205007057221511	0	0.119332762790135	0.143361550231522	0;0;1;1;0;4;7;0;3;5	0	0	2.06432716075863	rnoCirc_007069	hsaCirc_011649