chr10	30547657	30566506	-	mmuCirc_000860	Trmt11	CTO:ANNOTATED:CDS	5	572	NM_028604	0	0	0	0.0192294131873431	0	0.0655022227360508	0.0585734449204318	0.329821949908027	0.198887937983559	0	0;0;0;1;0;2;2;10;5;0	0	0	2.66968436131409	rnoCirc_000149	
chr10	30547657	30597805	-	mmuCirc_000861	Trmt11	CTO:ANNOTATED:CDS	11	1179	NM_028604	0	0	0.0185119210755352	0	0	0.0327511113680254	0	0.0989465849724082	0.0397775875967117	0.0286723100463043	0;0;1;0;0;1;0;3;1;1	0	0	1.4722110674823		
chr10	30610317	30614830	-	mmuCirc_000862	Hint3	CTO:ANNOTATED:CDS	3	315	NM_025798	0	0	0	0	0	0	0	0	0.119332762790135	0	0;0;0;0;0;0;0;0;3;0	0	0	2.80046262890159		
chr10	30722646	30722866	-	mmuCirc_000863	Ncoa7	CTO:ANNOTATED:CDS	1	221	NM_172495	0	0.0170667097749	0	0	0	0.0327511113680254	0.0292867224602159	0	0.198887937983559	0	0;1;0;0;0;1;1;0;5;0	0	0	1.7541323417817		
chr10	30722646	30771840	-	mmuCirc_000864	Ncoa7	CTO:ANNOTATED:CDS:5UTR	2	342	NM_172495	0	0	0	0	0	0.0655022227360508	0.146433612301079	0.0989465849724082	0.119332762790135	0	0;0;0;0;0;2;5;3;3;0	0	0	2.63138535491185	rnoCirc_000146	
chr10	31517384	31534896	-	mmuCirc_000865	Rnf217	CTO:ANNOTATED:CDS	2	399	NM_001146349	0	0	0	0.0192294131873431	0	0.0982533341040761	0.0878601673806477	0.0329821949908028	0.198887937983559	0.0286723100463043	0;0;0;1;0;3;3;1;5;1	0	0	2.03273857716827	rnoCirc_000141	hsaCirc_013604
chr10	31534663	31534896	-	mmuCirc_000866	Rnf217	CTO:ANNOTATED:CDS	1	234	NM_001146349	0	0	0	0	0	0.0982533341040761	0	0.0329821949908028	0.119332762790135	0.0573446200926087	0;0;0;0;0;3;0;1;3;2	0	0	2.18027003574547		
chr10	33157013	33186700	+	mmuCirc_000867	Trdn	CTO:ANNOTATED:CDS	5	378	NM_029726	0	0	0.0555357632266056	0	0	0.0327511113680254	0	0	0.0397775875967117	0	0;0;3;0;0;1;0;0;1;0	0	0	0.35388209985677		
chr10	34001137	34012137	-	mmuCirc_000868	Rwdd1	CTO:ANNOTATED:CDS	5	537	NM_025614	0	0	0.0370238421510704	0.0192294131873431	0	0.0327511113680254	0.0292867224602159	0.131928779963211	0.198887937983559	0	0;0;2;1;0;1;1;4;5;0	0	0	1.6485858407959	rnoCirc_007336	
chr10	34008993	34012137	-	mmuCirc_000869	Rwdd1	CTO:ANNOTATED:CDS	2	197	NM_025614	0.0179914506425692	0	0.0370238421510704	0.0769176527493725	0.018226776348359	0.589520004624457	0.234293779681727	0.659643899816055	1.43199315348162	0.344067720555652	1;0;2;4;1;18;8;20;36;12	0	0	3.68083515648847		
chr10	34310301	34324462	-	mmuCirc_000870	Nt5dc1	CTO:ANNOTATED:CDS	5	714	NM_176968	0	0	0	0	0.0546803290450771	0	0.0292867224602159	0.0659643899816055	0.0397775875967117	0.0286723100463043	0;0;0;0;3;0;1;2;1;1	0	0	1.09172896140571		
chr10	34322609	34324462	-	mmuCirc_000871	Nt5dc1	CTO:ANNOTATED:CDS	2	273	NM_176968	0.0359829012851383	0	0	0	0	0	0.0878601673806477	0.0329821949908028	0.0397775875967117	0.0286723100463043	2;0;0;0;0;0;3;1;1;1	0	0	1.04286351112556		
chr10	34398114	34411459	-	mmuCirc_000872	Nt5dc1	CTO:ANNOTATED:CDS	5	466	NM_176968	0	0	0	0	0	0.131004445472102	0	0.0329821949908028	0.0397775875967117	0	0;0;0;0;0;4;0;1;1;0	0	0	1.96721046917296		
chr10	39389730	39395044	+	mmuCirc_000873	Fyn	CTO:ALT_ACCEPTOR:5UTR	1	5315	NM_001122892:NM_001122893:NM_008054	0	0	0	0	0	0	0	0.0329821949908028	0	0.114689240185217	0;0;0;0;0;0;0;1;0;4	0	0	2.07853515647877		
chr10	39639220	39641394	+	mmuCirc_000874	Traf3ip2	CTO:ANNOTATED:CDS	2	268	NM_134000	0	0	0	0	0	0.0982533341040761	0.0292867224602159	0	0	0.0286723100463043	0;0;0;0;0;3;1;0;0;1	0	0	1.71603641642533		
chr10	39742691	39799977	+	mmuCirc_000875	Rev3l	CTO:ALT_ACCEPTOR:CDS	4	40975	NM_011264	0	0.0341334195498	0.0185119210755352	0.0769176527493725	0	0.131004445472102	0.0585734449204318	0.296839754917225	0.278443113176982	0.0573446200926087	0;2;1;4;0;4;2;9;7;2	0	0	2.01366866316033		hsaCirc_013565
chr10	39783143	39799977	+	mmuCirc_000876	Rev3l	CTO:ANNOTATED:CDS	4	523	NM_011264	0	0	0	0	0	0	0	0	0.159110350386847	0	0;0;0;0;0;0;0;0;4;0	0	0	3.16277680474228	rnoCirc_007432	
chr10	39894016	39922191	-	mmuCirc_000877	AA474331:2010001E11Rik	ITO:ncRNA	1	28176	NR_033628:NM_001163503	0	0.0170667097749	0.0185119210755352	0	0	0.0327511113680254	0	0.0329821949908028	0.0795551751934235	0.086016930138913	0;1;1;0;0;1;0;1;2;3	0	0	1.1381998065165		
chr10	39894016	39971152	-	mmuCirc_000878	AA474331:2010001E11Rik:G630090E17Rik:BC021785	ITO:ncRNA	1	77137	NR_033628:NM_001163503:NM_001173500:NM_001113388:NM_001001489:NM_001113385	0.0179914506425692	0.0512001293247	0.0740476843021408	0	0.0364535526967181	0.0327511113680254	0.0292867224602159	0.0329821949908028	0.0795551751934235	0.086016930138913	1;3;4;0;2;1;1;1;2;3	0	0	0.467923154244607	rnoCirc_007436	
chr10	40076564	40080807	-	mmuCirc_000879	Slc16a10	CTO:ANNOTATED:CDS	2	599	NM_001114332:NM_028247	0.107948703855415	0.0341334195498	0.0185119210755352	0.0769176527493725	0.0729071053934362	0.524017781888406	0.292867224602159	0.329821949908027	1.71043626665861	0.286723100463044	6;2;1;4;4;16;10;10;43;10	0	1	2.73671994302062	rnoCirc_007439	hsaCirc_013554
chr10	40254264	40254464	-	mmuCirc_000880	Gtf3c6	CTO:ANNOTATED:CDS	2	109	NM_026113	0.0539743519277075	0	0.0185119210755352	0.0769176527493725	0	0.360262225048279	0.292867224602159	0.395786339889633	0.636441401547388	0.143361550231522	3;0;1;4;0;11;10;12;16;5	0	0	3.11033459692167	rnoCirc_007440	
chr10	40258506	40258670	-	mmuCirc_000881		NTO	1	165		0.0359829012851383	0	0.0555357632266056	0.115376479124059	0.0911338817417952	0.0982533341040761	0	0.131928779963211	0	0.430084650694565	2;0;3;6;5;3;0;4;0;15	0	1	0.336494640360134	rnoCirc_007441	
chr10	40394325	40408366	+	mmuCirc_000882	Cdk19	CTO:ALT_DONOR:CDS:5UTR	1	14042	NM_001168304:NM_001291816:NM_001291817:NM_198164	0.0179914506425692	0.0170667097749	0.0370238421510704	0	0.0364535526967181	0.0982533341040761	0.146433612301079	0.329821949908027	0.23866552558027	0.143361550231522	1;1;2;0;2;3;5;10;6;5	0	0	2.32956334809009		
chr10	40394325	40436212	+	mmuCirc_000883	Cdk19	CTO:ANNOTATED:CDS:5UTR	3	328	NM_001168304:NM_001291816:NM_001291817:NM_198164	0.0179914506425692	0	0	0	0	0.0327511113680254	0.146433612301079	0.164910974954014	0.278443113176982	0.086016930138913	1;0;0;0;0;1;5;5;7;3	0	0	2.60895347633377	rnoCirc_007442	hsaCirc_013552
chr10	40434304	40436212	+	mmuCirc_000884	Cdk19	CTO:ANNOTATED:CDS:5UTR	2	252	NM_001168304:NM_001291816:NM_001291817:NM_198164	0	0.0170667097749	0.0185119210755352	0	0	0.0655022227360508	0.0585734449204318	0.131928779963211	0.278443113176982	0.114689240185217	0;1;1;0;0;2;2;4;7;4	0	0	2.36216892535783	rnoCirc_007443	
chr10	40466638	40469955	+	mmuCirc_000885	Cdk19	CTO:ANNOTATED:CDS:5UTR	3	346	NM_001168304:NM_001291816:NM_001291817:NM_198164	0	0.0170667097749	0	0.0192294131873431	0.0364535526967181	0.131004445472102	0.205007057221511	0.296839754917225	0.636441401547388	0.086016930138913	0;1;0;1;2;4;7;9;16;3	0	0	2.89555836561072		
chr10	40836288	40841815	-	mmuCirc_000886	Cdc40	CTO:ANNOTATED:CDS	3	327	NM_027879	0	0.0170667097749	0	0	0	0.0327511113680254	0.0585734449204318	0.164910974954014	0	0.0286723100463043	0;1;0;0;0;1;2;5;0;1	0	0	1.74374486037926		
chr10	40849745	40851069	-	mmuCirc_000887	Cdc40	CTO:ANNOTATED:CDS	2	237	NM_027879	0.0179914506425692	0	0	0	0	0	0	0.131928779963211	0.0795551751934235	0	1;0;0;0;0;0;0;4;2;0	0	0	1.43838159831281		
chr10	41494519	41507559	+	mmuCirc_000888	Ppil6	CTO:ANNOTATED:CDS	6	689	NM_028430	0	0	0	0.0192294131873431	0	0.0655022227360508	0	0.0989465849724082	0.0397775875967117	0	0;0;0;1;0;2;0;3;1;0	0	0	1.75862426434205		
chr10	41521918	41524145	+	mmuCirc_000889	Cd164	CTO:ANNOTATED:CDS	3	201	NM_016898	0.0179914506425692	0	0.0185119210755352	0.0192294131873431	0	0.131004445472102	0.117146889840864	0.131928779963211	0.198887937983559	0.086016930138913	1;0;1;1;0;4;4;4;5;3	0	0	2.32698401402716	rnoCirc_007445	
chr10	41521918	41528770	+	mmuCirc_000890	Cd164	CTO:ALT_DONOR:CDS	5	357	NM_016898	0	0	0	0	0.018226776348359	0.0982533341040761	0	0	0	0	0;0;0;0;1;3;0;0;0;0	0	0	0.814612705960313		
chr10	41740840	41745921	-	mmuCirc_000891	Cep57l1	CTO:ANNOTATED:CDS:5UTR	3	453	NM_001243075:NM_029132:NM_001243074:NM_026643	0	0	0	0	0	0.0327511113680254	0	0.0659643899816055	0.0397775875967117	0.114689240185217	0;0;0;0;0;1;0;2;1;4	0	0	1.95852700590134	rnoCirc_007446	
chr10	42196466	42197901	-	mmuCirc_000892	Foxo3	CTO:ANNOTATED:CDS:3UTR	1	1436	NM_019740	0	0	0	0.0192294131873431	0.0364535526967181	0.131004445472102	0.0585734449204318	0.0989465849724082	0.23866552558027	0.0286723100463043	0;0;0;1;2;4;2;3;6;1	0	0	1.99398397578283		
chr10	42415549	42426587	-	mmuCirc_000893	Lace1	CTO:ANNOTATED:CDS	3	333	NM_145743	0	0	0	0	0	0	0	0	0	0.114689240185217	0;0;0;0;0;0;0;0;0;4	0	0	2.75156269883195		
chr10	42425178	42454530	-	mmuCirc_000894	Lace1	CTO:ANNOTATED:CDS	4	509	NM_145743	0	0.0170667097749	0.0185119210755352	0	0	0	0.0292867224602159	0.164910974954014	0.0795551751934235	0	0;1;1;0;0;0;1;5;2;0	0	0	1.66334171968293		
chr10	42454307	42454530	-	mmuCirc_000895	Lace1	CTO:ANNOTATED:CDS	1	224	NM_145743	0	0	0	0	0	0.0327511113680254	0	0	0.159110350386847	0	0;0;0;0;0;1;0;0;4;0	0	0	2.28098914689479		
chr10	42783442	42791291	+	mmuCirc_000896	Sec63	CTO:ANNOTATED:CDS	3	328	NM_153055	0	0	0	0	0.0364535526967181	0.163755556840127	0.0878601673806477	0.0989465849724082	0.119332762790135	0.0573446200926087	0;0;0;0;2;5;3;3;3;2	0	0	2.29154947830232	rnoCirc_007458	hsaCirc_013522
chr10	42783442	42806671	+	mmuCirc_000897	Sec63	CTO:ANNOTATED:CDS	12	1233	NM_153055	0	0	0	0	0	0	0	0.0329821949908028	0	0.114689240185217	0;0;0;0;0;0;0;1;0;4	0	0	2.07853515647877		
chr10	42789300	42791291	+	mmuCirc_000898	Sec63	CTO:ANNOTATED:CDS	2	228	NM_153055	0.0359829012851383	0	0	0	0	0.0327511113680254	0.0292867224602159	0.0989465849724082	0.119332762790135	0	2;0;0;0;0;1;1;3;3;0	0	0	1.64702971363861	rnoCirc_007459	hsaCirc_013521
chr10	42789300	42797733	+	mmuCirc_000899	Sec63	CTO:ANNOTATED:CDS	5	400	NM_153055	0	0.0170667097749	0.0185119210755352	0.0576882395620293	0.0546803290450771	0.360262225048279	0.146433612301079	0.296839754917225	0.636441401547388	0.086016930138913	0;1;1;3;3;11;5;9;16;3	0	1	2.60808850867706		
chr10	43074593	43160844	-	mmuCirc_000900	Sobp	CTO:ANNOTATED:CDS	4	573	NM_175407	0	0	0	0	0	0.262008890944203	0.0878601673806477	0.164910974954014	0.0795551751934235	0.0573446200926087	0;0;0;0;0;8;3;5;2;2	0	0	2.74486304468293		
chr10	43127779	43160844	-	mmuCirc_000901	Sobp	CTO:ANNOTATED:CDS	3	477	NM_175407	0.107948703855415	0.0170667097749	0	0.0769176527493725	0.018226776348359	0.622271115992482	0.556447726744102	0.494732924862041	0.755774164337523	0.315395410509348	6;1;0;4;1;19;19;15;19;11	0	0	3.4212751459153	rnoCirc_007464	hsaCirc_013517
chr10	43157908	43160844	-	mmuCirc_000902	Sobp	CTO:ANNOTATED:CDS	2	325	NM_175407	0	0	0	0.0192294131873431	0.018226776348359	0.0327511113680254	0.0292867224602159	0.0659643899816055	0.119332762790135	0.086016930138913	0;0;0;1;1;1;1;2;3;3	0	0	1.62086115816874	rnoCirc_007465	hsaCirc_013516
chr10	43393871	43395692	+	mmuCirc_000903	Pdss2	CTO:ANNOTATED:CDS	2	306	NM_027772:NM_001168289	0.0719658025702766	0	0.0370238421510704	0.0192294131873431	0.018226776348359	0.262008890944203	0.292867224602159	0.36280414489883	0.556886226353964	0.315395410509348	4;0;2;1;1;8;10;11;14;11	0	0	3.0685011657317		
chr10	43393871	43413547	+	mmuCirc_000904	Pdss2	CTO:ANNOTATED:CDS	3	339	NM_027772:NM_001168289	0.0359829012851383	0	0	0.0192294131873431	0	0.131004445472102	0.0292867224602159	0.0989465849724082	0.318220700773694	0.143361550231522	2;0;0;1;0;4;1;3;8;5	0	0	2.28858554257019		
chr10	43907759	43910917	+	mmuCirc_000905	Rtn4ip1	CTO:ANNOTATED:CDS	3	346	NM_130892	0	0	0	0	0	0	0	0	0.119332762790135	0	0;0;0;0;0;0;0;0;3;0	0	0	2.80046262890159		
chr10	43921387	43936091	+	mmuCirc_000906	Rtn4ip1	CTO:ANNOTATED:CDS	4	463	NM_130892	0	0	0	0	0	0	0.0585734449204318	0	0.119332762790135	0.0286723100463043	0;0;0;0;0;0;2;0;3;1	0	0	2.01920189717153	rnoCirc_007470	hsaCirc_013513
chr10	43928323	43936091	+	mmuCirc_000907	Rtn4ip1	CTO:ANNOTATED:CDS	3	414	NM_130892	0.0179914506425692	0	0.0185119210755352	0.0192294131873431	0.018226776348359	0.0982533341040761	0	0	0.159110350386847	0.0286723100463043	1;0;1;1;1;3;0;0;4;1	0	0	0.808046954878517	rnoCirc_007471	
chr10	44303567	44319554	+	mmuCirc_000908	Atg5	CTO:ANNOTATED:CDS	2	258	NM_053069	0	0	0	0.0384588263746862	0	0.0327511113680254	0	0.0659643899816055	0.119332762790135	0	0;0;0;2;0;1;0;2;3;0	0	0	1.58532747053329	rnoCirc_007472	
chr10	45588380	45590372	+	mmuCirc_000909	Hace1	CTO:ANNOTATED:CDS	3	250	NM_172473	0	0	0	0.0192294131873431	0	0	0	0.0659643899816055	0.198887937983559	0.0286723100463043	0;0;0;1;0;0;0;2;5;1	0	0	1.95567506774128		
chr10	45588380	45618629	+	mmuCirc_000910	Hace1	CTO:ANNOTATED:CDS	5	458	NM_172473	0	0	0	0.0576882395620293	0.0729071053934362	0.0982533341040761	0.0292867224602159	0.0989465849724082	0.278443113176982	0.0573446200926087	0;0;0;3;4;3;1;3;7;2	0	1	1.62288995878822	rnoCirc_007478	hsaCirc_013504
chr10	45618498	45652738	+	mmuCirc_000911	Hace1	CTO:ANNOTATED:CDS	6	672	NM_172473	0	0	0	0.0384588263746862	0.0364535526967181	0.0655022227360508	0.0585734449204318	0	0.198887937983559	0.0573446200926087	0;0;0;2;2;2;2;0;5;2	0	0	1.60723499862058		
chr10	45638321	45701024	+	mmuCirc_000912	Hace1	CTO:ANNOTATED:CDS	16	1979	NM_172473	0	0	0	0	0	0	0	0	0.0397775875967117	0.114689240185217	0;0;0;0;0;0;0;0;1;4	0	0	2.165583687582		
chr10	45648591	45652738	+	mmuCirc_000913	Hace1	CTO:ANNOTATED:CDS	4	457	NM_172473	0	0	0	0	0	0.0655022227360508	0.117146889840864	0.0659643899816055	0.0397775875967117	0.0286723100463043	0;0;0;0;0;2;4;2;1;1	0	0	1.96801140195047		
chr10	50748806	50754122	+	mmuCirc_000914	Ascc3	CTO:ANNOTATED:CDS	4	518	NM_198007	0	0.0170667097749	0.0185119210755352	0	0	0.0982533341040761	0.117146889840864	0.131928779963211	0.159110350386847	0.086016930138913	0;1;1;0;0;3;4;4;4;3	0	0	2.4000705314933		
chr10	50748806	50767507	+	mmuCirc_000915	Ascc3	CTO:ANNOTATED:CDS	6	765	NM_198007	0.0179914506425692	0.0341334195498	0.0555357632266056	0.0576882395620293	0.018226776348359	0.524017781888406	0.322153947062375	0.494732924862041	1.31266039069149	0.45875696074087	1;2;3;3;1;16;11;15;33;16	0	0	3.40313214436679		
chr10	50748806	50770383	+	mmuCirc_000916	Ascc3	CTO:ALT_DONOR:CDS	6	3641	NM_198007	0	0	0	0	0	0.0655022227360508	0	0.0329821949908028	0.119332762790135	0	0;0;0;0;0;2;0;1;3;0	0	0	2.10064405605183		
chr10	50767091	50767507	+	mmuCirc_000917	Ascc3	CTO:ANNOTATED:CDS	2	247	NM_198007	0.0179914506425692	0	0	0.0192294131873431	0	0	0.146433612301079	0.0659643899816055	0	0.114689240185217	1;0;0;1;0;0;5;2;0;4	0	0	1.20291324442896	rnoCirc_007493	
chr10	52261727	52290923	+	mmuCirc_000918	Dcbld1	CTO:ANNOTATED:CDS	4	473	NM_025705	0.0179914506425692	0	0	0.0192294131873431	0.0729071053934362	0	0.146433612301079	0.164910974954014	0.23866552558027	0.0573446200926087	1;0;0;1;4;0;5;5;6;2	0	0	1.55931024097559	rnoCirc_007397	
chr10	52284103	52290923	+	mmuCirc_000919	Dcbld1	CTO:ANNOTATED:CDS	3	260	NM_025705	0	0	0	0	0	0.131004445472102	0.117146889840864	0.0329821949908028	0.23866552558027	0.0286723100463043	0;0;0;0;0;4;4;1;6;1	0	0	2.41515877246413	rnoCirc_007398	
chr10	52429193	52430216	+	mmuCirc_000920	Nus1	CTO:ANNOTATED:CDS	2	276	NM_030250	0	0.0341334195498	0	0.0192294131873431	0	0.0327511113680254	0.0878601673806477	0.131928779963211	0.357998288370406	0	0;2;0;1;0;1;3;4;9;0	0	0	2.14686689002648	rnoCirc_007404	
chr10	52429193	52436663	+	mmuCirc_000921	Nus1	CTO:ALT_DONOR:CDS	4	463	NM_030250	0.269871759638537	0.0853335488745	0.148095368604282	0.230752958248117	0.145814210786872	2.58733779807401	1.49362284547101	3.16629071911706	3.46065012091392	1.3475985721763	15;5;8;12;8;79;51;96;87;47	1	1	3.61952182523269		
chr10	52429193	52436739	+	mmuCirc_000922	Nus1	CTO:ALT_DONOR:CDS:3UTR	4	539	NM_030250	0	0.0170667097749	0	0	0	0.163755556840127	0	0.230875364935619	0.119332762790135	0.114689240185217	0;1;0;0;0;5;0;7;3;4	0	0	2.30210322918322	rnoCirc_007406	
chr10	53337726	53343832	-	mmuCirc_000923	Cep85l	INTRONIC	1	6107	NM_001204983	0.107948703855415	0.0682668390996	0.0555357632266056	0.0384588263746862	0	0.0327511113680254	0.0292867224602159	0	0	0	6;4;3;2;0;1;1;0;0;0	1	0	-1.39588633974296		
chr10	53343824	53344260	-	mmuCirc_000924	Cep85l	INTRONIC	1	437	NM_001204983	0	0	0	0	0	0.0327511113680254	0.117146889840864	0	0	0	0;0;0;0;0;1;4;0;0;0	0	0	2.08842574483206		
chr10	53344025	53344159	+	mmuCirc_000925	Pln	CTO:ALT_DONOR:ALT_ACCEPTOR:3UTR	1	135	NM_001141927:NM_023129	0	0	0	0	0	0	0	0	0.119332762790135	0	0;0;0;0;0;0;0;0;3;0	0	0	2.80046262890159		
chr10	53348472	53358207	-	mmuCirc_000926	Cep85l	CTO:ANNOTATED:CDS	2	947	NM_001204983	0.0179914506425692	0.0170667097749	0	0.0192294131873431	0	0.0327511113680254	0.146433612301079	0.131928779963211	0.119332762790135	0.114689240185217	1;1;0;1;0;1;5;4;3;4	0	0	2.02913808037279	rnoCirc_007412	