chr1	180109154	180114114	+	mmuCirc_000659	Cdc42bpa	CTO:ANNOTATED:CDS	4	472	NM_001033285	0.0359829012851383	0	0	0.0384588263746862	0	0.262008890944203	0.234293779681727	0.164910974954014	0.318220700773694	0.086016930138913	2;0;0;2;0;8;8;5;8;3	0	0	2.82971213230987		
chr1	180109154	180117743	+	mmuCirc_000660	Cdc42bpa	CTO:ANNOTATED:CDS	5	549	NM_001033285	0	0	0	0	0	0.0327511113680254	0	0.0329821949908028	0.119332762790135	0	0;0;0;0;0;1;0;1;3;0	0	0	1.86839057735816		
chr1	180111745	180117743	+	mmuCirc_000661	Cdc42bpa	CTO:ANNOTATED:CDS	3	318	NM_001033285	0	0	0	0	0	0.0655022227360508	0.0292867224602159	0.0989465849724082	0	0.0286723100463043	0;0;0;0;0;2;1;3;0;1	0	0	1.8131260414484		
chr1	180174251	180179284	-	mmuCirc_000662	Adck3	CTO:ANNOTATED:CDS	3	544	NM_001163290:NM_023341	0.0539743519277075	0	0.0185119210755352	0	0	0	0.0292867224602159	0.164910974954014	0.119332762790135	0.0573446200926087	3;0;1;0;0;0;1;5;3;2	0	0	1.2858782653294		
chr1	180178577	180179284	-	mmuCirc_000663	Adck3	CTO:ANNOTATED:CDS	2	469	NM_001163290:NM_023341	0.0359829012851383	0	0.0185119210755352	0	0.018226776348359	0.0655022227360508	0.117146889840864	0.230875364935619	0.357998288370406	0.0573446200926087	2;0;1;0;1;2;4;7;9;2	0	0	2.26984893655602		
chr1	180412674	180414000	+	mmuCirc_000664	Itpkb	CTO:ANNOTATED:CDS	2	314	NM_001081175	0	0	0	0	0	0	0	0	0	0.086016930138913	0;0;0;0;0;0;0;0;0;3	0	0	2.40622276606355	rnoCirc_003392	
chr1	180589398	180589593	+	mmuCirc_000665	Parp1	CTO:ANNOTATED:CDS	1	196	NM_007415	0.0179914506425692	0	0	0	0	0.131004445472102	0	0.0329821949908028	0.0795551751934235	0.0286723100463043	1;0;0;0;0;4;0;1;2;1	0	0	1.74873737329317		
chr1	180733166	180736850	+	mmuCirc_000666	Acbd3	CTO:ANNOTATED:CDS	3	442	NM_133225	0	0.0170667097749	0	0.0192294131873431	0	0.0327511113680254	0.117146889840864	0.0989465849724082	0.0795551751934235	0	0;1;0;1;0;1;4;3;2;0	0	0	1.80063248372869		
chr1	180733166	180738637	+	mmuCirc_000667	Acbd3	CTO:ANNOTATED:CDS	4	617	NM_133225	0	0.0170667097749	0.0555357632266056	0.0192294131873431	0	0.196506668208152	0.263580502141943	0.197893169944816	0.0795551751934235	0.0573446200926087	0;1;3;1;0;6;9;6;2;2	0	0	2.23903052764551		
chr1	180736692	180738637	+	mmuCirc_000668	Acbd3	CTO:ANNOTATED:CDS	2	334	NM_133225	0	0	0.0555357632266056	0.0192294131873431	0.018226776348359	0.0327511113680254	0.0878601673806477	0.0659643899816055	0.0397775875967117	0.086016930138913	0;0;3;1;1;1;3;2;1;3	0	0	1.21923583987124		
chr1	180861098	180862841	+	mmuCirc_000669	Sde2	CTO:ANNOTATED:CDS	2	605	NM_145943	0	0	0	0	0	0	0.0585734449204318	0	0.0397775875967117	0.086016930138913	0;0;0;0;0;0;2;0;1;3	0	0	1.98662308557584	rnoCirc_003396	
chr1	180952132	180958047	+	mmuCirc_000670	Tmem63a	CTO:ANNOTATED:CDS	6	477	NM_144794	0.0179914506425692	0.0170667097749	0	0.0192294131873431	0	0.0327511113680254	0.0585734449204318	0.0989465849724082	0	0	1;1;0;1;0;1;2;3;0;0	0	0	0.789437658706577		
chr1	181109160	181123984	-	mmuCirc_000671	Nvl	CTO:ANNOTATED:CDS	6	900	NM_026171	0	0	0.0185119210755352	0.0384588263746862	0.018226776348359	0.0327511113680254	0	0.0989465849724082	0.119332762790135	0	0;0;1;2;1;1;0;3;3;0	0	0	0.83614914129424		
chr1	181120355	181123984	-	mmuCirc_000672	Nvl	CTO:ANNOTATED:CDS	2	263	NM_026171	0	0	0	0.0384588263746862	0	0.229257779576178	0.0878601673806477	0.197893169944816	0.318220700773694	0.0573446200926087	0;0;0;2;0;7;3;6;8;2	0	0	2.79999582133116		
chr1	181134792	181136930	-	mmuCirc_000673	Nvl	CTO:ANNOTATED:CDS	2	331	NM_026171	0.0179914506425692	0	0	0	0	0.163755556840127	0.0585734449204318	0	0.159110350386847	0	1;0;0;0;0;5;2;0;4;0	0	0	2.47028659739496		
chr1	181183727	181184396	-	mmuCirc_000674	Wdr26	CTO:ANNOTATED:CDS	2	225	NM_145514	0	0.0170667097749	0	0.0192294131873431	0.018226776348359	0.0982533341040761	0.0585734449204318	0.0659643899816055	0.0795551751934235	0.086016930138913	0;1;0;1;1;3;2;2;2;3	0	0	1.71333313007065		
chr1	181184251	181186067	-	mmuCirc_000675	Wdr26	CTO:ANNOTATED:CDS	2	266	NM_145514	0	0	0	0	0.0364535526967181	0	0	0.131928779963211	0.0795551751934235	0	0;0;0;0;2;0;0;4;2;0	0	0	1.24791840680869		
chr1	181825622	181832232	-	mmuCirc_000676	Lbr	CTO:ANNOTATED:CDS	4	529	NM_133815	0.0899572532128458	0.0341334195498	0.0740476843021408	0.0384588263746862	0.109360658090154	0.524017781888406	0.234293779681727	0.527715119852844	0.636441401547388	0.45875696074087	5;2;4;2;6;16;8;16;16;16	0	0	2.49152903190936		
chr1	181905469	181908376	-	mmuCirc_000677	Enah	CTO:ALT_DONOR:CDS:3UTR	3	566	NM_001083120:NM_001083121:NM_008680:NM_010135	0.0719658025702766	0	0.0185119210755352	0.0192294131873431	0.018226776348359	0.229257779576178	0.0878601673806477	0.0329821949908028	0.318220700773694	0.229378480370435	4;0;1;1;1;7;3;1;8;8	0	0	2.02868015178156		
chr1	181908298	181917247	-	mmuCirc_000678	Enah	CTO:ANNOTATED:CDS	3	195	NM_001083120:NM_001083121:NM_008680:NM_010135	0	0	0	0	0	0.0327511113680254	0	0.0989465849724082	0.0397775875967117	0.0573446200926087	0;0;0;0;0;1;0;3;1;2	0	0	1.87558726418083		
chr1	181908298	181919629	-	mmuCirc_000679	Enah	CTO:ANNOTATED:CDS	6	704	NM_001083120:NM_001083121:NM_008680:NM_010135	0	0.0170667097749	0	0	0	0	0.0878601673806477	0.0329821949908028	0	0.0286723100463043	0;1;0;0;0;0;3;1;0;1	0	0	1.40985835833503		
chr1	181913307	181919629	-	mmuCirc_000680	Enah	CTO:ANNOTATED:CDS	5	625	NM_001083120:NM_001083121:NM_008680:NM_010135	0.0179914506425692	0	0	0	0	0.0327511113680254	0.0585734449204318	0.131928779963211	0.23866552558027	0.143361550231522	1;0;0;0;0;1;2;4;6;5	0	0	2.41918084472828		
chr1	181930678	181961919	-	mmuCirc_000681	Enah	CTO:ANNOTATED:CDS	5	498	NM_001083120:NM_001083121:NM_008680:NM_010135	0	0	0.0185119210755352	0	0.018226776348359	0.0327511113680254	0.0878601673806477	0.131928779963211	0.636441401547388	0.086016930138913	0;0;1;0;1;1;3;4;16;3	0	0	2.463708700459	rnoCirc_003405	hsaCirc_001441
chr1	181956394	181961919	-	mmuCirc_000682	Enah	CTO:ANNOTATED:CDS	2	344	NM_001083120:NM_001083121:NM_008680:NM_010135	0.143931605140553	0.0512001293247	0.111071526453211	0.230752958248117	0.109360658090154	0.556768893256432	0.439300836903238	1.02244804471489	2.94354148215667	1.2902539520837	8;3;6;12;6;17;15;31;74;45	1	1	2.87985909997117	rnoCirc_003406	hsaCirc_001442
chr1	182317810	182329983	-	mmuCirc_000683	Fbxo28	CTO:ANNOTATED:CDS	3	445	NM_175127	0.0539743519277075	0	0	0.0384588263746862	0.0729071053934362	0.393013336416305	0.175720334761295	0.395786339889633	0.517108638757253	0.086016930138913	3;0;0;2;4;12;6;12;13;3	0	0	2.70794770033799		
chr1	183135355	183135876	-	mmuCirc_000684	Disp1	CTO:ANNOTATED:CDS:5UTR	1	522	NM_001278220:NM_001278218:NM_001278219:NM_026866	0.125940154497984	0.0341334195498	0.0740476843021408	0.0961470659367156	0.0911338817417952	0.491266670520381	0.410014114443022	0.758590484788463	0.517108638757253	0.315395410509348	7;2;4;5;5;15;14;23;13;11	0	1	2.33014350124277	rnoCirc_003413	
chr1	183350964	183354040	-	mmuCirc_000685	Mia3	CTO:ALT_ACCEPTOR:CDS	2	449	NM_177389	0	0	0	0	0	0	0	0.0989465849724082	0	0	0;0;0;0;0;0;0;3;0;0	0	0	2.57224194660756		
chr1	183395910	183397893	+	mmuCirc_000686	Taf1a	CTO:ANNOTATED:CDS	2	284	NM_001277957:NM_021466:NM_001277958:NM_001277959	0	0	0.0185119210755352	0	0	0.0327511113680254	0.0585734449204318	0.0989465849724082	0.159110350386847	0.114689240185217	0;0;1;0;0;1;2;3;4;4	0	0	2.18290393264445		
chr1	185266901	185267279	+	mmuCirc_000687	Rab3gap2	CTO:ANNOTATED:CDS	2	281	NM_001163754	0.0539743519277075	0.0682668390996	0.0555357632266056	0.0384588263746862	0.0911338817417952	0.622271115992482	0.234293779681727	0.692626094806858	1.3524379782882	0.372740030601957	3;4;3;2;5;19;8;21;34;13	1	0	2.8514007688138		
chr1	185266901	185272642	+	mmuCirc_000688	Rab3gap2	CTO:ANNOTATED:CDS	4	419	NM_001163754	0	0.0341334195498	0	0	0	0.0327511113680254	0.0585734449204318	0.0989465849724082	0.159110350386847	0.0573446200926087	0;2;0;0;0;1;2;3;4;2	0	0	1.92460869500855		
chr1	185386246	185397267	+	mmuCirc_000689	Eprs	CTO:ANNOTATED:CDS	5	601	NM_029735	0.0719658025702766	0.0512001293247	0.0740476843021408	0.153835305498745	0.109360658090154	0.393013336416305	0.468587559363454	0.791572679779266	1.86954661704545	0.688135441111304	4;3;4;8;6;12;16;24;47;24	1	1	2.78996275805123	rnoCirc_003422	
chr1	185398394	185401668	+	mmuCirc_000690	Eprs	CTO:ANNOTATED:CDS	3	591	NM_029735	0	0	0	0	0	0.0327511113680254	0	0.0659643899816055	0.198887937983559	0	0;0;0;0;0;1;0;2;5;0	0	0	2.31835373301061		
chr1	186736116	186739863	-	mmuCirc_000691	Rrp15	CTO:ANNOTATED:CDS	3	557	NM_026041	0.0179914506425692	0	0	0	0	0	0.0878601673806477	0	0.0795551751934235	0	1;0;0;0;0;0;3;0;2;0	0	0	1.27363726212417		
chr1	187225503	187233826	+	mmuCirc_000692	Gpatch2	CTO:ANNOTATED:CDS	4	1042	NM_026367	0	0	0	0	0	0	0	0	0	0.086016930138913	0;0;0;0;0;0;0;0;0;3	0	0	2.40622276606355	rnoCirc_003427	
chr1	187233131	187233826	+	mmuCirc_000693	Gpatch2	CTO:ANNOTATED:CDS	2	263	NM_026367	0	0	0.0370238421510704	0	0	0	0.205007057221511	0.0329821949908028	0.0397775875967117	0.0286723100463043	0;0;2;0;0;0;7;1;1;1	0	0	1.56213665917122		
chr1	187304330	187322354	+	mmuCirc_000694	Gpatch2	CTO:ANNOTATED:CDS	3	179	NM_026367	0	0	0	0	0	0	0	0.0659643899816055	0.159110350386847	0	0;0;0;0;0;0;0;2;4;0	0	0	2.63325798206817		
chr1	188043334	188066457	+	mmuCirc_000695	Esrrg	CTO:ANNOTATED:CDS:5UTR	2	533	NM_001243792:NM_011935	0.0539743519277075	0	0.111071526453211	0.0576882395620293	0.0729071053934362	0.524017781888406	0.380727391982807	0.560697314843647	0.875106927127658	0.372740030601957	3;0;6;3;4;16;13;17;22;13	0	1	2.99130874927979	rnoCirc_003431	hsaCirc_001387
chr1	189779506	189798681	+	mmuCirc_000696	Ptpn14	CTO:ALT_ACCEPTOR:CDS:5UTR	2	7613	NM_008976	0	0	0	0	0	0.0982533341040761	0	0	0.0397775875967117	0	0;0;0;0;0;3;0;0;1;0	0	0	2.07170681577516		
chr1	189785282	189798681	+	mmuCirc_000697	Ptpn14	CTO:ALT_ACCEPTOR:CDS:5UTR	2	1837	NM_008976	0.0179914506425692	0	0.0185119210755352	0	0	0.0655022227360508	0.0292867224602159	0.131928779963211	0.0795551751934235	0	1;0;1;0;0;2;1;4;2;0	0	0	1.69175016887615		
chr1	189786636	189798681	+	mmuCirc_000698	Ptpn14	CTO:ANNOTATED:CDS:5UTR	2	483	NM_008976	0	0.0170667097749	0.092559605377676	0	0.109360658090154	0.589520004624457	0.527161004283886	0.824554874770069	1.75021385425532	0.630790821018696	0;1;5;0;6;18;18;25;44;22	0	0	4.10388958643767	rnoCirc_003446	
chr1	189850024	189856852	+	mmuCirc_000699	Ptpn14	CTO:ANNOTATED:CDS	3	1847	NM_008976	0	0	0	0	0.018226776348359	0.0327511113680254	0.0585734449204318	0.0989465849724082	0.119332762790135	0.0286723100463043	0;0;0;0;1;1;2;3;3;1	0	0	1.81889311677436		
chr1	190146952	190162313	-	mmuCirc_000700	Prox1	CTO:ANNOTATED:CDS:5UTR	3	2095	NM_008937	0.0359829012851383	0.1365336781992	0.111071526453211	0.0769176527493725	0.0729071053934362	0.655022227360508	0.117146889840864	0.95648365473328	1.39221556588491	0.401412340648261	2;8;6;4;4;20;4;29;35;14	0	1	2.46895920394183	rnoCirc_003440	hsaCirc_001367
chr1	190153416	190162313	-	mmuCirc_000701	Prox1	CTO:ANNOTATED:CDS:5UTR	2	1900	NM_008937	0	0	0.0185119210755352	0	0	0.131004445472102	0.0292867224602159	0.0329821949908028	0.0795551751934235	0.143361550231522	0;0;1;0;0;4;1;1;2;5	0	0	2.00468271144418		hsaCirc_001366
chr1	190808883	190844602	-	mmuCirc_000702	Rps6kc1	CTO:ANNOTATED:CDS	4	390	NM_178775	0	0	0	0	0	0	0	0	0.119332762790135	0.086016930138913	0;0;0;0;0;0;0;0;3;3	0	0	2.60334269748257		
chr1	190834006	190844602	-	mmuCirc_000703	Rps6kc1	CTO:ANNOTATED:CDS	2	209	NM_178775	0	0	0.0185119210755352	0.0192294131873431	0.018226776348359	0.163755556840127	0	0.131928779963211	0.198887937983559	0.114689240185217	0;0;1;1;1;5;0;4;5;4	0	0	2.36922452878449	rnoCirc_003449	hsaCirc_001363
chr1	190834006	190899571	-	mmuCirc_000704	Rps6kc1	CTO:ANNOTATED:CDS	6	900	NM_178775	0	0	0	0	0.0364535526967181	0	0	0	0.198887937983559	0	0;0;0;0;2;0;0;0;5;0	0	0	0.97752808801437	rnoCirc_003451	
chr1	190871592	190888764	-	mmuCirc_000705	Rps6kc1	CTO:ANNOTATED:CDS	3	570	NM_178775	0	0	0	0.0192294131873431	0.018226776348359	0.196506668208152	0.0585734449204318	0.0989465849724082	0.357998288370406	0.114689240185217	0;0;0;1;1;6;2;3;9;4	0	0	2.61359490245409	rnoCirc_003453	
chr1	190871592	190899571	-	mmuCirc_000706	Rps6kc1	CTO:ANNOTATED:CDS	4	691	NM_178775	0.0899572532128458	0.0170667097749	0.0740476843021408	0.115376479124059	0.109360658090154	0.949782229672736	0.322153947062375	1.02244804471489	1.59110350386847	1.14689240185217	5;1;4;6;6;29;11;31;40;40	0	1	3.31276156104046	rnoCirc_003454	hsaCirc_001356
chr1	190885334	190888764	-	mmuCirc_000707	Rps6kc1	CTO:ANNOTATED:CDS	2	210	NM_178775	0	0.0170667097749	0	0.0192294131873431	0	0.0982533341040761	0.0585734449204318	0.0329821949908028	0.0397775875967117	0.0286723100463043	0;1;0;1;0;3;2;1;1;1	0	0	1.38880089863556	rnoCirc_003456	hsaCirc_001358
chr1	190885334	190899571	-	mmuCirc_000708	Rps6kc1	CTO:ANNOTATED:CDS	3	331	NM_178775	0.0359829012851383	0.0170667097749	0.129583447528746	0.0961470659367156	0.0546803290450771	0.524017781888406	0.292867224602159	0.461750729871238	1.07399486511122	0.602118510972391	2;1;7;5;3;16;10;14;27;21	0	1	2.8678514247563	rnoCirc_003457	hsaCirc_001355
chr1	190885334	190905118	-	mmuCirc_000709	Rps6kc1	CTO:ANNOTATED:CDS	4	367	NM_178775	0	0	0	0	0	0.0327511113680254	0	0.0989465849724082	0.0795551751934235	0.0286723100463043	0;0;0;0;0;1;0;3;2;1	0	0	1.89251024942253		hsaCirc_001353
chr1	191009549	191012242	-	mmuCirc_000710	Mfsd7b	CTO:ANNOTATED:CDS	4	436	NM_001081259	0	0	0	0	0.018226776348359	0.0327511113680254	0	0.0659643899816055	0.0397775875967117	0.086016930138913	0;0;0;0;1;1;0;2;1;3	0	0	1.63854613688483	rnoCirc_003459	
chr1	191049282	191058911	-	mmuCirc_000711	Tatdn3	CTO:ANNOTATED:CDS	6	508	NM_001163421:NM_001163422:NM_026895	0.0179914506425692	0	0	0	0	0	0	0.0989465849724082	0.0397775875967117	0.0286723100463043	1;0;0;0;0;0;0;3;1;1	0	0	1.12731826779283		
chr1	191582399	191583325	+	mmuCirc_000712	Ints7	CTO:ANNOTATED:CDS	2	277	NM_178632	0	0	0	0.0384588263746862	0	0	0	0	0.159110350386847	0.114689240185217	0;0;0;2;0;0;0;0;4;4	0	0	2.18345931891558		
chr1	191749540	191763671	+	mmuCirc_000713	Lpgat1	CTO:ANNOTATED:CDS	4	616	NM_172266:NM_001134829	0	0	0	0.0192294131873431	0.0364535526967181	0.0327511113680254	0.0292867224602159	0.131928779963211	0.0397775875967117	0.0286723100463043	0;0;0;1;2;1;1;4;1;1	0	0	1.20388592221344		hsaCirc_001340
chr1	192116269	192120133	-	mmuCirc_000714	Rcor3	CTO:ANNOTATED:CDS	2	297	NM_001290278:NM_001290282:NM_144814:NM_001290279:NM_001290280	0	0	0	0	0	0	0.0292867224602159	0.131928779963211	0.278443113176982	0	0;0;0;0;0;0;1;4;7;0	0	0	2.70863546156056	rnoCirc_003462	
chr1	192116269	192130460	-	mmuCirc_000715	Rcor3	CTO:ANNOTATED:CDS:5UTR	8	908	NM_001290278:NM_001290282:NM_144814:NM_001290279:NM_001290280	0.0179914506425692	0.0170667097749	0.129583447528746	0.0384588263746862	0.18226776348359	0.687773338728533	0.175720334761295	0.824554874770069	1.31266039069149	0.430084650694565	1;1;7;2;10;21;6;25;33;15	0	0	2.95641069726093	rnoCirc_003463	
chr1	192119915	192130460	-	mmuCirc_000716	Rcor3	CTO:ANNOTATED:CDS:5UTR	7	830	NM_001290278:NM_001290282:NM_144814:NM_001290279:NM_001290280	0	0	0.0370238421510704	0	0.0364535526967181	0	0	0.0989465849724082	0.119332762790135	0.0573446200926087	0;0;2;0;2;0;0;3;3;2	0	0	1.43845863242038		
chr1	192123539	192126027	-	mmuCirc_000717	Rcor3	CTO:ANNOTATED:CDS:5UTR	3	366	NM_001290278:NM_001290282:NM_144814:NM_001290279:NM_001290280	0.0179914506425692	0.0853335488745	0.0185119210755352	0.0576882395620293	0.018226776348359	0.42576444778433	0.234293779681727	0.494732924862041	1.07399486511122	0.401412340648261	1;5;1;3;1;13;8;15;27;14	0	0	3.16857122761642	rnoCirc_003465	
chr1	192123539	192130460	-	mmuCirc_000718	Rcor3	CTO:ANNOTATED:CDS:5UTR	6	611	NM_001290278:NM_001290282:NM_144814:NM_001290279:NM_001290280	0.0179914506425692	0	0.0370238421510704	0	0.018226776348359	0	0.0292867224602159	0.0329821949908028	0.159110350386847	0.0286723100463043	1;0;2;0;1;0;1;1;4;1	0	0	0.756152224231179		
chr1	194752053	194786684	+	mmuCirc_000719	Plxna2	CTO:ANNOTATED:CDS	7	971	NM_008882	0	0	0	0	0	0	0	0.0329821949908028	0.0795551751934235	0.114689240185217	0;0;0;0;0;0;0;1;2;4	0	0	2.1575222089039		
chr10	3423494	3425766	+	mmuCirc_000720	Ppp1r14c	CTO:ANNOTATED:CDS	2	117	NM_133485	0	0.0341334195498	0	0.0192294131873431	0	0.0655022227360508	0.0878601673806477	0.131928779963211	0.159110350386847	0.0286723100463043	0;2;0;1;0;2;3;4;4;1	0	0	1.89795965051771		
chr10	3423494	3435433	+	mmuCirc_000721	Ppp1r14c	CTO:ALT_DONOR:CDS	2	9784	NM_133485	0.0359829012851383	0	0.0370238421510704	0	0	0.0655022227360508	0	0.0989465849724082	0.0397775875967117	0	2;0;2;0;0;2;0;3;1;0	0	0	1.08375234795554		
chr10	3423494	3437299	+	mmuCirc_000722	Ppp1r14c	CTO:ALT_DONOR:CDS	2	11650	NM_133485	0	0	0	0	0	0.0327511113680254	0	0.164910974954014	0.119332762790135	0	0;0;0;0;0;1;0;5;3;0	0	0	2.46947435595831		
chr10	4032232	4056861	+	mmuCirc_000723	Mthfd1l	CTO:ANNOTATED:CDS	7	685	NM_001170786:NM_172308:NM_001170785	0	0	0	0	0	0	0	0	0	0.114689240185217	0;0;0;0;0;0;0;0;0;4	0	0	2.75156269883195	rnoCirc_000169	
chr10	4512752	4520940	+	mmuCirc_000724	Ccdc170	CTO:ANNOTATED:CDS	4	717	NM_001195672	0	0	0	0.0384588263746862	0	0.0655022227360508	0	0.131928779963211	0.119332762790135	0.0286723100463043	0;0;0;2;0;2;0;4;3;1	0	0	1.88935705445039		
chr10	5110831	5117122	-	mmuCirc_000725	Syne1	CTO:ANNOTATED:CDS	4	666	NM_001079686	0	0	0	0	0	0	0	0	0.119332762790135	0	0;0;0;0;0;0;0;0;3;0	0	0	2.80046262890159		