chr1	60283983	60290024	+	mmuCirc_000190	Nbeal1	CTO:ANNOTATED:CDS	3	382	NM_173444	0	0	0	0	0	0	0	0	0.119332762790135	0	0;0;0;0;0;0;0;0;3;0	0	0	2.80046262890159		
chr1	60291834	60295995	+	mmuCirc_000191	Nbeal1	CTO:ANNOTATED:CDS	3	333	NM_173444	0	0	0	0.0384588263746862	0.018226776348359	0.163755556840127	0	0.0329821949908028	0	0	0;0;0;2;1;5;0;1;0;0	0	0	0.530804794561233		
chr1	60292867	60295995	+	mmuCirc_000192	Nbeal1	CTO:ANNOTATED:CDS	2	215	NM_173444	0	0	0.0370238421510704	0	0.0364535526967181	0.0327511113680254	0	0.0329821949908028	0.119332762790135	0	0;0;2;0;2;1;0;1;3;0	0	0	0.649135527272511		
chr1	60434243	60453762	+	mmuCirc_000193	Abi2	CTO:ANNOTATED:CDS	8	1075	NM_001198570:NM_001198571:NM_198127	0	0	0	0.0192294131873431	0	0.0327511113680254	0	0.0989465849724082	0.198887937983559	0.086016930138913	0;0;0;1;0;1;0;3;5;3	0	0	2.21446274931678	rnoCirc_012522	hsaCirc_009039
chr1	60443985	60453762	+	mmuCirc_000194	Abi2	CTO:ANNOTATED:CDS	5	712	NM_001198570:NM_001198571:NM_198127	0.0359829012851383	0	0	0	0	0	0.146433612301079	0.0329821949908028	0.0397775875967117	0.143361550231522	2;0;0;0;0;0;5;1;1;5	0	0	1.5173995021062		
chr1	60493538	60499623	-	mmuCirc_000195	Raph1	CTO:ANNOTATED:CDS	5	618	NM_001045513	0	0	0	0	0	0.0982533341040761	0	0.131928779963211	0.0397775875967117	0	0;0;0;0;0;3;0;4;1;0	0	0	2.35624563759466		
chr1	60493538	60503595	-	mmuCirc_000196	Raph1	CTO:ANNOTATED:CDS	9	1044	NM_001045513	0	0	0	0	0.0364535526967181	0	0	0.0659643899816055	0	0.114689240185217	0;0;0;0;2;0;0;2;0;4	0	0	1.67911874183213	rnoCirc_012529	
chr1	60493538	60510491	-	mmuCirc_000197	Raph1	CTO:ALT_ACCEPTOR:CDS	9	7940	NM_001045513	0	0	0	0	0	0	0	0	0	0.114689240185217	0;0;0;0;0;0;0;0;0;4	0	0	2.75156269883195		
chr1	60498424	60503595	-	mmuCirc_000198	Raph1	CTO:ANNOTATED:CDS	6	681	NM_001045513	0	0	0	0	0	0	0	0.0329821949908028	0.119332762790135	0	0;0;0;0;0;0;0;1;3;0	0	0	2.10298512151359		hsaCirc_009046
chr1	60502825	60527489	-	mmuCirc_000199	Raph1	CTO:ANNOTATED:CDS	4	853	NM_001045513	0	0	0	0	0	0	0	0.0329821949908028	0	0.086016930138913	0;0;0;0;0;0;0;1;0;3	0	0	1.90586519009457		
chr1	60510417	60533406	-	mmuCirc_000200	Raph1	CTO:ALT_DONOR:CDS	3	15910	NM_001045513	0	0	0.0185119210755352	0	0	0.0327511113680254	0.0292867224602159	0	0.0397775875967117	0.143361550231522	0;0;1;0;0;1;1;0;1;5	0	0	1.27293933553185		
chr1	60518980	60527489	-	mmuCirc_000201	Raph1	CTO:ALT_DONOR:CDS	2	7227	NM_001045513	0.0719658025702766	0	0.0740476843021408	0.0769176527493725	0.0364535526967181	0.589520004624457	0.146433612301079	0.659643899816055	1.15355004030464	0.745480061203913	4;0;4;4;2;18;5;20;29;26	0	0	3.19957968218816		
chr1	60525592	60527489	-	mmuCirc_000202	Raph1	CTO:ANNOTATED:CDS	2	615	NM_001045513	0.0179914506425692	0	0.0370238421510704	0.0384588263746862	0	0.229257779576178	0.0585734449204318	0.197893169944816	0.636441401547388	0.229378480370435	1;0;2;2;0;7;2;6;16;8	0	0	2.75027119910366		hsaCirc_009047
chr1	60525592	60533406	-	mmuCirc_000203	Raph1	CTO:ANNOTATED:CDS	3	735	NM_001045513	0.0179914506425692	0	0	0	0.018226776348359	0.229257779576178	0.0878601673806477	0.263857559926422	0.278443113176982	0.20070617032413	1;0;0;0;1;7;3;8;7;7	0	0	3.08018658678469	rnoCirc_012530	hsaCirc_009048
chr1	60527384	60527489	-	mmuCirc_000204	Raph1	CTO:ANNOTATED:CDS	1	106	NM_001045513	0	0	0	0.0192294131873431	0	0	0	0.0989465849724082	0.119332762790135	0.0573446200926087	0;0;0;1;0;0;0;3;3;2	0	0	2.11735658840127		
chr1	60700676	60706514	+	mmuCirc_000205		NTO	1	5839		0.0359829012851383	0	0	0.0192294131873431	0.0364535526967181	0.131004445472102	0.351440669522591	0.197893169944816	0.278443113176982	0.114689240185217	2;0;0;1;2;4;12;6;7;4	0	0	2.65481768780822		
chr1	60855823	60893861	+	mmuCirc_000206		NTO	1	38039		0	0.0341334195498	0	0.0192294131873431	0	0.0655022227360508	0.0292867224602159	0.0659643899816055	0.198887937983559	0.0286723100463043	0;2;0;1;0;2;1;2;5;1	0	0	1.56553332994121		
chr1	60868507	60893861	+	mmuCirc_000207		NTO	1	25355		0	0	0	0	0.018226776348359	0.360262225048279	0.0292867224602159	0.131928779963211	0.159110350386847	0.0286723100463043	0;0;0;0;1;11;1;4;4;1	0	0	2.39734791230281		
chr1	62010307	62076494	+	mmuCirc_000208	Pard3b	CTO:ANNOTATED:CDS	2	282	NM_001081050	0	0	0.0185119210755352	0	0	0.0982533341040761	0	0	0.159110350386847	0	0;0;1;0;0;3;0;0;4;0	0	0	1.59376022320726	rnoCirc_012533	
chr1	62343934	62345107	+	mmuCirc_000209	Pard3b	CTO:ANNOTATED:CDS	2	445	NM_001081050	0	0	0	0	0.018226776348359	0.0982533341040761	0.0292867224602159	0	0.0397775875967117	0.0573446200926087	0;0;0;0;1;3;1;0;1;2	0	0	1.61533251969143	rnoCirc_012535	hsaCirc_009054
chr1	62637566	62638184	+	mmuCirc_000210	Pard3b	CTO:ALT_DONOR:CDS:3UTR	1	619	NM_001081050	0	0.0170667097749	0	0.0192294131873431	0.0546803290450771	0.131004445472102	0.0878601673806477	0	0.397775875967117	0.0573446200926087	0;1;0;1;3;4;3;0;10;2	0	0	1.98019487949203		
chr1	63062036	63074546	-	mmuCirc_000211	Ino80d	CTO:ANNOTATED:CDS	4	687	NM_001081436:NM_001114609	0	0	0	0	0	0	0	0	0	0.086016930138913	0;0;0;0;0;0;0;0;0;3	0	0	2.40622276606355		
chr1	63078953	63105759	-	mmuCirc_000212	Ino80d	CTO:ANNOTATED:CDS:5UTR	5	1282	NM_001081436:NM_001114609	0	0.0341334195498	0	0.0576882395620293	0	0.0327511113680254	0	0.0659643899816055	0.119332762790135	0	0;2;0;3;0;1;0;2;3;0	0	0	0.72729688319756		
chr1	63085668	63086398	-	mmuCirc_000213	Ino80d	CTO:ANNOTATED:CDS:5UTR	1	731	NM_001081436:NM_001114609	0	0	0.0185119210755352	0	0	0	0	0.0989465849724082	0.23866552558027	0	0;0;1;0;0;0;0;3;6;0	0	0	2.65997636925234	rnoCirc_012545	
chr1	63085668	63105759	-	mmuCirc_000214	Ino80d	CTO:ANNOTATED:CDS:5UTR	4	1173	NM_001081436:NM_001114609	0	0	0.0370238421510704	0.0576882395620293	0.018226776348359	0.294760002312228	0	0.0659643899816055	0.198887937983559	0.0573446200926087	0;0;2;3;1;9;0;2;5;2	0	0	1.76987399044819	rnoCirc_012547	
chr1	63093285	63105759	-	mmuCirc_000215	Ino80d	CTO:ANNOTATED:CDS:5UTR	3	442	NM_001081436:NM_001114609	0.0179914506425692	0.0170667097749	0.0185119210755352	0.0192294131873431	0.018226776348359	0.0982533341040761	0.234293779681727	0.296839754917225	0.437553463563829	0.086016930138913	1;1;1;1;1;3;8;9;11;3	0	0	2.49447652466023	rnoCirc_012549	
chr1	63105656	63110826	-	mmuCirc_000216	Ino80d	CTO:ALT_ACCEPTOR:5UTR	1	5171	NM_001081436:NM_001114609	0	0	0	0	0.0364535526967181	0.131004445472102	0	0.0329821949908028	0.0795551751934235	0.0286723100463043	0;0;0;0;2;4;0;1;2;1	0	0	1.60588997966508		
chr1	63148396	63148571	-	mmuCirc_000217	Ndufs1	CTO:ANNOTATED:CDS	1	176	NM_001160038:NM_001160039:NM_001160040:NM_145518	0.0539743519277075	0.0170667097749	0	0.0576882395620293	0	0.589520004624457	0.322153947062375	0.59367950983445	0.875106927127658	0	3;1;0;3;0;18;11;18;22;0	0	0	3.67868288897661		hsaCirc_009062
chr1	63163667	63166367	-	mmuCirc_000218	Ndufs1	CTO:ANNOTATED:CDS	4	476	NM_001160038:NM_001160039:NM_001160040:NM_145518	0	0	0	0	0.018226776348359	0.131004445472102	0	0	0	0.0286723100463043	0;0;0;0;1;4;0;0;0;1	0	0	1.63251841102234		
chr1	64078707	64079334	-	mmuCirc_000219	Klf7	CTO:ANNOTATED:CDS	1	628	NM_033563	0	0	0.0555357632266056	0.0384588263746862	0.109360658090154	0.196506668208152	0.380727391982807	0.758590484788463	0.795551751934235	0.401412340648261	0;0;3;2;6;6;13;23;20;14	0	0	3.32652780354588	rnoCirc_012568	
chr1	64550849	64570276	+	mmuCirc_000220	Creb1	CTO:ANNOTATED:CDS:5UTR	5	555	NM_001037726:NM_009952:NM_133828	0.0359829012851383	0	0.0370238421510704	0.0576882395620293	0.0364535526967181	0.163755556840127	0.146433612301079	0.494732924862041	0.437553463563829	0.086016930138913	2;0;2;3;2;5;5;15;11;3	0	0	2.28262442875295		
chr1	64550849	64576329	+	mmuCirc_000221	Creb1	CTO:ANNOTATED:CDS:5UTR	7	889	NM_001037726:NM_009952:NM_133828	0.0359829012851383	0.0170667097749	0	0	0.0364535526967181	0.393013336416305	0.263580502141943	1.02244804471489	0.91488451472437	0.630790821018696	2;1;0;0;2;12;9;31;23;22	0	0	4.11925962701283		
chr1	64558503	64576329	+	mmuCirc_000222	Creb1	CTO:ANNOTATED:CDS:5UTR	6	767	NM_001037726:NM_009952:NM_133828	0	0	0	0	0	0	0.0585734449204318	0.0659643899816055	0.198887937983559	0	0;0;0;0;0;0;2;2;5;0	0	0	2.50996717477215		
chr1	64566217	64576329	+	mmuCirc_000223	Creb1	CTO:ANNOTATED:CDS	4	578	NM_001037726:NM_009952:NM_133828	0	0	0	0.0192294131873431	0.0364535526967181	0	0	0.0659643899816055	0.119332762790135	0.0286723100463043	0;0;0;1;2;0;0;2;3;1	0	0	1.2394343023244		hsaCirc_009074
chr1	64921550	64938539	-	mmuCirc_000224	Plekhm3	CTO:ANNOTATED:CDS:5UTR	2	1776	NM_001039493	0	0	0	0	0	0	0.0292867224602159	0	0.0397775875967117	0.086016930138913	0;0;0;0;0;0;1;0;1;3	0	0	1.76234216272408	rnoCirc_012564	
chr1	65190319	65205678	+	mmuCirc_000225	Pikfyve	CTO:ANNOTATED:CDS:5UTR	7	953	NM_011086	0	0.0341334195498	0	0.0384588263746862	0	0.0655022227360508	0.0585734449204318	0.197893169944816	0.198887937983559	0.0286723100463043	0;2;0;2;0;2;2;6;5;1	0	0	1.85336684353138	rnoCirc_012563	
chr1	66724558	66726808	-	mmuCirc_000226	Kansl1l	CTO:ANNOTATED:CDS	3	302	NM_001122738:NM_177645	0	0	0	0	0	0.0655022227360508	0	0.0659643899816055	0.119332762790135	0	0;0;0;0;0;2;0;2;3;0	0	0	2.33338790447465		
chr1	66735637	66762252	-	mmuCirc_000227	Kansl1l	CTO:ANNOTATED:CDS	3	476	NM_001122738:NM_177645	0	0	0.0185119210755352	0	0	0	0	0.164910974954014	0.278443113176982	0.20070617032413	0;0;1;0;0;0;0;5;7;7	0	0	3.2089643253418		hsaCirc_009081
chr1	66735637	66778108	-	mmuCirc_000228	Kansl1l	CTO:ANNOTATED:CDS	6	938	NM_001122738:NM_177645	0.0359829012851383	0	0	0	0	0.131004445472102	0.0585734449204318	0.0659643899816055	0.0397775875967117	0.114689240185217	2;0;0;0;0;4;2;2;1;4	0	0	1.96809624203452		
chr1	66762048	66778108	-	mmuCirc_000229	Kansl1l	CTO:ANNOTATED:CDS	4	667	NM_001122738:NM_177645	0.0359829012851383	0	0.0370238421510704	0.0192294131873431	0	0.131004445472102	0.117146889840864	0.263857559926422	0.198887937983559	0.172033860277826	2;0;2;1;0;4;4;8;5;6	0	0	2.4536372959682	rnoCirc_012577	
chr1	66762048	66802168	-	mmuCirc_000230	Kansl1l	CTO:ANNOTATED:CDS:5UTR	5	1787	NM_001122738:NM_177645	0	0.0512001293247	0.0555357632266056	0.0384588263746862	0	0.294760002312228	0.146433612301079	0.395786339889633	0.198887937983559	0.114689240185217	0;3;3;2;0;9;5;12;5;4	0	0	2.46360967003733	rnoCirc_012575	
chr1	66762048	66807604	-	mmuCirc_000231	Kansl1l	CTO:ALT_ACCEPTOR:CDS:5UTR	5	7223	NM_001122738:NM_177645	0.0179914506425692	0.0170667097749	0.0185119210755352	0.0192294131873431	0.018226776348359	0.42576444778433	0.146433612301079	0.461750729871238	0.318220700773694	0.315395410509348	1;1;1;1;1;13;5;14;8;11	0	0	3.1210720740281		
chr1	66772906	66778108	-	mmuCirc_000232	Kansl1l	CTO:ANNOTATED:CDS	3	462	NM_001122738:NM_177645	0	0	0	0.0192294131873431	0	0.0327511113680254	0.0585734449204318	0.0989465849724082	0.23866552558027	0	0;0;0;1;0;1;2;3;6;0	0	0	2.16664134429522	rnoCirc_012576	
chr1	66772906	66802168	-	mmuCirc_000233	Kansl1l	CTO:ANNOTATED:CDS:5UTR	4	1582	NM_001122738:NM_177645	0.125940154497984	0.0512001293247	0.129583447528746	0.0384588263746862	0.0546803290450771	0.524017781888406	0.585734449204318	1.74805633451255	1.27288280309478	0.659463131065	7;3;7;2;3;16;20;53;32;23	1	0	3.24055486500285	rnoCirc_012574	hsaCirc_009083
chr1	66772906	66807604	-	mmuCirc_000234	Kansl1l	CTO:ALT_ACCEPTOR:CDS:5UTR	4	7018	NM_001122738:NM_177645	0	0.0170667097749	0	0.0192294131873431	0.0546803290450771	0.0982533341040761	0.0585734449204318	0.36280414489883	0.119332762790135	0.229378480370435	0;1;0;1;3;3;2;11;3;8	0	0	2.29486498319106		
chr1	66777967	66802168	-	mmuCirc_000235	Kansl1l	CTO:ANNOTATED:CDS:5UTR	2	1262	NM_001122738:NM_177645	0	0.0341334195498	0	0	0	0.0327511113680254	0	0.0329821949908028	0.119332762790135	0	0;2;0;0;0;1;0;1;3;0	0	0	1.04216305191294		hsaCirc_009085
chr1	66801049	66802168	-	mmuCirc_000236	Kansl1l	CTO:ANNOTATED:CDS:5UTR	1	1120	NM_001122738:NM_177645	0.0179914506425692	0	0.0740476843021408	0.0769176527493725	0.0911338817417952	0.229257779576178	0.0878601673806477	0.230875364935619	0.198887937983559	0.315395410509348	1;0;4;4;5;7;3;7;5;11	0	1	1.86588277903921	rnoCirc_012573	hsaCirc_009086
chr1	66801049	66807604	-	mmuCirc_000237	Kansl1l	CTO:ALT_ACCEPTOR:CDS:5UTR	1	6556	NM_001122738:NM_177645	0.0359829012851383	0	0.0185119210755352	0.134605892311402	0.0546803290450771	0.131004445472102	0.0585734449204318	0.296839754917225	0.318220700773694	0.143361550231522	2;0;1;7;3;4;2;9;8;5	0	1	1.74091779554554		
chr1	68250580	68259313	-	mmuCirc_000238	Erbb4	CTO:ANNOTATED:CDS	3	355	NM_010154	0.0359829012851383	0	0.0185119210755352	0	0	0.0982533341040761	0.0292867224602159	0.0329821949908028	0	0.0573446200926087	2;0;1;0;0;3;1;1;0;2	0	0	1.19788130343488	rnoCirc_012582	hsaCirc_009087
chr1	68250580	68298441	-	mmuCirc_000239	Erbb4	CTO:ANNOTATED:CDS	5	585	NM_010154	0	0	0	0	0	0	0.0292867224602159	0.0329821949908028	0.0795551751934235	0.114689240185217	0;0;0;0;0;0;1;1;2;4	0	0	1.94344141812209	rnoCirc_012583	
chr1	69570493	69578047	-	mmuCirc_000240	Ikzf2	CTO:ANNOTATED:CDS	2	435	NM_011770	0	0	0	0	0	0.0327511113680254	0.0292867224602159	0.0329821949908028	0.159110350386847	0	0;0;0;0;0;1;1;1;4;0	0	0	1.81717123842295		
chr1	72318999	72326354	+	mmuCirc_000241	Xrcc5	CTO:ANNOTATED:CDS	3	446	NM_009533	0	0	0	0	0	0	0	0.0989465849724082	0	0	0;0;0;0;0;0;0;3;0;0	0	0	2.57224194660756		
chr1	72318999	72346424	+	mmuCirc_000242	Xrcc5	CTO:ANNOTATED:CDS	9	1182	NM_009533	0.0179914506425692	0	0	0	0	0.0982533341040761	0	0	0.0397775875967117	0	1;0;0;0;0;3;0;0;1;0	0	0	1.60886941575047		
chr1	72381619	72383769	+	mmuCirc_000243	Xrcc5	CTO:ANNOTATED:CDS	3	275	NM_009533	0	0	0	0	0	0	0.0292867224602159	0.0989465849724082	0.119332762790135	0	0;0;0;0;0;0;1;3;3;0	0	0	2.2246345404286		
chr1	73817217	73829966	-	mmuCirc_000244	6030407O03Rik	INTRONIC:ncRNA	1	12750	NR_045311	0	0	0	0	0	0.196506668208152	0.0292867224602159	0	0	0.0286723100463043	0;0;0;0;0;6;1;0;0;1	0	0	2.00687994942479		
chr1	73911650	73911782	-	mmuCirc_000245	Tns1	CTO:ALT_DONOR:ALT_ACCEPTOR:3UTR	1	133	NM_027884:NM_001289895	0.0719658025702766	0.0341334195498	0.0555357632266056	0	0.018226776348359	0	0.0585734449204318	0.0329821949908028	0.0397775875967117	0.0286723100463043	4;2;3;0;1;0;2;1;1;1	0	0	-0.0494210152082801		
chr1	73980914	73997104	-	mmuCirc_000246	Tns1	CTO:ANNOTATED:CDS	12	1123	NM_027884:NM_001289895	0.0359829012851383	0.0170667097749	0.092559605377676	0.0192294131873431	0.0364535526967181	0.196506668208152	0.117146889840864	0.527715119852844	0.795551751934235	0.229378480370435	2;1;5;1;2;6;4;16;20;8	0	0	2.52851704687221		
chr1	73995201	74003558	-	mmuCirc_000247	Tns1	CTO:ANNOTATED:CDS	4	330	NM_027884:NM_001289895	0	0.0170667097749	0	0	0	0.0327511113680254	0.0292867224602159	0.0329821949908028	0.159110350386847	0.0286723100463043	0;1;0;0;0;1;1;1;4;1	0	0	1.53233242838071	rnoCirc_012609	
chr1	74347385	74347764	+	mmuCirc_000248	Pnkd	CTO:ANNOTATED:CDS	2	229	NM_001039509:NM_019999	0	0	0	0	0	0.0327511113680254	0.0292867224602159	0.0989465849724082	0.0795551751934235	0.0573446200926087	0;0;0;0;0;1;1;3;2;2	0	0	1.90788794798442		
chr1	74478047	74479749	-	mmuCirc_000249	Usp37	CTO:ANNOTATED:CDS	2	183	NM_176972	0	0	0	0	0	0.0982533341040761	0	0.0329821949908028	0.119332762790135	0.0573446200926087	0;0;0;0;0;3;0;1;3;2	0	0	2.18027003574547		
chr1	74595209	74595937	-	mmuCirc_000250	Rnf25	CTO:ANNOTATED:CDS	3	303	NM_021313	0.0179914506425692	0	0	0.0192294131873431	0.0364535526967181	0.0982533341040761	0.0585734449204318	0.0989465849724082	0.119332762790135	0.0286723100463043	1;0;0;1;2;3;2;3;3;1	0	0	1.5597963327375		
chr1	74735277	74737629	+	mmuCirc_000251	Cyp27a1	CTO:ALT_DONOR:CDS	7	1120	NM_024264	0.0359829012851383	0	0	0	0	0.0327511113680254	0.146433612301079	0	0	0	2;0;0;0;0;1;5;0;0;0	0	0	1.4855450761393		
chr1	74967500	74968912	-	mmuCirc_000252	Nhej1	CTO:ALT_DONOR:CDS:3UTR	3	494	NM_029342	0.0179914506425692	0	0	0	0.018226776348359	0.0655022227360508	0.146433612301079	0.0329821949908028	0.119332762790135	0	1;0;0;0;1;2;5;1;3;0	0	0	1.49970974876368		
chr1	75143369	75145103	+	mmuCirc_000253	Fam134a	CTO:ANNOTATED:CDS	5	503	NM_170755	0	0	0	0	0	0	0.0292867224602159	0.0329821949908028	0.119332762790135	0	0;0;0;0;0;0;1;1;3;0	0	0	1.83572309626794		
chr1	75194841	75196669	+	mmuCirc_000254	Ankzf1	CTO:ANNOTATED:CDS:3UTR	6	974	NM_026187:NR_051998	0.0179914506425692	0	0	0	0.018226776348359	0.163755556840127	0.117146889840864	0	0.119332762790135	0.086016930138913	1;0;0;0;1;5;4;0;3;3	0	0	2.33094825634875		
chr1	75216157	75216300	+	mmuCirc_000255	Tuba4a	AS:CTO	1	144	NM_009447	0.0539743519277075	0	0	0	0.018226776348359	0	0	0.0659643899816055	0	0.0286723100463043	3;0;0;0;1;0;0;2;0;1	0	0	0.188410570674187		
chr1	75242670	75244892	-	mmuCirc_000256	Dnajb2	AS:CTO	1	2223	NM_001159883:NM_001159884:NM_020266:NM_178055:NM_001159885	0.0359829012851383	0.0341334195498	0.0185119210755352	0	0	0.163755556840127	0.146433612301079	0.0659643899816055	0.0397775875967117	0	2;2;1;0;0;5;5;2;1;0	0	0	1.51828096433899		