chr2	132293245	132294480	+	mmuCirc_005751	Cds2	CTO:ANNOTATED:CDS	2	234	NM_001291040:NM_138651:NM_001291039	0.0359829012851383	0	0.0370238421510704	0	0.0546803290450771	0	0.0585734449204318	0.131928779963211	0.23866552558027	0	2;0;2;0;3;0;2;4;6;0	0	0	0.739020237887832	rnoCirc_008281	
chr2	132300554	132304478	+	mmuCirc_005752	Cds2	CTO:ANNOTATED:CDS	4	430	NM_138651:NM_001291039	0	0	0	0	0	0.0982533341040761	0	0	0	0	0;0;0;0;0;3;0;0;0;0	0	0	2.56380895521826		
chr2	132544392	132547719	-	mmuCirc_005753	Gpcpd1	CTO:ANNOTATED:CDS	3	351	NM_001291050:NM_001291051:NM_001291052:NM_027096:NM_028802:NM_001042672	0	0	0	0	0.0364535526967181	0.262008890944203	0.0878601673806477	0.0989465849724082	0.357998288370406	0.172033860277826	0;0;0;0;2;8;3;3;9;6	0	0	2.96550663888728		
chr2	132546841	132558682	-	mmuCirc_005754	Gpcpd1	CTO:ANNOTATED:CDS:5UTR	6	779	NM_001291050:NM_001291051:NM_001291052:NM_027096:NM_028802:NM_001042672	0	0	0	0	0	0.131004445472102	0.0292867224602159	0.131928779963211	0.0397775875967117	0	0;0;0;0;0;4;1;4;1;0	0	0	2.18066153010089		
chr2	132550314	132554080	-	mmuCirc_005755	Gpcpd1	CTO:ANNOTATED:CDS:5UTR	2	365	NM_001291050:NM_001291051:NM_001291052:NM_027096:NM_028802:NM_001042672	0	0	0	0	0.018226776348359	0.0327511113680254	0.0292867224602159	0.263857559926422	0.0397775875967117	0	0;0;0;0;1;1;1;8;1;0	0	0	1.43450338558061		
chr2	132550314	132572254	-	mmuCirc_005756	Gpcpd1	CTO:ANNOTATED:CDS:5UTR	7	735	NM_001291050:NM_001291051:NM_001291052:NM_027096:NM_028802:NM_001042672	0	0	0	0	0	0.0655022227360508	0	0.0989465849724082	0	0	0;0;0;0;0;2;0;3;0;0	0	0	2.33410193586794		
chr2	132553957	132572254	-	mmuCirc_005757	Gpcpd1	CTO:ANNOTATED:CDS:5UTR	6	494	NM_001291050:NM_001291051:NM_001291052:NM_027096:NM_028802:NM_001042672	0	0	0	0	0	0	0.0878601673806477	0.0989465849724082	0.159110350386847	0.0573446200926087	0;0;0;0;0;0;3;3;4;2	0	0	2.5293524921885		
chr2	132602877	132617754	+	mmuCirc_005758	AU019990	CTO:ncRNA	3	304	NR_033469:NR_033468	0	0	0	0	0	0	0	0.0329821949908028	0.119332762790135	0	0;0;0;0;0;0;0;1;3;0	0	0	2.10298512151359		
chr2	135359654	135370601	+	mmuCirc_005759	Plcb1	CTO:ANNOTATED:CDS	4	588	NM_001145830:NM_019677	0	0	0	0.0192294131873431	0	0.0327511113680254	0	0.0989465849724082	0.159110350386847	0	0;0;0;1;0;1;0;3;4;0	0	0	2.05409482845179		
chr2	135877383	135910244	+	mmuCirc_005760	Plcb4	CTO:ANNOTATED:CDS:5UTR	4	384	NM_013829	0	0	0	0.0192294131873431	0.018226776348359	0.0327511113680254	0.0585734449204318	0	0.119332762790135	0.0286723100463043	0;0;0;1;1;1;2;0;3;1	0	0	1.38757197055562	rnoCirc_008291	hsaCirc_009290
chr2	135907499	135910244	+	mmuCirc_005761	Plcb4	CTO:ANNOTATED:CDS	3	285	NM_013829	0.0179914506425692	0	0.0370238421510704	0.0384588263746862	0	0.262008890944203	0.292867224602159	0.329821949908027	0.596663813950676	0.315395410509348	1;0;2;2;0;8;10;10;15;11	0	0	3.38864773876638	rnoCirc_008292	hsaCirc_009291
chr2	135982033	135987902	+	mmuCirc_005762	Plcb4	CTO:ANNOTATED:CDS	4	356	NM_013829	0.0179914506425692	0	0	0	0	0.0982533341040761	0	0.0659643899816055	0	0	1;0;0;0;0;3;0;2;0;0	0	0	1.87093665728147		
chr2	138278966	138280491	+	mmuCirc_005763	Btbd3	CTO:ANNOTATED:CDS:5UTR	3	502	NM_001025431:NM_145534	0.0179914506425692	0	0	0	0	0.0655022227360508	0	0	0.0795551751934235	0.143361550231522	1;0;0;0;0;2;0;0;2;5	0	0	2.17192666522505		
chr2	139910533	139951579	-	mmuCirc_005764	Tasp1	CTO:ANNOTATED:CDS	3	310	NM_001159640:NM_001159641:NM_175225:NR_110350:NR_110351:NR_110352	0.0359829012851383	0.0682668390996	0.0185119210755352	0	0.0364535526967181	0	0.146433612301079	0.0659643899816055	0.0397775875967117	0	2;4;1;0;2;0;5;2;1;0	0	0	0.134198299875636		
chr2	139947157	139951579	-	mmuCirc_005765	Tasp1	CTO:ANNOTATED:CDS	2	199	NM_001159640:NM_001159641:NM_175225:NR_110350:NR_110351:NR_110352	0	0	0	0.0192294131873431	0	0.0327511113680254	0.0878601673806477	0.0659643899816055	0.0397775875967117	0.0573446200926087	0;0;0;1;0;1;3;2;1;2	0	0	1.69860015742715	rnoCirc_008295	
chr2	139947170	139951579	-	mmuCirc_005766	Tasp1	CTO:ANNOTATED:CDS	2	186	NM_001159640:NM_001159641:NM_175225:NR_110350:NR_110351:NR_110352	0	0	0	0	0	0.0655022227360508	0.0292867224602159	0.197893169944816	0.159110350386847	0.0286723100463043	0;0;0;0;0;2;1;6;4;1	0	0	2.25771761868384	rnoCirc_008297	
chr2	139977607	140057499	-	mmuCirc_005767	Tasp1	CTO:ANNOTATED	7	743	NM_001159640:NM_001159641:NM_175225:NR_110350:NR_110351:NR_110352:NM_001289611	0.0539743519277075	0	0.0185119210755352	0.0192294131873431	0.0546803290450771	0.229257779576178	0.292867224602159	0.36280414489883	0.755774164337523	0.401412340648261	3;0;1;1;3;7;10;11;19;14	0	0	3.16706220047451		
chr2	139985129	140057499	-	mmuCirc_005768	Tasp1	CTO:ANNOTATED:CDS:5UTR	6	636	NM_001159640:NM_001159641:NM_175225:NR_110350:NR_110351:NR_110352:NM_001289611	0	0	0	0.0384588263746862	0.018226776348359	0.0982533341040761	0	0.131928779963211	0.0795551751934235	0.0286723100463043	0;0;0;2;1;3;0;4;2;1	0	0	1.65143134736161		
chr2	139996073	140057499	-	mmuCirc_005769	Tasp1	CTO:ANNOTATED:CDS:5UTR	5	556	NM_001159640:NM_001159641:NM_175225:NR_110350:NR_110351:NR_110352:NM_001289611	0.0179914506425692	0	0.0185119210755352	0.0192294131873431	0	0.0982533341040761	0.0292867224602159	0.164910974954014	0.357998288370406	0.114689240185217	1;0;1;1;0;3;1;5;9;4	0	0	2.24454436018895		
chr2	140008699	140057499	-	mmuCirc_005770	Tasp1	CTO:ANNOTATED:CDS:5UTR	4	471	NM_001159640:NM_001159641:NM_175225:NR_110350:NR_110351:NR_110352:NM_001289611	0.0359829012851383	0.0170667097749	0.0370238421510704	0.0576882395620293	0.0364535526967181	0.327511113680254	0.263580502141943	0.296839754917225	0.596663813950676	0.602118510972391	2;1;2;3;2;10;9;9;15;21	0	0	2.89888975318311		
chr2	140030601	140057499	-	mmuCirc_005771	Tasp1	CTO:ALT_DONOR:CDS:5UTR	3	11843	NM_001159640:NM_001159641:NM_175225:NR_110350:NR_110351:NR_110352:NM_001289611	0.0179914506425692	0.0170667097749	0	0.0384588263746862	0.018226776348359	0.0655022227360508	0.175720334761295	0.0989465849724082	0.23866552558027	0.143361550231522	1;1;0;2;1;2;6;3;6;5	0	0	2.07682695840444		
chr2	140042094	140057499	-	mmuCirc_005772	Tasp1	CTO:ANNOTATED:CDS:5UTR	3	350	NM_001159640:NM_001159641:NM_175225:NR_110350:NR_110351:NR_110352:NM_001289611	0.0359829012851383	0.0853335488745	0.148095368604282	0.249982371435461	0.164040987135231	1.44104890019312	0.820028228886045	1.87998511447576	2.74465354417311	1.2902539520837	2;5;8;13;9;44;28;57;69;45	0	1	3.47757849481598	rnoCirc_008299	
chr2	140138933	140148914	-	mmuCirc_005773	Esf1	CTO:ANNOTATED:CDS	2	284	NM_001081090	0	0.0170667097749	0.0185119210755352	0.0384588263746862	0.018226776348359	0	0.175720334761295	0	0	0.0573446200926087	0;1;1;2;1;0;6;0;0;2	0	0	0.23114728391385		
chr2	142648428	142690701	-	mmuCirc_005774	Kif16b	CTO:ANNOTATED:CDS	3	297	NM_001081133	0	0.0170667097749	0.0185119210755352	0	0.0911338817417952	0.131004445472102	0.0878601673806477	0.428768534880436	0.397775875967117	0.20070617032413	0;1;1;0;5;4;3;13;10;7	0	0	2.67491307677506	rnoCirc_008300	
chr2	142739523	142740991	-	mmuCirc_005775	Kif16b	CTO:ANNOTATED:CDS	2	172	NM_001081133	0.287863210281107	0.2389339368486	0.444286105812845	0.499964742870921	0.400989079663899	5.69869337803642	4.65658887117433	6.76134997311456	7.39863129298838	3.3259879653713	16;14;24;26;22;174;159;205;186;116	1	1	3.8167712343702	rnoCirc_008301	hsaCirc_009315
chr2	142739523	142758909	-	mmuCirc_005776	Kif16b	CTO:ANNOTATED:CDS	5	482	NM_001081133	0	0	0	0	0	0	0	0	0.159110350386847	0.086016930138913	0;0;0;0;0;0;0;0;4;3	0	0	2.78449978540292		
chr2	142756089	142758909	-	mmuCirc_005777	Kif16b	CTO:ANNOTATED:CDS	3	310	NM_001081133	0	0.0170667097749	0	0	0	0.0982533341040761	0.0292867224602159	0.0329821949908028	0.437553463563829	0.0573446200926087	0;1;0;0;0;3;1;1;11;2	0	0	2.16951218438458		
chr2	142834077	142837582	-	mmuCirc_005778	Kif16b	CTO:ANNOTATED:CDS	2	126	NM_001081133	0	0	0	0	0.018226776348359	0	0	0.0989465849724082	0	0	0;0;0;0;1;0;0;3;0;0	0	0	0.818829201654963		
chr2	142834077	142850006	-	mmuCirc_005779	Kif16b	CTO:ANNOTATED:CDS	6	746	NM_001081133	0	0	0	0.0576882395620293	0.018226776348359	0.131004445472102	0.0878601673806477	0	0.23866552558027	0.086016930138913	0;0;0;3;1;4;3;0;6;3	0	0	2.13864206865019		
chr2	142834077	142857427	-	mmuCirc_005780	Kif16b	CTO:ANNOTATED:CDS	9	1071	NM_001081133	0	0	0	0	0	0.0327511113680254	0	0.164910974954014	0.318220700773694	0.143361550231522	0;0;0;0;0;1;0;5;8;5	0	0	2.92946251329982	rnoCirc_008302	hsaCirc_009316
chr2	142834077	142862540	-	mmuCirc_005781	Kif16b	CTO:ANNOTATED:CDS	10	1185	NM_001081133	0.0179914506425692	0	0	0	0	0.262008890944203	0.0585734449204318	0.197893169944816	0.0397775875967117	0.172033860277826	1;0;0;0;0;8;2;6;1;6	0	0	2.63089566264132		
chr2	142846929	142857427	-	mmuCirc_005782	Kif16b	CTO:ANNOTATED:CDS	7	945	NM_001081133	0	0	0.0185119210755352	0.0192294131873431	0	0.0655022227360508	0.0585734449204318	0.164910974954014	0.159110350386847	0.172033860277826	0;0;1;1;0;2;2;5;4;6	0	0	2.35751749190378		
chr2	142846929	142862540	-	mmuCirc_005783	Kif16b	CTO:ANNOTATED:CDS	8	1059	NM_001081133	0	0	0.0185119210755352	0	0	0.131004445472102	0	0.0659643899816055	0.0795551751934235	0	0;0;1;0;0;4;0;2;2;0	0	0	2.13014983329023		
chr2	143830084	143832057	-	mmuCirc_005784	Bfsp1	CTO:ANNOTATED:CDS	2	307	NM_001291061:NM_009751	0	0.0170667097749	0	0	0.0546803290450771	0.0982533341040761	0.117146889840864	0.0989465849724082	0.23866552558027	0.086016930138913	0;1;0;0;3;3;4;3;6;3	0	0	2.24441744130236		
chr2	143973469	143974609	-	mmuCirc_005785	Rrbp1	CTO:ANNOTATED:CDS	2	272	NM_024281	0	0	0	0.0384588263746862	0	0.0655022227360508	0.0585734449204318	0.164910974954014	0.556886226353964	0.258050790416739	0;0;0;2;0;2;2;5;14;9	0	0	2.87576665399438		
chr2	144254726	144259178	-	mmuCirc_005786	Snx5	CTO:ANNOTATED:CDS	7	651	NM_024225:NM_001199188	0	0	0.0185119210755352	0.0192294131873431	0.0546803290450771	0.196506668208152	0.0292867224602159	0.263857559926422	0.278443113176982	0.143361550231522	0;0;1;1;3;6;1;8;7;5	0	0	2.33520906900198		
chr2	144255340	144255604	-	mmuCirc_005787	Snx5	CTO:ANNOTATED:CDS	2	182	NM_024225:NM_001199188	0.0179914506425692	0.0341334195498	0.0370238421510704	0.0384588263746862	0	0.491266670520381	0.205007057221511	0.494732924862041	0.477331051160541	0.20070617032413	1;2;2;2;0;15;7;15;12;7	0	0	3.10653276156482		
chr2	144255340	144257195	-	mmuCirc_005788	Snx5	CTO:ANNOTATED:CDS	3	278	NM_024225:NM_001199188	0	0.0170667097749	0	0	0.018226776348359	0	0.146433612301079	0.131928779963211	0.0397775875967117	0	0;1;0;0;1;0;5;4;1;0	0	0	1.43427381830217		
chr2	144255340	144257993	-	mmuCirc_005789	Snx5	CTO:ANNOTATED:CDS	4	402	NM_024225:NM_001199188	0.0359829012851383	0	0.0185119210755352	0.0192294131873431	0.018226776348359	0.0982533341040761	0	0	0.318220700773694	0.0286723100463043	2;0;1;1;1;3;0;0;8;1	0	0	0.89749815410661		
chr2	144259057	144262024	-	mmuCirc_005790	Snx5	CTO:ANNOTATED:CDS	3	338	NM_024225:NM_001199188	0	0	0	0	0	0.131004445472102	0.0292867224602159	0	0.119332762790135	0.0573446200926087	0;0;0;0;0;4;1;0;3;2	0	0	2.24237043411897		
chr2	144400686	144400822	+	mmuCirc_005791	Csrp2bp	CTO:ANNOTATED:CDS	1	137	NM_001166640:NM_181417	0	0.0170667097749	0	0.0192294131873431	0	0.131004445472102	0.117146889840864	0.230875364935619	0.556886226353964	0.20070617032413	0;1;0;1;0;4;4;7;14;7	0	0	3.15905563591201		
chr2	145822265	145822761	+	mmuCirc_005792	Rin2	CTO:ANNOTATED:CDS:5UTR	2	253	NM_028724	0	0	0	0	0	0.0655022227360508	0.0585734449204318	0	0.119332762790135	0.0573446200926087	0;0;0;0;0;2;2;0;3;2	0	0	2.20544182827456		
chr2	145844711	145851251	+	mmuCirc_005793	Rin2	CTO:ANNOTATED:CDS	3	378	NM_028724	0	0	0.0185119210755352	0.0192294131873431	0	0.0327511113680254	0.0585734449204318	0.0659643899816055	0.278443113176982	0.172033860277826	0;0;1;1;0;1;2;2;7;6	0	0	2.14448289716699		
chr2	145858441	145861174	+	mmuCirc_005794	Rin2	CTO:ANNOTATED:CDS	2	1253	NM_028724	0	0.0341334195498	0.0185119210755352	0.0384588263746862	0.018226776348359	0	0.234293779681727	0.0989465849724082	0.159110350386847	0.143361550231522	0;2;1;2;1;0;8;3;4;5	0	0	1.89240263793924	rnoCirc_008307	
chr2	146143013	146153917	+	mmuCirc_005795		NTO	1	10905		0.0179914506425692	0.0170667097749	0	0.0192294131873431	0.018226776348359	0.0327511113680254	0.117146889840864	0.164910974954014	0.198887937983559	0.0573446200926087	1;1;0;1;1;1;4;5;5;2	0	0	1.8133427552918		hsaCirc_009337
chr2	146314850	146334615	-	mmuCirc_005796	Ralgapa2	CTO:ALT_DONOR:CDS	4	640	NM_001033348	0.0179914506425692	0	0.0740476843021408	0	0	0.229257779576178	0.0292867224602159	0.0989465849724082	0.0397775875967117	0.086016930138913	1;0;4;0;0;7;1;3;1;3	0	0	1.66795356831149		
chr2	146314850	146412868	-	mmuCirc_005797	Ralgapa2	CTO:ALT_DONOR:CDS	22	3476	NM_001033348	0.0539743519277075	0	0.0185119210755352	0	0.018226776348359	0	0.0292867224602159	0.197893169944816	0.0795551751934235	0.086016930138913	3;0;1;0;1;0;1;6;2;3	0	0	1.14031068181878		
chr2	146340379	146342749	-	mmuCirc_005798	Ralgapa2	CTO:ANNOTATED:CDS	2	844	NM_001033348	0.161923055783122	0.0853335488745	0.111071526453211	0.153835305498745	0	1.34279556608904	0.585734449204318	1.64910974954014	1.55132591627176	0.774152371250217	9;5;6;8;0;41;20;50;39;27	1	0	3.51741505438905		
chr2	146340379	146412868	-	mmuCirc_005799	Ralgapa2	CTO:ANNOTATED:CDS	18	2836	NM_001033348	0	0	0	0.0192294131873431	0	0.0327511113680254	0.0292867224602159	0.0659643899816055	0.119332762790135	0.0573446200926087	0;0;0;1;0;1;1;2;3;2	0	0	1.71679350256284		
chr2	146387228	146388684	-	mmuCirc_005800	Ralgapa2	CTO:ANNOTATED:CDS	3	449	NM_001033348	0	0.0341334195498	0.0185119210755352	0.0192294131873431	0.0546803290450771	0.327511113680254	0.0292867224602159	0.131928779963211	0.23866552558027	0.114689240185217	0;2;1;1;3;10;1;4;6;4	0	0	1.90711989322071	rnoCirc_008310	
chr2	146387228	146405039	-	mmuCirc_005801	Ralgapa2	CTO:ANNOTATED:CDS	4	626	NM_001033348	0	0.0170667097749	0	0.0192294131873431	0.018226776348359	0.0655022227360508	0.146433612301079	0.131928779963211	0.119332762790135	0.086016930138913	0;1;0;1;1;2;5;4;3;3	0	0	2.09764043238566		
chr2	146387228	146406432	-	mmuCirc_005802	Ralgapa2	CTO:ANNOTATED:CDS	5	717	NM_001033348	0.179914506425692	0.2048005172988	0.148095368604282	0.173064718686088	0.255174868877027	2.39083112986585	0.585734449204318	1.87998511447576	2.22754490541586	0.659463131065	10;12;8;9;14;73;20;57;56;23	1	1	2.67319838309756	rnoCirc_008311	
chr2	146387228	146406451	-	mmuCirc_005803	Ralgapa2	CTO:ALT_ACCEPTOR:CDS	5	736	NM_001033348	0	0	0	0	0	0.0327511113680254	0.0292867224602159	0.0659643899816055	0.119332762790135	0	0;0;0;0;0;1;1;2;3;0	0	0	1.90115058077989		
chr2	146387228	146406504	-	mmuCirc_005804	Ralgapa2	CTO:ALT_ACCEPTOR:CDS	5	789	NM_001033348	0.0179914506425692	0	0	0.0192294131873431	0	0.163755556840127	0.146433612301079	0	0.357998288370406	0.0573446200926087	1;0;0;1;0;5;5;0;9;2	0	0	2.63764726960925		
chr2	146387228	146412868	-	mmuCirc_005805	Ralgapa2	CTO:ANNOTATED:CDS	8	1064	NM_001033348	0.21589740771083	0.170667097749	0.166607289679817	0.173064718686088	0.0911338817417952	1.21179112061694	0.49787428182367	1.41823438460452	1.07399486511122	0.716807751157609	12;10;9;9;5;37;17;43;27;25	1	1	2.40074655164126	rnoCirc_008312	
chr2	146404863	146406432	-	mmuCirc_005806	Ralgapa2	CTO:ANNOTATED:CDS	2	268	NM_001033348	0	0	0	0.0192294131873431	0	0	0	0.0989465849724082	0.0397775875967117	0.0286723100463043	0;0;0;1;0;0;0;3;1;1	0	0	1.48767070539297		
chr2	146404863	146412868	-	mmuCirc_005807	Ralgapa2	CTO:ANNOTATED:CDS	5	615	NM_001033348	0.0179914506425692	0.0341334195498	0	0.0192294131873431	0	0.262008890944203	0.0585734449204318	0.36280414489883	0.198887937983559	0.086016930138913	1;2;0;1;0;8;2;11;5;3	0	0	2.51489166794129	rnoCirc_008313	hsaCirc_009340
chr2	146889021	146891284	+	mmuCirc_005808	Kiz	CTO:ANNOTATED:CDS	2	950	NM_001033298	0.287863210281107	0.1024002586494	0.222143052906423	0.326900024184833	0.236948092528668	1.99781779344955	0.99574856364734	3.10032632913546	3.02309665735009	1.77768322287087	16;6;12;17;13;61;34;94;76;62	1	1	3.07852060456719	rnoCirc_008314	
chr2	146889021	146902622	+	mmuCirc_005809	Kiz	CTO:ALT_DONOR:CDS	2	12288	NM_001033298	0	0	0.0185119210755352	0	0.018226776348359	0.0982533341040761	0.117146889840864	0.263857559926422	0.278443113176982	0.0573446200926087	0;0;1;0;1;3;4;8;7;2	0	0	2.62787011693024		
chr2	146935803	146942979	+	mmuCirc_005810	Kiz	CTO:ANNOTATED:CDS	3	311	NM_001033298	0	0.0170667097749	0	0.134605892311402	0	0.491266670520381	0.439300836903238	0.560697314843647	0.6762189891441	0.229378480370435	0;1;0;7;0;15;15;17;17;8	0	0	3.79563458203542		
chr2	146935803	146956296	+	mmuCirc_005811	Kiz	CTO:ANNOTATED:CDS	6	561	NM_001033298	0	0.0170667097749	0	0	0	0.131004445472102	0.146433612301079	0.494732924862041	0.198887937983559	0.143361550231522	0;1;0;0;0;4;5;15;5;5	0	0	3.25022784914467		
chr2	146942010	146956296	+	mmuCirc_005812	Kiz	CTO:ANNOTATED:CDS	5	479	NM_001033298	0	0	0	0.0384588263746862	0	0.163755556840127	0.234293779681727	0.329821949908027	0.477331051160541	0.0573446200926087	0;0;0;2;0;5;8;10;12;2	0	0	3.20734076682656		hsaCirc_009345
chr2	147024715	147025306	+	mmuCirc_005813	Xrn2	CTO:ANNOTATED:CDS	2	224	NM_011917	0	0	0	0	0.0364535526967181	0.393013336416305	0.0878601673806477	0.230875364935619	0.357998288370406	0.0573446200926087	0;0;0;0;2;12;3;7;9;2	0	0	3.02853000144328		
chr2	147024715	147026439	+	mmuCirc_005814	Xrn2	CTO:ANNOTATED:CDS	3	283	NM_011917	0	0.0682668390996	0.111071526453211	0.115376479124059	0.0911338817417952	1.53930223429719	0.820028228886045	2.24278925937459	2.7048759565764	1.00353085162065	0;4;6;6;5;47;28;68;68;35	0	1	4.23585053383198		
chr2	148240319	148262866	-	mmuCirc_005815		NTO	1	22548		0	0	0	0	0	0	0	0.0659643899816055	0.119332762790135	0	0;0;0;0;0;0;0;2;3;0	0	0	2.45210089414782		
chr2	148350582	148356254	-	mmuCirc_005816		NTO	1	5673		0	0	0	0	0	0	0.117146889840864	0	0	0	0;0;0;0;0;0;4;0;0;0	0	0	2.77765000061683		
chr2	148686514	148690983	+	mmuCirc_005817	Gzf1	CTO:ALT_DONOR:CDS	4	698	NM_028986	0.0179914506425692	0.0170667097749	0	0.0576882395620293	0	0.131004445472102	0	0.0659643899816055	0.357998288370406	0.0286723100463043	1;1;0;3;0;4;0;2;9;1	0	0	1.3540344482219		