chr12	69250753	69269878	+	mmuCirc_002066	Klhdc1	CTO:ANNOTATED:CDS	11	938	NM_178253	0	0	0	0	0	0	0.0292867224602159	0.0329821949908028	0.159110350386847	0.0286723100463043	0;0;0;0;0;0;1;1;4;1	0	0	1.7881461782314		hsaCirc_004856
chr12	69302324	69303962	+	mmuCirc_002067	Klhdc2	CTO:ANNOTATED:CDS	3	316	NM_027117	0.0359829012851383	0.0170667097749	0	0.0192294131873431	0.0364535526967181	0.294760002312228	0.0585734449204318	0.164910974954014	0.477331051160541	0.114689240185217	2;1;0;1;2;9;2;5;12;4	0	0	2.34051358818506		
chr12	69320373	69322350	-	mmuCirc_002068	Nemf	CTO:ANNOTATED:CDS	3	343	NM_025441	0.0359829012851383	0.0341334195498	0	0.0192294131873431	0.018226776348359	0.262008890944203	0.175720334761295	0.560697314843647	0.636441401547388	0.430084650694565	2;2;0;1;1;8;6;17;16;15	0	0	3.33375973179383		
chr12	69344129	69344979	-	mmuCirc_002069	Nemf	CTO:ANNOTATED:CDS	3	210	NM_025441	0.0179914506425692	0	0.0185119210755352	0.0192294131873431	0	0.131004445472102	0.117146889840864	0.263857559926422	0.318220700773694	0.0573446200926087	1;0;1;1;0;4;4;8;8;2	0	0	2.54190854688263		
chr12	69603476	69607412	-	mmuCirc_002070	Sos2	CTO:ANNOTATED:CDS	3	506	NM_001135559	0	0	0.0185119210755352	0	0.018226776348359	0.0655022227360508	0.117146889840864	0.131928779963211	0.437553463563829	0.172033860277826	0;0;1;0;1;2;4;4;11;6	0	0	2.73964076124971		hsaCirc_004868
chr12	69603476	69610826	-	mmuCirc_002071	Sos2	CTO:ANNOTATED:CDS	4	610	NM_001135559	0.0179914506425692	0.0341334195498	0.0185119210755352	0.0961470659367156	0.0729071053934362	0.131004445472102	0.0878601673806477	0.263857559926422	0.755774164337523	0.229378480370435	1;2;1;5;4;4;3;8;19;8	0	1	2.00627307811962		hsaCirc_004869
chr12	69607190	69607412	-	mmuCirc_002072	Sos2	CTO:ANNOTATED:CDS	1	223	NM_001135559	0	0	0	0	0	0	0	0.0329821949908028	0.119332762790135	0	0;0;0;0;0;0;0;1;3;0	0	0	2.10298512151359		hsaCirc_004871
chr12	69632060	69658078	-	mmuCirc_002073	Sos2	CTO:ANNOTATED:CDS	6	885	NM_001135559	0.0359829012851383	0	0.0370238421510704	0.0192294131873431	0	0.0982533341040761	0.117146889840864	0.131928779963211	0.517108638757253	0.086016930138913	2;0;2;1;0;3;4;4;13;3	0	0	2.29033195290004	rnoCirc_010528	hsaCirc_004876
chr12	69640054	69658078	-	mmuCirc_002074	Sos2	CTO:ANNOTATED:CDS	4	630	NM_001135559	0	0	0.0185119210755352	0.0192294131873431	0	0.131004445472102	0.205007057221511	0.0659643899816055	0.278443113176982	0.143361550231522	0;0;1;1;0;4;7;2;7;5	0	0	2.7048592783914		
chr12	69650600	69658078	-	mmuCirc_002075	Sos2	CTO:ANNOTATED:CDS	2	258	NM_001135559	0	0	0	0	0	0	0	0.0989465849724082	0	0	0;0;0;0;0;0;0;3;0;0	0	0	2.57224194660756	rnoCirc_010530	
chr12	69811274	69818498	-	mmuCirc_002076	Map4k5	CTO:ALT_ACCEPTOR:CDS	6	618	NM_201519	0	0	0	0	0	0.0982533341040761	0	0.0329821949908028	0.0795551751934235	0	0;0;0;0;0;3;0;1;2;0	0	0	2.09493762769934		
chr12	69823422	69825783	-	mmuCirc_002077	Map4k5	CTO:ANNOTATED:CDS	3	207	NM_201519	0.0179914506425692	0.0341334195498	0	0.0576882395620293	0.0364535526967181	0.229257779576178	0.205007057221511	0.230875364935619	0.596663813950676	0.143361550231522	1;2;0;3;2;7;7;7;15;5	0	0	2.58796356061877		
chr12	69830429	69838073	-	mmuCirc_002078	Map4k5	CTO:ANNOTATED:CDS	3	206	NM_201519	0	0	0	0	0	0.0327511113680254	0	0.0989465849724082	0.278443113176982	0.114689240185217	0;0;0;0;0;1;0;3;7;4	0	0	2.65559754803955		
chr12	70020834	70025481	-	mmuCirc_002079	Nin	CTO:ANNOTATED:CDS	3	361	NM_001081453:NR_104398:NM_001286079:NM_001286080:NM_008697:NR_104397	0	0	0	0	0	0.294760002312228	0	0.131928779963211	0.198887937983559	0.143361550231522	0;0;0;0;0;9;0;4;5;5	0	0	3.34590517689707		
chr12	70078112	70083857	-	mmuCirc_002080	Nin	CTO:ALT_ACCEPTOR:CDS	1	5746	NM_001081453:NR_104398:NM_001286079:NM_001286080:NM_008697:NR_104397	0	0	0	0	0	0	0	0	0.159110350386847	0	0;0;0;0;0;0;0;0;4;0	0	0	3.16277680474228		
chr12	71019374	71023590	+	mmuCirc_002081	Arid4a	CTO:ANNOTATED:CDS	3	268	NM_001081195	0	0	0	0	0	0.0655022227360508	0	0.0989465849724082	0.159110350386847	0.086016930138913	0;0;0;0;0;2;0;3;4;3	0	0	2.55930086063543	rnoCirc_010536	
chr12	71022193	71023590	+	mmuCirc_002082	Arid4a	CTO:ANNOTATED:CDS	2	157	NM_001081195	0.0359829012851383	0.0682668390996	0.0370238421510704	0	0	0	0.117146889840864	0.0659643899816055	0.0795551751934235	0	2;4;2;0;0;0;4;2;2;0	0	0	0.514615608721255		
chr12	71045024	71046190	+	mmuCirc_002083	Arid4a	CTO:ANNOTATED:CDS	2	157	NM_001081195	0	0	0.0185119210755352	0	0	0.0327511113680254	0.0292867224602159	0.0989465849724082	0.159110350386847	0	0;0;1;0;0;1;1;3;4;0	0	0	1.87252854895875		
chr12	71046114	71047360	+	mmuCirc_002084	Arid4a	CTO:ANNOTATED:CDS	2	244	NM_001081195	0	0	0	0	0	0.0655022227360508	0	0	0.119332762790135	0.0286723100463043	0;0;0;0;0;2;0;0;3;1	0	0	2.05984193410366		
chr12	71060062	71063324	+	mmuCirc_002085	Arid4a	CTO:ANNOTATED:CDS	4	498	NM_001081195	0	0	0	0	0	0.0655022227360508	0.0585734449204318	0.131928779963211	0.23866552558027	0.086016930138913	0;0;0;0;0;2;2;4;6;3	0	0	2.61891313379866		
chr12	71074936	71076069	+	mmuCirc_002086	Arid4a	CTO:ANNOTATED:CDS	1	1134	NM_001081195	0.0179914506425692	0	0.0370238421510704	0	0	0.163755556840127	0.0292867224602159	0.0989465849724082	0	0.0573446200926087	1;0;2;0;0;5;1;3;0;2	0	0	1.64680446545215		
chr12	71167066	71173239	+	mmuCirc_002087	2700049A03Rik	CTO:ANNOTATED:CDS	3	494	NM_001163378:NM_029818	0	0	0	0	0	0	0.0878601673806477	0.0329821949908028	0	0	0;0;0;0;0;0;3;1;0;0	0	0	1.91829894339665		
chr12	71184423	71195946	+	mmuCirc_002088	2700049A03Rik	CTO:ALT_DONOR:CDS	7	2674	NM_001163378:NM_029818	0.0179914506425692	0.0170667097749	0	0	0	0.0327511113680254	0	0.0989465849724082	0.198887937983559	0	1;1;0;0;0;1;0;3;5;0	0	0	1.40194128153166		
chr12	71895727	71915788	+	mmuCirc_002089	Daam1	CTO:ANNOTATED:CDS:5UTR	2	310	NM_026102:NM_172464:NM_001286452	0	0	0	0	0.018226776348359	0.0327511113680254	0.0585734449204318	0.296839754917225	0.23866552558027	0.114689240185217	0;0;0;0;1;1;2;9;6;4	0	0	2.57378396049261	rnoCirc_010553	hsaCirc_004941
chr12	71951199	71951300	-	mmuCirc_002090	Daam1	AS:CTO	1	102	NM_026102:NM_172464:NM_001286452	0	0.0170667097749	0.0185119210755352	0	0.018226776348359	0	0	0.0329821949908028	0	0.086016930138913	0;1;1;0;1;0;0;1;0;3	0	0	0.347239228827808		
chr12	73168000	73219142	+	mmuCirc_002091	Mnat1	CTO:ANNOTATED:CDS	6	720	NM_008612	0	0.0341334195498	0.0370238421510704	0.0769176527493725	0.018226776348359	0.229257779576178	0.0878601673806477	0.263857559926422	0.397775875967117	0.114689240185217	0;2;2;4;1;7;3;8;10;4	0	0	2.17490887234892		hsaCirc_004948
chr12	73179205	73219142	+	mmuCirc_002092	Mnat1	CTO:ANNOTATED:CDS	4	493	NM_008612	0.0359829012851383	0	0.0185119210755352	0.0769176527493725	0.0546803290450771	0.294760002312228	0.263580502141943	0.494732924862041	0.795551751934235	0.258050790416739	2;0;1;4;3;9;9;15;20;9	0	1	3.00536417588199	rnoCirc_010557	hsaCirc_004949
chr12	73181784	73219142	+	mmuCirc_002093	Mnat1	CTO:ANNOTATED:CDS	3	389	NM_008612	0	0.0170667097749	0	0	0	0	0.0878601673806477	0.0989465849724082	0.0397775875967117	0	0;1;0;0;0;0;3;3;1;0	0	0	1.89760427851267		hsaCirc_004950
chr12	73691548	73702912	+	mmuCirc_002094	Prkch	CTO:ANNOTATED:CDS	7	851	NM_008856	0.0179914506425692	0	0	0.0384588263746862	0.018226776348359	0.262008890944203	0.0292867224602159	0.164910974954014	0.437553463563829	0.286723100463044	1;0;0;2;1;8;1;5;11;10	0	0	2.67493617428354	rnoCirc_010566	hsaCirc_004951
chr12	73926557	73928298	+	mmuCirc_002095	Hif1a	CTO:ANNOTATED:CDS	3	422	NM_010431	0.0179914506425692	0	0.0185119210755352	0.0192294131873431	0.018226776348359	0.196506668208152	0.175720334761295	0.164910974954014	0.278443113176982	0.229378480370435	1;0;1;1;1;6;6;5;7;8	0	0	2.73959403886516	rnoCirc_010568	hsaCirc_004953
chr12	73926557	73930769	+	mmuCirc_002096	Hif1a	CTO:ANNOTATED:CDS	4	535	NM_010431	0	0	0	0	0	0.0982533341040761	0	0	0.0795551751934235	0.0286723100463043	0;0;0;0;0;3;0;0;2;1	0	0	2.05413550575117		
chr12	73926557	73932476	+	mmuCirc_002097	Hif1a	CTO:ANNOTATED:CDS	5	738	NM_010431	0	0	0	0	0.018226776348359	0.131004445472102	0.0292867224602159	0.0329821949908028	0.159110350386847	0.0573446200926087	0;0;0;0;1;4;1;1;4;2	0	0	1.96054399662891	rnoCirc_010569	hsaCirc_004954
chr12	73930657	73932476	+	mmuCirc_002098	Hif1a	CTO:ANNOTATED:CDS	2	316	NM_010431	0	0	0.0370238421510704	0	0	0	0	0.0659643899816055	0	0.114689240185217	0;0;2;0;0;0;0;2;0;4	0	0	1.67186830490166		hsaCirc_004956
chr12	73932274	73936296	+	mmuCirc_002099	Hif1a	CTO:ANNOTATED:CDS	2	310	NM_010431	0	0	0	0.0192294131873431	0.0364535526967181	0.131004445472102	0.0585734449204318	0.0989465849724082	0.159110350386847	0.143361550231522	0;0;0;1;2;4;2;3;4;5	0	0	2.2373152219963		
chr12	75464874	75493515	-	mmuCirc_002100	Ppp2r5e	CTO:ANNOTATED:CDS	8	720	NM_012024	0	0	0	0	0	0	0	0	0.119332762790135	0	0;0;0;0;0;0;0;0;3;0	0	0	2.80046262890159		
chr12	75485132	75493515	-	mmuCirc_002101	Ppp2r5e	CTO:ANNOTATED:CDS	2	195	NM_012024	0	0.0512001293247	0	0.0384588263746862	0	0.294760002312228	0.0292867224602159	0.197893169944816	0.397775875967117	0.086016930138913	0;3;0;2;0;9;1;6;10;3	0	0	2.42690155112895	rnoCirc_010576	
chr12	75771805	75784229	-	mmuCirc_002102		NTO	1	12425		0.0359829012851383	0	0	0	0	0.196506668208152	0.0585734449204318	0.230875364935619	0.119332762790135	0.114689240185217	2;0;0;0;0;6;2;7;3;4	0	0	2.62526386911906		
chr12	76008131	76008941	+	mmuCirc_002103	Syne2	CTO:ANNOTATED:CDS	2	231	NM_001005510	0	0	0.0185119210755352	0	0	0.196506668208152	0.0585734449204318	0.0659643899816055	0.0397775875967117	0.0573446200926087	0;0;1;0;0;6;2;2;1;2	0	0	2.01994421173447		hsaCirc_004966
chr12	76022255	76023144	+	mmuCirc_002104	Syne2	CTO:ANNOTATED:CDS	2	251	NM_001005510	0	0	0	0.0192294131873431	0	0	0	0.131928779963211	0.0397775875967117	0.0286723100463043	0;0;0;1;0;0;0;4;1;1	0	0	1.60536448360167		
chr12	76031276	76039085	+	mmuCirc_002105	Syne2	CTO:ANNOTATED:CDS	5	821	NM_001005510	0.0359829012851383	0	0.092559605377676	0.0769176527493725	0.018226776348359	0.131004445472102	0.205007057221511	0.164910974954014	0.954662102321082	0.344067720555652	2;0;5;4;1;4;7;5;24;12	0	0	2.44423901010811		
chr12	76072128	76087913	+	mmuCirc_002106	Syne2	CTO:ANNOTATED:CDS	4	645	NM_001005510	0	0	0	0	0	0	0	0.131928779963211	0.0397775875967117	0.0286723100463043	0;0;0;0;0;0;0;4;1;1	0	0	1.9293430686156		
chr12	76104965	76106117	+	mmuCirc_002107	Syne2	CTO:ANNOTATED:CDS	2	330	NM_001005510	0	0	0	0	0	0	0.117146889840864	0	0	0	0;0;0;0;0;0;4;0;0;0	0	0	2.77765000061683		
chr12	76300388	76301398	+	mmuCirc_002108	Mthfd1	CTO:ANNOTATED:CDS	2	218	NM_138745	0	0	0.0185119210755352	0	0	0.0982533341040761	0	0.0329821949908028	0.0397775875967117	0.0573446200926087	0;0;1;0;0;3;0;1;1;2	0	0	1.63872927501839		
chr12	76349318	76356068	-	mmuCirc_002109	Zbtb25	CTO:ALT_DONOR:CDS:5UTR	2	1136	NM_001172104:NM_028356	0	0.0170667097749	0.0185119210755352	0.0576882395620293	0	0.0982533341040761	0.0585734449204318	0.164910974954014	0.159110350386847	0.0286723100463043	0;1;1;3;0;3;2;5;4;1	0	0	1.67987248039231		
chr12	76349772	76356068	-	mmuCirc_002110	Zbtb25	CTO:ALT_DONOR:CDS:5UTR	2	682	NM_001172104:NM_028356	0	0	0	0	0	0	0	0	0.119332762790135	0	0;0;0;0;0;0;0;0;3;0	0	0	2.80046262890159		
chr12	76604089	76604198	-	mmuCirc_002111	Sptb	CTO:ALT_DONOR:ALT_ACCEPTOR:CDS	1	110	NM_013675	0.0359829012851383	0.0170667097749	0.0555357632266056	0	0	0	0	0.0329821949908028	0	0.0573446200926087	2;1;3;0;0;0;0;1;0;2	0	0	-0.233865405698736		
chr12	77277361	77279032	+	mmuCirc_002112	Fut8	CTO:ANNOTATED:5UTR	2	184	NM_001252614:NM_016893:NR_045554	0	0	0	0	0	0	0.0878601673806477	0.0989465849724082	0.119332762790135	0	0;0;0;0;0;0;3;3;3;0	0	0	2.60126494939229		
chr12	77323845	77332329	+	mmuCirc_002113	Fut8	CTO:ANNOTATED:CDS:5UTR	2	527	NM_001252614:NM_016893:NR_045554	0	0.0341334195498	0.0370238421510704	0.0192294131873431	0	0.131004445472102	0	0	0.23866552558027	0.0573446200926087	0;2;2;1;0;4;0;0;6;2	0	0	0.928163083229271	rnoCirc_010588	
chr12	77331896	77365359	+	mmuCirc_002114	Fut8	CTO:ANNOTATED:CDS:5UTR	3	713	NM_001252614:NM_016893:NR_045554	0.0359829012851383	0	0	0	0	0	0.0878601673806477	0.0329821949908028	0.0397775875967117	0	2;0;0;0;0;0;3;1;1;0	0	0	0.982804076836682		
chr12	77364969	77365359	+	mmuCirc_002115	Fut8	CTO:ANNOTATED:CDS	2	279	NM_001252614:NM_016893:NR_045554	0.0179914506425692	0	0	0	0	0.0327511113680254	0.146433612301079	0.263857559926422	0.278443113176982	0.20070617032413	1;0;0;0;0;1;5;8;7;7	0	0	2.94418719689813		
chr12	77435820	77436468	+	mmuCirc_002116	Fut8	INTRONIC	1	649	NM_001252614:NM_016893:NR_045554:NM_001252615:NM_001252616	0	0	0	0	0	0.0327511113680254	0.0585734449204318	0.0329821949908028	0.0397775875967117	0.114689240185217	0;0;0;0;0;1;2;1;1;4	0	0	1.82198365853376		
chr12	77448473	77450276	+	mmuCirc_002117	Fut8	CTO:ANNOTATED:CDS	2	424	NM_001252614:NM_016893:NR_045554:NM_001252615:NM_001252616	0	0	0	0	0	0.0982533341040761	0.0585734449204318	0.0659643899816055	0.0795551751934235	0.0286723100463043	0;0;0;0;0;3;2;2;2;1	0	0	2.0480374981959		
chr12	78343352	78412433	+	mmuCirc_002118	Gphn	CTO:ANNOTATED:CDS	3	230	NM_145965:NM_172952	0	0	0.0185119210755352	0.0576882395620293	0	0.0655022227360508	0.0585734449204318	0.197893169944816	0.159110350386847	0.086016930138913	0;0;1;3;0;2;2;6;4;3	0	0	2.03631021385764		
chr12	78504617	78562898	+	mmuCirc_002119	Gphn	CTO:ANNOTATED:CDS	4	277	NM_145965:NM_172952	0	0	0	0	0	0	0.146433612301079	0	0.0397775875967117	0	0;0;0;0;0;0;5;0;1;0	0	0	2.31823979767099		
chr12	78504617	78590671	+	mmuCirc_002120	Gphn	CTO:ANNOTATED:CDS	5	415	NM_145965:NM_172952	0.143931605140553	0.0512001293247	0.0740476843021408	0.134605892311402	0.127587434438513	0.982533341040762	0.556447726744102	1.1873590196689	1.78999144185203	0.487429270787174	8;3;4;7;7;30;19;36;45;17	1	1	2.92859866575505	rnoCirc_010592	
chr12	78590534	78637579	+	mmuCirc_002121	Gphn	CTO:ANNOTATED:CDS	7	742	NM_145965:NM_172952	0	0.0341334195498	0	0	0	0.163755556840127	0	0.197893169944816	0.318220700773694	0.229378480370435	0;2;0;0;0;5;0;6;8;8	0	0	2.58578072929672		
chr12	78637458	78664564	+	mmuCirc_002122	Gphn	CTO:ANNOTATED:CDS	3	284	NM_145965:NM_172952	0	0	0	0	0	0	0	0.131928779963211	0	0	0;0;0;0;0;0;0;4;0;0	0	0	2.92532328123365		
chr12	78637458	78669888	+	mmuCirc_002123	Gphn	CTO:ANNOTATED:CDS	4	349	NM_145965:NM_172952	0.0359829012851383	0	0.0185119210755352	0	0	0.0655022227360508	0.0585734449204318	0.131928779963211	0	0	2;0;1;0;0;2;2;4;0;0	0	0	1.52167855819216		
chr12	78794245	78797390	+	mmuCirc_002124	Mpp5	CTO:ANNOTATED:CDS:5UTR	2	614	NM_019579	0	0	0	0.0384588263746862	0.0364535526967181	0	0	0	0	0.114689240185217	0;0;0;2;2;0;0;0;0;4	0	0	-0.146461270736434		hsaCirc_004986
chr12	78819204	78824872	+	mmuCirc_002125	Mpp5	CTO:ANNOTATED:CDS	3	424	NM_019579	0	0	0.0185119210755352	0.0192294131873431	0.018226776348359	0.0327511113680254	0	0.131928779963211	0.119332762790135	0.0286723100463043	0;0;1;1;1;1;0;4;3;1	0	0	1.38906606469636		
chr12	79263773	79264433	-	mmuCirc_002126	Zfyve26	CTO:ANNOTATED:CDS	2	300	NM_001008550	0.0179914506425692	0.0170667097749	0	0.0192294131873431	0	0.131004445472102	0.0878601673806477	0.0659643899816055	0.278443113176982	0.086016930138913	1;1;0;1;0;4;3;2;7;3	0	0	2.19384415153949		
chr12	80178302	80181508	-	mmuCirc_002127	Actn1	CTO:ANNOTATED:CDS	2	299	NM_134156	0.0359829012851383	0.0170667097749	0	0	0	0.0982533341040761	0	0.164910974954014	0.0397775875967117	0	2;1;0;0;0;3;0;5;1;0	0	0	1.24426556640711		
chr12	80348320	80376731	-	mmuCirc_002128	Dcaf5	CTO:ANNOTATED:CDS	3	409	NM_177267	0	0	0.0185119210755352	0	0.018226776348359	0.163755556840127	0.0292867224602159	0.131928779963211	0.198887937983559	0.114689240185217	0;0;1;0;1;5;1;4;5;4	0	0	2.35000658319127	rnoCirc_010596	
chr12	80348320	80404698	-	mmuCirc_002129	Dcaf5	CTO:ANNOTATED:CDS	7	860	NM_177267	0.0719658025702766	0	0	0.0192294131873431	0.0364535526967181	0.0327511113680254	0	0	0	0.0573446200926087	4;0;0;1;2;1;0;0;0;2	0	0	-0.439865063800822		
chr12	80364004	80376731	-	mmuCirc_002130	Dcaf5	CTO:ANNOTATED:CDS	2	281	NM_177267	0.0359829012851383	0	0.0370238421510704	0	0	0.196506668208152	0	0.164910974954014	0.159110350386847	0.114689240185217	2;0;2;0;0;6;0;5;4;4	0	0	2.39072162587891		
chr12	80364004	80404698	-	mmuCirc_002131	Dcaf5	CTO:ANNOTATED:CDS	6	732	NM_177267	0.0179914506425692	0	0	0	0	0.131004445472102	0	0.164910974954014	0.0795551751934235	0.0573446200926087	1;0;0;0;0;4;0;5;2;2	0	0	2.36660013135713		
chr12	80397653	80404698	-	mmuCirc_002132	Dcaf5	CTO:ANNOTATED:CDS	4	451	NM_177267	0.0539743519277075	0.0170667097749	0.0555357632266056	0.0576882395620293	0.0546803290450771	0.42576444778433	0.175720334761295	0.59367950983445	1.03421727751451	0.229378480370435	3;1;3;3;3;13;6;18;26;8	0	1	2.70318096642892	rnoCirc_010597	hsaCirc_004996