chr19	45974967	45975275	-	mmuCirc_005014	9130011E15Rik	CTO:ANNOTATED:CDS	2	204	NM_198296	0	0	0	0	0.018226776348359	0.0982533341040761	0	0.0989465849724082	0.198887937983559	0	0;0;0;0;1;3;0;3;5;0	0	0	1.91339697727967	rnoCirc_001307	
chr19	46384220	46385088	-	mmuCirc_005015	Actr1a	CTO:ANNOTATED:CDS	2	202	NM_016860	0	0	0.0185119210755352	0	0	0.163755556840127	0.146433612301079	0.0989465849724082	0.119332762790135	0.0573446200926087	0;0;1;0;0;5;5;3;3;2	0	0	2.52705826441536		
chr19	46449829	46454846	+	mmuCirc_005016	Sufu	CTO:ANNOTATED:CDS	5	571	NM_001025391:NM_015752	0	0	0.0185119210755352	0	0	0.0655022227360508	0.0585734449204318	0	0.159110350386847	0.086016930138913	0;0;1;0;0;2;2;0;4;3	0	0	1.73873964398546	rnoCirc_001312	
chr19	46473572	46475646	+	mmuCirc_005017	Sufu	CTO:ANNOTATED:CDS	2	274	NM_001025391:NM_015752	0	0	0	0	0	0	0	0.0329821949908028	0.0397775875967117	0.086016930138913	0;0;0;0;0;0;0;1;1;3	0	0	1.79711168550706		
chr19	46512723	46513341	+	mmuCirc_005018	Trim8	CTO:ANNOTATED:CDS	2	330	NM_053100	0	0	0	0	0	0.0655022227360508	0.0292867224602159	0.0329821949908028	0.119332762790135	0	0;0;0;0;0;2;1;1;3;0	0	0	1.90078280348303		
chr19	46512723	46514737	+	mmuCirc_005019	Trim8	CTO:ANNOTATED:CDS	4	478	NM_053100	0	0	0	0	0	0.0982533341040761	0.0878601673806477	0	0.159110350386847	0	0;0;0;0;0;3;3;0;4;0	0	0	2.71922534420942	rnoCirc_001313	
chr19	46712221	46720456	+	mmuCirc_005020	As3mt	CTO:ANNOTATED:CDS	4	427	NM_020577	0	0	0	0	0	0	0	0.164910974954014	0.0795551751934235	0	0;0;0;0;0;0;0;5;2;0	0	0	2.76212763184012		
chr19	46715189	46720456	+	mmuCirc_005021	As3mt	CTO:ANNOTATED:CDS	3	357	NM_020577	0.0539743519277075	0.0170667097749	0.0185119210755352	0.0192294131873431	0.018226776348359	0.196506668208152	0.117146889840864	0.36280414489883	0.437553463563829	0.114689240185217	3;1;1;1;1;6;4;11;11;4	0	0	2.42219632412048	rnoCirc_001314	
chr19	46715189	46725038	+	mmuCirc_005022	As3mt	CTO:ANNOTATED:CDS	4	492	NM_020577	0.0179914506425692	0	0	0.0192294131873431	0	0.131004445472102	0.0878601673806477	0.296839754917225	0.119332762790135	0.172033860277826	1;0;0;1;0;4;3;9;3;6	0	0	2.69988634712477		hsaCirc_002469
chr19	46813633	46813866	+	mmuCirc_005023	Cnnm2	INTRONIC	1	234	NM_001102471:NM_033569	0.0359829012851383	0	0.0185119210755352	0.0192294131873431	0	0.0655022227360508	0.0292867224602159	0	0.318220700773694	0	2;0;1;1;0;2;1;0;8;0	0	0	1.01870673178242		
chr19	46903878	46905092	-	mmuCirc_005024	Nt5c2	CTO:ANNOTATED:CDS	2	214	NM_029810:NR_028353:NM_001164365:NM_001164363	0	0	0	0	0	0.0327511113680254	0.0585734449204318	0	0.119332762790135	0.086016930138913	0;0;0;0;0;1;2;0;3;3	0	0	2.14498217458609		
chr19	47074813	47076132	+	mmuCirc_005025	Taf5	CTO:ANNOTATED:CDS	3	616	NM_177342	0	0	0	0.0769176527493725	0	0.0982533341040761	0.205007057221511	0.230875364935619	0.159110350386847	0.0573446200926087	0;0;0;4;0;3;7;7;4;2	0	0	2.50838489832122		
chr19	47283021	47314166	-	mmuCirc_005026	Sh3pxd2a	CTO:ANNOTATED:CDS	3	330	NM_001164717:NM_008018	0	0	0	0	0	0.0655022227360508	0	0.0329821949908028	0	0.086016930138913	0;0;0;0;0;2;0;1;0;3	0	0	1.96923076843915		hsaCirc_002474
chr19	47615196	47625484	+	mmuCirc_005027	Slk	CTO:ANNOTATED:CDS	8	2264	NM_001164639:NM_009289	0	0.0170667097749	0	0	0	0.0327511113680254	0	0	0.119332762790135	0.0286723100463043	0;1;0;0;0;1;0;0;3;1	0	0	1.14816032654016	rnoCirc_001321	
chr19	53620589	53621906	+	mmuCirc_005028	Smc3	CTO:ANNOTATED:CDS	2	294	NM_007790	0.0719658025702766	0	0	0.0576882395620293	0.0546803290450771	0.393013336416305	0.146433612301079	0.164910974954014	0.556886226353964	0.086016930138913	4;0;0;3;3;12;5;5;14;3	0	1	2.36613320218419		
chr19	53813248	53818020	+	mmuCirc_005029	Rbm20	CTO:ANNOTATED:CDS	4	1345	NM_001170847	0.0719658025702766	0.0682668390996	0	0.115376479124059	0.0364535526967181	0.491266670520381	0.0585734449204318	0.59367950983445	0.954662102321082	0.401412340648261	4;4;0;6;2;15;2;18;24;14	0	0	2.59890233984897	rnoCirc_001329	hsaCirc_002495
chr19	53813248	53834779	+	mmuCirc_005030	Rbm20	CTO:ANNOTATED:CDS	6	1621	NM_001170847	0.107948703855415	0.0512001293247	0.0370238421510704	0.0576882395620293	0.0911338817417952	0.524017781888406	0.146433612301079	0.527715119852844	0.755774164337523	0.430084650694565	6;3;2;3;5;16;5;16;19;15	0	1	2.38292762683315	rnoCirc_001330	hsaCirc_002496
chr19	53813248	53853635	+	mmuCirc_005031	Rbm20	CTO:ANNOTATED:CDS	11	3182	NM_001170847	0	0	0	0.0192294131873431	0.018226776348359	0.0327511113680254	0	0.0659643899816055	0.0795551751934235	0.086016930138913	0;0;0;1;1;1;0;2;2;3	0	0	1.57953510747991		
chr19	53832646	53843844	+	mmuCirc_005032	Rbm20	CTO:ANNOTATED:CDS	4	978	NM_001170847	0.0539743519277075	0.0341334195498	0.0740476843021408	0.0384588263746862	0.0364535526967181	0.163755556840127	0.292867224602159	0.626661704825252	0.397775875967117	0.229378480370435	3;2;4;2;2;5;10;19;10;8	0	0	2.3211267774833	rnoCirc_001333	
chr19	53850102	53853635	+	mmuCirc_005033	Rbm20	CTO:ANNOTATED:CDS	3	859	NM_001170847	0.0719658025702766	0.0682668390996	0.0185119210755352	0.153835305498745	0.0729071053934362	0.491266670520381	0.527161004283886	0.758590484788463	1.15355004030464	0.516101580833478	4;4;1;8;4;15;18;23;29;18	0	1	2.94562963099583		
chr19	53907449	53912925	+	mmuCirc_005034	Pdcd4	CTO:ANNOTATED:CDS:5UTR	4	619	NM_011050:NM_001168491:NM_001168492	0.0719658025702766	0.0512001293247	0.0185119210755352	0.0769176527493725	0.018226776348359	0.131004445472102	0.175720334761295	0.263857559926422	0.357998288370406	0.172033860277826	4;3;1;4;1;4;6;8;9;6	0	0	1.86966145589112	rnoCirc_001337	
chr19	53987454	53988383	+	mmuCirc_005035	Shoc2	CTO:ANNOTATED:CDS:5UTR	1	930	NM_001168505:NM_019658	0.0179914506425692	0.0170667097749	0.0370238421510704	0.0192294131873431	0.109360658090154	0.622271115992482	0.410014114443022	0.824554874770069	0.636441401547388	0.86016930138913	1;1;2;1;6;19;14;25;16;30	0	0	3.66704369514429	rnoCirc_001341	hsaCirc_002502
chr19	53987454	54003146	+	mmuCirc_005036	Shoc2	CTO:ANNOTATED:CDS:5UTR	2	1068	NM_001168505:NM_019658	0.0359829012851383	0.0170667097749	0	0	0	0.0982533341040761	0	0.131928779963211	0.0795551751934235	0.086016930138913	2;1;0;0;0;3;0;4;2;3	0	0	1.56714820008434	rnoCirc_001342	hsaCirc_002503
chr19	53987454	54017679	+	mmuCirc_005037	Shoc2	CTO:ANNOTATED:CDS:5UTR	3	1199	NM_001168505:NM_019658	0	0	0	0	0	0.0327511113680254	0	0.0989465849724082	0	0.0286723100463043	0;0;0;0;0;1;0;3;0;1	0	0	1.75151489464531	rnoCirc_001343	
chr19	55069217	55069344	-	mmuCirc_005038		NTO	1	128		0	0	0	0.0192294131873431	0	0.294760002312228	0.234293779681727	0.923501459742477	0.437553463563829	0.344067720555652	0;0;0;1;0;9;8;28;11;12	0	0	4.18692500508226		
chr19	55380942	55391868	+	mmuCirc_005039	Vti1a	CTO:ANNOTATED:CDS	3	184	NM_001293685:NM_001293686:NM_016862	0	0	0	0	0	0	0.0585734449204318	0.0329821949908028	0.0795551751934235	0.086016930138913	0;0;0;0;0;0;2;1;2;3	0	0	2.02531712706881	rnoCirc_001346	hsaCirc_002504
chr19	55498511	55499304	+	mmuCirc_005040	Vti1a	CTO:ANNOTATED:CDS	2	133	NM_001293685:NM_001293686:NM_016862	0	0	0	0	0	0	0.0878601673806477	0.0989465849724082	0	0.0573446200926087	0;0;0;0;0;0;3;3;0;2	0	0	2.31821105467057	rnoCirc_001347	
chr19	55908423	55912645	+	mmuCirc_005041	Tcf7l2	CTO:ANNOTATED:CDS	3	323	NM_001142918:NM_001142919:NM_001142920:NM_001142921:NM_001142922:NM_001142923:NM_009333:NM_001142924	0	0	0	0	0	0.0327511113680254	0.0878601673806477	0	0	0.0286723100463043	0;0;0;0;0;1;3;0;0;1	0	0	1.70446433666536	rnoCirc_001348	
chr19	56350289	56355586	-	mmuCirc_005042	Nrap	CTO:ANNOTATED:CDS	4	630	NM_001286552:NM_008733:NM_198059	0.0179914506425692	0.0170667097749	0.0185119210755352	0	0.0729071053934362	0.294760002312228	0	0.329821949908027	0.6762189891441	0.401412340648261	1;1;1;0;4;9;0;10;17;14	0	0	2.5292932517732		
chr19	56380206	56380313	-	mmuCirc_005043	Nrap	CTO:ANNOTATED:CDS	1	108	NM_001286552:NM_008733:NM_198059	0.0899572532128458	0.2048005172988	0.0185119210755352	0.153835305498745	0.0729071053934362	0	0.0292867224602159	0	0.23866552558027	0.143361550231522	5;12;1;8;4;0;1;0;6;5	0	1	-0.841195214838881	rnoCirc_001351	
chr19	56570416	56576284	+	mmuCirc_005044	Nhlrc2	CTO:ANNOTATED:CDS	3	708	NM_025811	0	0.0170667097749	0.0555357632266056	0.0384588263746862	0.0364535526967181	0.622271115992482	0.322153947062375	0.329821949908027	0.556886226353964	0.372740030601957	0;1;3;2;2;19;11;10;14;13	0	0	3.30483632078857	rnoCirc_001352	hsaCirc_002507
chr19	56574758	56576284	+	mmuCirc_005045	Nhlrc2	CTO:ANNOTATED:CDS	2	252	NM_025811	0.0359829012851383	0	0.0185119210755352	0.0576882395620293	0.0546803290450771	0.556768893256432	0.49787428182367	0.791572679779266	1.3524379782882	0.774152371250217	2;0;1;3;3;17;17;24;34;27	0	1	4.00206501688007	rnoCirc_001353	
chr19	56574817	56576284	+	mmuCirc_005046	Nhlrc2	CTO:ALT_ACCEPTOR:CDS	2	193	NM_025811	0	0.0170667097749	0	0.0192294131873431	0.0364535526967181	0.196506668208152	0.0878601673806477	0.329821949908027	0.119332762790135	0.286723100463044	0;1;0;1;2;6;3;10;3;10	0	0	2.67523641934002	rnoCirc_001354	
chr19	56790919	56792160	-	mmuCirc_005047	Ccdc186	ITO:ALT_DONOR:CDS	1	1242	NM_170757	0.0179914506425692	0	0	0	0	0.0327511113680254	0	0.0329821949908028	0.119332762790135	0.0286723100463043	1;0;0;0;0;1;0;1;3;1	0	0	1.49064954507654		
chr19	57037045	57037208	+	mmuCirc_005048	Ablim1	AS:CTO	1	164	NM_001103178:NM_001103177:NM_001290815:NM_001290816:NM_001290813:NM_178688	0	0	0	0	0	0	0	0.0989465849724082	0	0	0;0;0;0;0;0;0;3;0;0	0	0	2.57224194660756		
chr19	57037177	57049509	-	mmuCirc_005049	Ablim1	CTO:ALT_DONOR:CDS:3UTR	9	841	NM_001103178:NM_001103177:NM_001290815:NM_001290816:NM_001290813:NM_178688	0.0359829012851383	0	0	0	0	0.0655022227360508	0	0.0989465849724082	0	0	2;0;0;0;0;2;0;3;0;0	0	0	1.59160880797862		
chr19	57061253	57068937	-	mmuCirc_005050	Ablim1	CTO:ANNOTATED:CDS	4	400	NM_001103178:NM_001103177:NM_001290815:NM_001290816:NM_001290813:NM_178688	0.125940154497984	0.0341334195498	0.129583447528746	0.192294131873431	0.109360658090154	1.76856001387337	0.99574856364734	2.01191389443897	1.75021385425532	1.2902539520837	7;2;7;10;6;54;34;61;44;45	0	1	3.60184188810402	rnoCirc_001356	hsaCirc_002516
chr19	57061253	57083603	-	mmuCirc_005051	Ablim1	CTO:ANNOTATED:CDS:5UTR	8	679	NM_001103178:NM_001103177:NM_001290815:NM_001290816:NM_001290813:NM_178688	0	0	0	0	0	0.0655022227360508	0.0878601673806477	0.164910974954014	0.119332762790135	0	0;0;0;0;0;2;3;5;3;0	0	0	2.63406844415592		hsaCirc_002517
chr19	57132862	57134708	-	mmuCirc_005052	Ablim1	CTO:ANNOTATED:CDS	2	221	NM_001103177:NM_001290815:NM_001290816:NM_001290813:NM_178688	0.0359829012851383	0	0.0370238421510704	0.134605892311402	0.0729071053934362	0.622271115992482	0.585734449204318	0.857537069760872	1.07399486511122	0.286723100463044	2;0;2;7;4;19;20;26;27;10	0	1	3.38611509451	rnoCirc_001358	hsaCirc_002521
chr19	57132862	57155335	-	mmuCirc_005053	Ablim1	CTO:ANNOTATED:CDS	4	515	NM_001103177:NM_001290815:NM_001290816:NM_001290813:NM_178688	0	0	0	0	0	0.0327511113680254	0	0.0659643899816055	0.198887937983559	0.114689240185217	0;0;0;0;0;1;0;2;5;4	0	0	2.42665597446594	rnoCirc_001359	hsaCirc_002523
chr19	57132862	57173459	-	mmuCirc_005054	Ablim1	CTO:ANNOTATED:CDS	5	650	NM_001103177:NM_001290815:NM_001290816:NM_001290813:NM_178688	0.0179914506425692	0	0.0185119210755352	0.0961470659367156	0.018226776348359	0.163755556840127	0.146433612301079	0.197893169944816	0.318220700773694	0.143361550231522	1;0;1;5;1;5;5;6;8;5	0	0	2.29371706750471	rnoCirc_001360	hsaCirc_002524
chr19	57152273	57155335	-	mmuCirc_005055	Ablim1	CTO:ANNOTATED:CDS	2	294	NM_001103177:NM_001290815:NM_001290816:NM_001290813:NM_178688	0	0	0	0.0192294131873431	0	0	0	0.164910974954014	0.119332762790135	0	0;0;0;1;0;0;0;5;3;0	0	0	2.51864291189294	rnoCirc_001361	hsaCirc_002526
chr19	57152273	57173459	-	mmuCirc_005056	Ablim1	CTO:ANNOTATED:CDS	3	429	NM_001103177:NM_001290815:NM_001290816:NM_001290813:NM_178688	0	0.0341334195498	0.0185119210755352	0	0.0729071053934362	0.524017781888406	0.351440669522591	0.428768534880436	0.596663813950676	0.0573446200926087	0;2;1;0;4;16;12;13;15;2	0	0	3.15372821707331	rnoCirc_001362	hsaCirc_002528
chr19	57173325	57173459	-	mmuCirc_005057	Ablim1	CTO:ANNOTATED:CDS	1	135	NM_001103177:NM_001290815:NM_001290816:NM_001290813:NM_178688	0	0.0512001293247	0.0185119210755352	0.0192294131873431	0.018226776348359	0	0.0292867224602159	0.0329821949908028	0	0.0286723100463043	0;3;1;1;1;0;1;1;0;1	0	0	-0.173474085533764		
chr19	57378549	57379175	+	mmuCirc_005058	Fam160b1	CTO:ANNOTATED:CDS	2	491	NM_145505	0.0359829012851383	0.0512001293247	0.0740476843021408	0.0576882395620293	0.0911338817417952	0.327511113680254	0.468587559363454	1.02244804471489	1.63088109146518	0.630790821018696	2;3;4;3;5;10;16;31;41;22	0	1	3.16847938593605		
chr19	57458090	57472780	+	mmuCirc_005059	Trub1	CTO:ANNOTATED:CDS	3	237	NM_029839:NM_028115	0.0179914506425692	0	0	0.0769176527493725	0.0364535526967181	0.0327511113680254	0	0	0.0397775875967117	0.086016930138913	1;0;0;4;2;1;0;0;1;3	0	0	0.228510097426766		
chr19	57629085	57638580	+	mmuCirc_005060	Atrnl1	CTO:ANNOTATED:CDS	3	327	NM_181415	0.0179914506425692	0	0	0	0	0.0327511113680254	0.0878601673806477	0.0989465849724082	0.0795551751934235	0.0286723100463043	1;0;0;0;0;1;3;3;2;1	0	0	1.81509129406169	rnoCirc_001366	
chr19	57629085	57642628	+	mmuCirc_005061	Atrnl1	CTO:ANNOTATED:CDS	4	536	NM_181415	0.0539743519277075	0	0.0185119210755352	0.0576882395620293	0.0546803290450771	0.294760002312228	0.49787428182367	0.329821949908027	0.596663813950676	0.573446200926087	3;0;1;3;3;9;17;10;15;20	0	1	3.18919242401457	rnoCirc_001367	hsaCirc_002536
chr19	57629085	57657238	+	mmuCirc_005062	Atrnl1	CTO:ANNOTATED:CDS	8	1239	NM_181415	0.0179914506425692	0.0170667097749	0	0	0	0.229257779576178	0.175720334761295	0.164910974954014	0.6762189891441	0.0573446200926087	1;1;0;0;0;7;6;5;17;2	0	0	3.07920373431003	rnoCirc_001368	
chr19	57650258	57657238	+	mmuCirc_005063	Atrnl1	CTO:ANNOTATED:CDS	4	703	NM_181415	0	0	0	0.0769176527493725	0	0.131004445472102	0	0.131928779963211	0.119332762790135	0.172033860277826	0;0;0;4;0;4;0;4;3;6	0	0	2.40720859335397		
chr19	57751630	57755618	+	mmuCirc_005064	Atrnl1	CTO:ANNOTATED:CDS	3	332	NM_181415	0.125940154497984	0.0853335488745	0.0555357632266056	0.211523545060774	0.0729071053934362	1.17904000924891	1.05432200856777	1.84700291948495	2.0286569674323	0.688135441111304	7;5;3;11;4;36;36;56;51;24	1	1	3.41837063505595	rnoCirc_001374	hsaCirc_002539
chr19	57751630	57777945	+	mmuCirc_005065	Atrnl1	CTO:ANNOTATED:CDS	4	394	NM_181415	0.0539743519277075	0.0512001293247	0.0740476843021408	0.0769176527493725	0.109360658090154	0.917031118304711	0.702881339045181	1.02244804471489	1.03421727751451	0.659463131065	3;3;4;4;6;28;24;31;26;23	1	1	3.26270230953545		hsaCirc_002540
chr19	57751630	57797503	+	mmuCirc_005066	Atrnl1	CTO:ANNOTATED:CDS	5	473	NM_181415	0.0359829012851383	0	0.0555357632266056	0.0384588263746862	0.018226776348359	0.458515559152355	0.205007057221511	0.36280414489883	0.636441401547388	0.258050790416739	2;0;3;2;1;14;7;11;16;9	0	0	3.05612943040172	rnoCirc_001375	
chr19	58263912	58270163	-	mmuCirc_005067	Gfra1	CTO:ANNOTATED:CDS	3	427	NM_010279:NR_104342:NM_001285457	0.0179914506425692	0	0	0	0	0.0655022227360508	0.0585734449204318	0.164910974954014	0	0.0573446200926087	1;0;0;0;0;2;2;5;0;2	0	0	2.07609720851834		hsaCirc_002541
chr19	59305158	59315360	-	mmuCirc_005068	Pdzd8	CTO:ANNOTATED:CDS	2	266	NM_001033222	0	0	0	0	0	0	0.0292867224602159	0.0659643899816055	0.0795551751934235	0.086016930138913	0;0;0;0;0;0;1;2;2;3	0	0	2.0316643212471		
chr19	59935606	59937430	-	mmuCirc_005069	Rab11fip2	CTO:ANNOTATED:CDS:5UTR	2	912	NM_001033172:NM_001164367	0.0539743519277075	0	0.0185119210755352	0	0	0.0982533341040761	0.0585734449204318	0.0329821949908028	0.0397775875967117	0	3;0;1;0;0;3;2;1;1;0	0	0	1.17265820432853	rnoCirc_001378	
chr19	60212673	60221304	-	mmuCirc_005070	Fam204a	CTO:ANNOTATED:CDS:5UTR	5	560	NM_029648	0.0179914506425692	0	0.0185119210755352	0	0	0.196506668208152	0.0585734449204318	0.197893169944816	0.318220700773694	0.0573446200926087	1;0;1;0;0;6;2;6;8;2	0	0	2.60322890995433	rnoCirc_001379	
chr19	60543010	60564294	-	mmuCirc_005071	Cacul1	CTO:ANNOTATED:CDS	4	429	NM_001172096:NM_001172097:NM_030197	0.0719658025702766	0.0170667097749	0	0.0769176527493725	0.0911338817417952	0.327511113680254	0.439300836903238	0.626661704825252	1.03421727751451	0.258050790416739	4;1;0;4;5;10;15;19;26;9	0	1	3.06607822351512	rnoCirc_001380	hsaCirc_002546
chr19	60563162	60564294	-	mmuCirc_005072	Cacul1	CTO:ANNOTATED:CDS	2	230	NM_001172096:NM_001172097:NM_030197	0.0359829012851383	0	0.0185119210755352	0	0.018226776348359	0	0.0292867224602159	0.0659643899816055	0.119332762790135	0.0286723100463043	2;0;1;0;1;0;1;2;3;1	0	0	0.824725438587666	rnoCirc_001381	hsaCirc_002548
chr19	60764032	60764233	-	mmuCirc_005073	Eif3a	CTO:ANNOTATED:CDS	1	202	NM_010123	0.0359829012851383	0.0341334195498	0.0555357632266056	0.0769176527493725	0.0546803290450771	0.622271115992482	0.527161004283886	0.659643899816055	1.11377245270793	0.229378480370435	2;2;3;4;3;19;18;20;28;8	0	1	3.06296202928273		hsaCirc_002549
chr19	60838738	60844294	-	mmuCirc_005074	Sfxn4	CTO:ALT_DONOR:CDS:3UTR	3	517	NM_053198	0	0	0	0	0	0.0655022227360508	0.0878601673806477	0.0329821949908028	0.0795551751934235	0	0;0;0;0;0;2;3;1;2;0	0	0	2.06201403141895		
chr19	60987702	60988920	+	mmuCirc_005075	Grk5	CTO:ALT_DONOR:CDS	1	1219	NM_018869	0	0	0	0	0	0	0.0292867224602159	0.0989465849724082	0	0.114689240185217	0;0;0;0;0;0;1;3;0;4	0	0	2.20833456373871		
chr19	60987702	61046154	+	mmuCirc_005076	Grk5	CTO:ANNOTATED:CDS	3	287	NM_018869	0	0	0	0	0	0.0327511113680254	0	0	0.0397775875967117	0.086016930138913	0;0;0;0;0;1;0;0;1;3	0	0	1.79500964381429		
chr2	3304812	3316248	+	mmuCirc_005077	Nmt2	CTO:ANNOTATED:CDS	9	982	NM_001290368:NM_001290369:NM_001290370:NM_008708	0.0359829012851383	0	0	0	0.018226776348359	0.0982533341040761	0.0292867224602159	0.164910974954014	0.119332762790135	0.114689240185217	2;0;0;0;1;3;1;5;3;4	0	0	2.04124449591565		
chr2	3433747	3437090	+	mmuCirc_005078	Dclre1c	CTO:ANNOTATED:CDS	3	218	NM_146114:NM_001110214:NM_175683	0	0	0	0	0	0	0	0	0.159110350386847	0	0;0;0;0;0;0;0;0;4;0	0	0	3.16277680474228		
chr2	3772796	3772979	+	mmuCirc_005079	Fam107b	CTO:ANNOTATED:CDS:5UTR	1	184	NM_025626	0	0	0	0	0	0	0	0	0.119332762790135	0.0286723100463043	0;0;0;0;0;0;0;0;3;1	0	0	2.04178193859134		
chr2	4744219	4763303	+	mmuCirc_005080	Bend7	CTO:ANNOTATED:CDS	4	924	NM_001190400:NM_178663	0	0	0	0	0.0364535526967181	0.0655022227360508	0.0292867224602159	0.0329821949908028	0.0397775875967117	0.20070617032413	0;0;0;0;2;2;1;1;1;7	0	0	1.66985278911351	rnoCirc_005202	