chr4	9604516	9610938	-	mmuCirc_006421	Asph	CTO:ANNOTATED:CDS	3	285	NM_001177849:NM_023066:NM_001290367:NM_001177852:NM_001177853:NM_001177854:NM_001177850:NM_001177851	0	0	0	0	0.018226776348359	0.163755556840127	0	0.0329821949908028	0	0	0;0;0;0;1;5;0;1;0;0	0	0	1.22354668132933	rnoCirc_009360	
chr4	9630773	9639347	-	mmuCirc_006422	Asph	CTO:ALT_DONOR:CDS:5UTR	4	444	NM_001177849:NM_023066:NM_001290367:NM_001177852:NM_001177853:NM_001177854:NM_001177850:NM_001177851:NM_133723:NM_001177855:NM_001177856	0.107948703855415	0	0.0185119210755352	0.0384588263746862	0.0364535526967181	0.229257779576178	0.292867224602159	0.395786339889633	0.596663813950676	0.114689240185217	6;0;1;2;2;7;10;12;15;4	0	0	2.60310134757854		hsaCirc_015042
chr4	11059012	11070322	-	mmuCirc_006423	Ndufaf6	CTO:ANNOTATED:CDS	5	519	NM_001085493	0	0	0	0	0	0.0982533341040761	0.0292867224602159	0.0989465849724082	0.0795551751934235	0	0;0;0;0;0;3;1;3;2;0	0	0	2.18818656533916	rnoCirc_009361	
chr4	11193926	11199431	+	mmuCirc_006424	Ccne2	CTO:ANNOTATED:CDS	5	666	NM_001037134:NM_001282943:NM_009830	0	0	0	0.0576882395620293	0	0.0327511113680254	0	0.0329821949908028	0.119332762790135	0	0;0;0;3;0;1;0;1;3;0	0	0	1.21582517064817		
chr4	11193926	11201416	+	mmuCirc_006425	Ccne2	CTO:ANNOTATED:CDS	6	778	NM_001037134:NM_001282943:NM_009830	0	0	0	0	0	0	0.0585734449204318	0.131928779963211	0.159110350386847	0.0286723100463043	0;0;0;0;0;0;2;4;4;1	0	0	2.33631078714724		
chr4	11218612	11219926	-	mmuCirc_006426	Ints8	CTO:ANNOTATED:CDS	3	153	NM_178112:NM_001159595	0	0.0170667097749	0	0.0576882395620293	0.0546803290450771	0.327511113680254	0.205007057221511	0.0329821949908028	0.556886226353964	0.143361550231522	0;1;0;3;3;10;7;1;14;5	0	1	2.42961121562009		
chr4	11221113	11248311	-	mmuCirc_006427	Ints8	CTO:ANNOTATED:CDS	15	1956	NM_178112:NM_001159595	0	0	0	0	0	0	0	0	0	0.086016930138913	0;0;0;0;0;0;0;0;0;3	0	0	2.40622276606355		
chr4	11230333	11231723	-	mmuCirc_006428	Ints8	CTO:ANNOTATED:CDS	2	247	NM_178112:NM_001159595	0	0	0	0.0192294131873431	0	0.0982533341040761	0.0292867224602159	0.0329821949908028	0.0795551751934235	0	0;0;0;1;0;3;1;1;2;0	0	0	1.65351904345822		
chr4	11239307	11248311	-	mmuCirc_006429	Ints8	CTO:ANNOTATED:CDS	6	712	NM_178112:NM_001159595	0	0.0170667097749	0	0	0	0.0982533341040761	0.0292867224602159	0.164910974954014	0.0397775875967117	0	0;1;0;0;0;3;1;5;1;0	0	0	1.94081189179593		
chr4	11245724	11246146	-	mmuCirc_006430	Ints8	CTO:ANNOTATED:CDS	2	235	NM_178112:NM_001159595	0.0179914506425692	0.0170667097749	0	0.0384588263746862	0.018226776348359	0.0982533341040761	0.0292867224602159	0.395786339889633	0.278443113176982	0.0286723100463043	1;1;0;2;1;3;1;12;7;1	0	0	1.82549209876249	rnoCirc_009371	hsaCirc_015196
chr4	11285054	11304390	-	mmuCirc_006431	Dpy19l4	CTO:ANNOTATED:CDS	10	1202	NM_001081201	0.0719658025702766	0	0	0	0	0.0982533341040761	0	0.0329821949908028	0.159110350386847	0.0286723100463043	4;0;0;0;0;3;0;1;4;1	0	0	1.55352428169614		
chr4	11494764	11508179	+	mmuCirc_006432	1110037F02Rik	CTO:ANNOTATED:CDS	6	817	NM_001081183	0.0539743519277075	0	0.0370238421510704	0.0192294131873431	0	0.229257779576178	0.117146889840864	0.0659643899816055	0.0397775875967117	0.0573446200926087	3;0;2;1;0;7;4;2;1;2	0	0	1.53626705067598		
chr4	11544831	11546300	+	mmuCirc_006433	1110037F02Rik	CTO:ANNOTATED:CDS	2	499	NM_001081183	0	0	0	0	0	0	0.0878601673806477	0.0659643899816055	0.0397775875967117	0.0573446200926087	0;0;0;0;0;0;3;2;1;2	0	0	2.01643376328256		
chr4	13835633	13841887	+	mmuCirc_006434	Runx1t1	CTO:ANNOTATED:CDS	3	470	NM_001111026:NM_001111027:NM_009822	0	0	0	0	0	0	0	0	0.119332762790135	0	0;0;0;0;0;0;0;0;3;0	0	0	2.80046262890159		
chr4	13835633	13846957	+	mmuCirc_006435	Runx1t1	CTO:ANNOTATED:CDS	4	652	NM_001111026:NM_001111027:NM_009822	0.0719658025702766	0	0.0370238421510704	0.0192294131873431	0.109360658090154	0.360262225048279	0.146433612301079	0.59367950983445	0.636441401547388	0.430084650694565	4;0;2;1;6;11;5;18;16;15	0	0	2.8792008844906	rnoCirc_009377	hsaCirc_015173
chr4	13859811	13866032	+	mmuCirc_006436	Runx1t1	CTO:ANNOTATED:CDS	3	539	NM_001111026:NM_001111027:NM_009822	0.0179914506425692	0	0.0185119210755352	0	0	0.0655022227360508	0.0292867224602159	0.0329821949908028	0.0795551751934235	0.086016930138913	1;0;1;0;0;2;1;1;2;3	0	0	1.53068155489202		hsaCirc_015166
chr4	13875477	13881240	+	mmuCirc_006437	Runx1t1	CTO:ANNOTATED:CDS	2	260	NM_001111026:NM_001111027:NM_009822	0	0	0	0.0192294131873431	0	0.0982533341040761	0.0585734449204318	0.0329821949908028	0	0.0286723100463043	0;0;0;1;0;3;2;1;0;1	0	0	1.25090477538302		hsaCirc_015161
chr4	14703886	14775083	-	mmuCirc_006438	Lrrc69	CTO:ANNOTATED:CDS	6	750	NM_028499	0.0179914506425692	0	0	0	0	0.131004445472102	0	0.164910974954014	0.119332762790135	0.0286723100463043	1;0;0;0;0;4;0;5;3;1	0	0	2.32079178603015		
chr4	14756773	14775083	-	mmuCirc_006439	Lrrc69	CTO:ANNOTATED:CDS	4	468	NM_028499	0	0	0.0185119210755352	0.0192294131873431	0.018226776348359	0.196506668208152	0.0878601673806477	0.230875364935619	0.198887937983559	0.114689240185217	0;0;1;1;1;6;3;7;5;4	0	0	2.57363751854408		
chr4	16151917	16158430	-	mmuCirc_006440	Ripk2	CTO:ANNOTATED:CDS	3	468	NM_138952	0.0179914506425692	0.0170667097749	0.0185119210755352	0.0384588263746862	0.018226776348359	0.524017781888406	0.49787428182367	0.758590484788463	0.91488451472437	0.573446200926087	1;1;1;2;1;16;17;23;23;20	0	0	3.98751159213506	rnoCirc_009382	
chr4	19580390	19595159	+	mmuCirc_006441	Rmdn1	CTO:ANNOTATED:CDS	4	456	NM_025476	0	0	0	0.0192294131873431	0	0.131004445472102	0.0585734449204318	0.0659643899816055	0.0397775875967117	0	0;0;0;1;0;4;2;2;1;0	0	0	1.90049225301937		hsaCirc_015140
chr4	19586776	19595159	+	mmuCirc_006442	Rmdn1	CTO:ANNOTATED:CDS	3	338	NM_025476	0.0179914506425692	0.0170667097749	0	0	0	0.163755556840127	0	0.131928779963211	0.159110350386847	0.0286723100463043	1;1;0;0;0;5;0;4;4;1	0	0	1.75102368945968		
chr4	21759370	21759793	-	mmuCirc_006443	Tstd3	CTO:ANNOTATED:CDS	2	331	NM_029840	0	0	0.0185119210755352	0	0	0.163755556840127	0.0292867224602159	0	0	0.114689240185217	0;0;1;0;0;5;1;0;0;4	0	0	1.57679315685746		hsaCirc_013484
chr4	21860820	21869615	+	mmuCirc_006444	Pnisr	CTO:ANNOTATED:CDS	4	601	NM_025669	0.0179914506425692	0	0	0	0.018226776348359	0.0655022227360508	0.175720334761295	0.197893169944816	0	0.0573446200926087	1;0;0;0;1;2;6;6;0;2	0	0	2.2308188365941		
chr4	21860878	21869615	+	mmuCirc_006445	Pnisr	CTO:ALT_ACCEPTOR:CDS	4	543	NM_025669	0.0179914506425692	0	0.0185119210755352	0	0	0.0655022227360508	0	0.0989465849724082	0.0397775875967117	0.0573446200926087	1;0;1;0;0;2;0;3;1;2	0	0	1.58203240060405		
chr4	21892809	21900506	+	mmuCirc_006446	Coq3	CTO:ANNOTATED:CDS	4	623	NM_172687	0.0359829012851383	0.0512001293247	0.0185119210755352	0.0192294131873431	0	0.0655022227360508	0.117146889840864	0.263857559926422	0.198887937983559	0.229378480370435	2;3;1;1;0;2;4;8;5;8	0	0	2.11179716889049	rnoCirc_009394	
chr4	22375661	22403745	+	mmuCirc_006447	Fbxl4	CTO:ANNOTATED:CDS:5UTR	5	1497	NM_172988:NR_104378:NR_104379:NR_104380	0	0	0	0	0	0	0.0292867224602159	0.0329821949908028	0.119332762790135	0.0286723100463043	0;0;0;0;0;0;1;1;3;1	0	0	1.69756763427123		
chr4	22376496	22403745	+	mmuCirc_006448	Fbxl4	CTO:ANNOTATED:CDS:5UTR	4	1387	NM_172988:NR_104378:NR_104379:NR_104380	0	0	0	0	0	0.0327511113680254	0	0	0.159110350386847	0	0;0;0;0;0;1;0;0;4;0	0	0	2.28098914689479		
chr4	22385907	22390921	+	mmuCirc_006449	Fbxl4	CTO:ANNOTATED:CDS	2	591	NM_172988:NR_104378:NR_104379:NR_104380	0.0179914506425692	0	0	0	0	0	0	0.0659643899816055	0.0397775875967117	0.114689240185217	1;0;0;0;0;0;0;2;1;4	0	0	1.37730793362717		
chr4	22385907	22403745	+	mmuCirc_006450	Fbxl4	CTO:ANNOTATED:CDS	3	805	NM_172988:NR_104378:NR_104379:NR_104380	0	0	0.0370238421510704	0	0.018226776348359	0.131004445472102	0.0292867224602159	0.131928779963211	0.23866552558027	0.0573446200926087	0;0;2;0;1;4;1;4;6;2	0	0	2.0682418958647		hsaCirc_013475
chr4	24617295	24650266	-	mmuCirc_006451	Klhl32	CTO:ALT_DONOR:CDS:3UTR	5	1326	NM_001033531:NM_001163020	0	0	0	0	0	0	0	0.131928779963211	0	0	0;0;0;0;0;0;0;4;0;0	0	0	2.92532328123365		
chr4	31507508	31512064	-	mmuCirc_006452		NTO	1	4557		0	0	0	0.0192294131873431	0	0	0.0292867224602159	0.0989465849724082	0	0	0;0;0;1;0;0;1;3;0;0	0	0	0.967168412447473		
chr4	32002089	32010421	+	mmuCirc_006453	Map3k7	CTO:ANNOTATED:CDS	2	171	NM_009316:NM_172688	0	0	0.0185119210755352	0	0	0.0982533341040761	0.0585734449204318	0	0.0397775875967117	0	0;0;1;0;0;3;2;0;1;0	0	0	1.29303758888587		
chr4	32624084	32634883	+	mmuCirc_006454	Casp8ap2	CTO:ANNOTATED:CDS:5UTR	5	444	NM_001122978:NM_011997	0	0	0.0185119210755352	0.0192294131873431	0	0.0327511113680254	0.205007057221511	0.164910974954014	0.0397775875967117	0	0;0;1;1;0;1;7;5;1;0	0	0	1.94055565407342	rnoCirc_009412	hsaCirc_013459
chr4	32683543	32686424	+	mmuCirc_006455	Mdn1	CTO:ANNOTATED:CDS	4	555	NM_001081392	0	0	0	0	0	0	0	0.0989465849724082	0	0	0;0;0;0;0;0;0;3;0;0	0	0	2.57224194660756		
chr4	32691714	32695565	+	mmuCirc_006456	Mdn1	CTO:ANNOTATED:CDS	4	651	NM_001081392	0	0	0	0	0	0	0	0.164910974954014	0.0397775875967117	0	0;0;0;0;0;0;0;5;1;0	0	0	2.39418181312906		
chr4	33320519	33325147	+	mmuCirc_006457	Rngtt	CTO:ANNOTATED:CDS	3	303	NM_011884	0	0	0.0370238421510704	0.0192294131873431	0	0.0655022227360508	0.117146889840864	0.131928779963211	0.0397775875967117	0	0;0;2;1;0;2;4;4;1;0	0	0	1.7237597199616		hsaCirc_013444
chr4	33320519	33331082	+	mmuCirc_006458	Rngtt	CTO:ANNOTATED:CDS	5	620	NM_011884	0	0	0.0555357632266056	0	0.0364535526967181	0.0655022227360508	0.146433612301079	0.263857559926422	0.119332762790135	0.143361550231522	0;0;3;0;2;2;5;8;3;5	0	0	2.27923340991116		hsaCirc_013442
chr4	33320519	33339092	+	mmuCirc_006459	Rngtt	CTO:ANNOTATED:CDS	7	832	NM_011884	0.0179914506425692	0.0170667097749	0	0.0192294131873431	0	0.229257779576178	0	0	0.0795551751934235	0.0286723100463043	1;1;0;1;0;7;0;0;2;1	0	0	1.11260739374868	rnoCirc_009416	hsaCirc_013441
chr4	33320519	33356196	+	mmuCirc_006460	Rngtt	CTO:ANNOTATED:CDS	8	968	NM_011884	0.0179914506425692	0	0	0	0	0.0982533341040761	0	0.0659643899816055	0.159110350386847	0.086016930138913	1;0;0;0;0;3;0;2;4;3	0	0	2.32771822134219		
chr4	33320519	33362951	+	mmuCirc_006461	Rngtt	CTO:ANNOTATED:CDS	9	1040	NM_011884	0.0179914506425692	0	0	0	0	0.0327511113680254	0	0.131928779963211	0.0397775875967117	0	1;0;0;0;0;1;0;4;1;0	0	0	1.65948488218787		
chr4	34562312	34566005	+	mmuCirc_006462	Akirin2	CTO:ANNOTATED:CDS	3	366	NM_001007589	0	0	0	0.0384588263746862	0	0.0327511113680254	0.0292867224602159	0.296839754917225	0.198887937983559	0.086016930138913	0;0;0;2;0;1;1;9;5;3	0	0	2.1994008894097		
chr4	34584804	34587082	-	mmuCirc_006463	Orc3	CTO:ANNOTATED:CDS	4	395	NM_001159563:NM_015824	0	0	0	0	0	0.0327511113680254	0	0.0989465849724082	0.0795551751934235	0	0;0;0;0;0;1;0;3;2;0	0	0	2.09564658313634		
chr4	34618554	34633713	+	mmuCirc_006464	Rars2	CTO:ANNOTATED:CDS	5	415	NM_181406	0	0	0	0.0384588263746862	0.018226776348359	0.0655022227360508	0.0585734449204318	0.164910974954014	0.198887937983559	0.086016930138913	0;0;0;2;1;2;2;5;5;3	0	0	2.13102031939992		
chr4	34839332	34839986	-	mmuCirc_006465	Zfp292	CTO:ANNOTATED:CDS	3	370	NM_013889	0.0719658025702766	0.0512001293247	0.0740476843021408	0.153835305498745	0.0546803290450771	1.21179112061694	0.849314951346261	1.48419877458612	2.54576560618955	0.888841611435435	4;3;4;8;3;37;29;45;64;31	1	1	3.76834551408348	rnoCirc_009421	hsaCirc_013423
chr4	34839332	34848032	-	mmuCirc_006466	Zfp292	CTO:ALT_ACCEPTOR:CDS	3	8416	NM_013889	0.0179914506425692	0	0.0370238421510704	0	0.018226776348359	0.0982533341040761	0.0292867224602159	0.263857559926422	0.198887937983559	0.114689240185217	1;0;2;0;1;3;1;8;5;4	0	0	2.10479258373847		
chr4	34839332	34848035	-	mmuCirc_006467	Zfp292	CTO:ALT_ACCEPTOR:CDS	3	8419	NM_013889	0.0179914506425692	0	0	0	0	0.0982533341040761	0.0292867224602159	0.0659643899816055	0.0795551751934235	0.086016930138913	1;0;0;0;0;3;1;2;2;3	0	0	1.95295828803146		
chr4	35083770	35084389	-	mmuCirc_006468	Mob3b	CTO:ANNOTATED:CDS:5UTR	1	620	NM_178061	0	0	0	0	0	0	0.0292867224602159	0.164910974954014	0.0795551751934235	0	0;0;0;0;0;0;1;5;2;0	0	0	2.27515143648562	rnoCirc_009423	hsaCirc_015586
chr4	38683002	38709267	-	mmuCirc_006469		NTO	1	26266		0.0359829012851383	0	0	0	0	0.0327511113680254	0	0.131928779963211	0.198887937983559	0.086016930138913	2;0;0;0;0;1;0;4;5;3	0	0	2.17447045778909		
chr4	38683002	38724490	-	mmuCirc_006470		NTO	1	41489		0.0179914506425692	0	0.0185119210755352	0	0	0.393013336416305	0.0292867224602159	0.131928779963211	0.318220700773694	0.0573446200926087	1;0;1;0;0;12;1;4;8;2	0	0	2.55097058028059		
chr4	40163719	40167191	+	mmuCirc_006471	Aco1	CTO:ANNOTATED:CDS:5UTR	3	434	NM_007386	0.0539743519277075	0	0.0185119210755352	0.0576882395620293	0	0.360262225048279	0.175720334761295	0.36280414489883	0.437553463563829	0.20070617032413	3;0;1;3;0;11;6;11;11;7	0	0	2.99761520782565		
chr4	40163719	40197663	+	mmuCirc_006472	Aco1	CTO:ALT_DONOR:CDS:5UTR	20	2696	NM_007386	0	0	0	0	0.0364535526967181	0	0	0.131928779963211	0.119332762790135	0.0286723100463043	0;0;0;0;2;0;0;4;3;1	0	0	1.83727426128486		
chr4	40806987	40823674	-	mmuCirc_006473	B4galt1	CTO:ALT_DONOR:CDS:3UTR	5	983	NM_022305	0	0	0.0185119210755352	0	0	0.0655022227360508	0	0.0989465849724082	0.0397775875967117	0	0;0;1;0;0;2;0;3;1;0	0	0	1.76750115257638		
chr4	40807251	40807786	-	mmuCirc_006474	B4galt1	CTO:ALT_DONOR:ALT_ACCEPTOR:CDS	2	121	NM_022305	0.0359829012851383	0.0170667097749	0	0.0576882395620293	0	0	0	0	0	0.086016930138913	2;1;0;3;0;0;0;0;0;3	0	0	-0.481645942478587		
chr4	40939077	40943707	-	mmuCirc_006475	Bag1	CTO:ANNOTATED:CDS	3	305	NM_001171739:NM_009736	0	0	0	0.0192294131873431	0	0.0982533341040761	0.117146889840864	0	0.0397775875967117	0	0;0;0;1;0;3;4;0;1;0	0	0	1.98304262570845		
chr4	41136196	41174105	+	mmuCirc_006476	Ube2r2	CTO:ALT_DONOR:ALT_ACCEPTOR:CDS	2	116	NM_026275	0.107948703855415	0.0512001293247	0.111071526453211	0.0576882395620293	0.0729071053934362	0.0327511113680254	0	0.0659643899816055	0	0.0573446200926087	6;3;6;3;4;1;0;2;0;2	1	1	-1.18817989205209		
chr4	41174041	41189286	+	mmuCirc_006477	Ube2r2	CTO:ANNOTATED:CDS	3	320	NM_026275	0	0	0	0	0	0	0	0	0.119332762790135	0.0573446200926087	0;0;0;0;0;0;0;0;3;2	0	0	2.37588178681901		hsaCirc_015603
chr4	41209353	41229848	-	mmuCirc_006478	Ubap2	CTO:ANNOTATED:CDS	9	985	NM_026872	0	0	0	0	0	0	0.0292867224602159	0.0329821949908028	0.159110350386847	0	0;0;0;0;0;0;1;1;4;0	0	0	1.95649448821484		
chr4	41216566	41229848	-	mmuCirc_006479	Ubap2	CTO:ANNOTATED:CDS	7	578	NM_026872	0	0.0170667097749	0	0.0192294131873431	0	0.0982533341040761	0.146433612301079	0.0659643899816055	0.119332762790135	0.0573446200926087	0;1;0;1;0;3;5;2;3;2	0	0	2.12282535842984		
chr4	41221556	41227276	-	mmuCirc_006480	Ubap2	CTO:ANNOTATED:CDS	4	303	NM_026872	0	0.0170667097749	0	0	0.018226776348359	0	0.0878601673806477	0	0.0397775875967117	0.0573446200926087	0;1;0;0;1;0;3;0;1;2	0	0	1.37909609678975		
chr4	41226280	41229848	-	mmuCirc_006481	Ubap2	CTO:ANNOTATED:CDS	3	287	NM_026872	0.0359829012851383	0	0	0.0192294131873431	0.0546803290450771	0.229257779576178	0.146433612301079	0.395786339889633	0.23866552558027	0.172033860277826	2;0;0;1;3;7;5;12;6;6	0	0	2.73457328023594		
chr4	43087903	43097022	+	mmuCirc_006482	Unc13b	CTO:ANNOTATED:CDS	4	372	NM_001081413:NM_021468	0	0	0	0	0	0.0982533341040761	0.0878601673806477	0	0.0795551751934235	0.0286723100463043	0;0;0;0;0;3;3;0;2;1	0	0	2.14837419748031		
chr4	43087903	43101874	+	mmuCirc_006483	Unc13b	CTO:ANNOTATED:CDS	5	446	NM_001081413:NM_021468	0.0179914506425692	0.0170667097749	0	0.0384588263746862	0.018226776348359	0.229257779576178	0.0878601673806477	0.461750729871238	0.437553463563829	0.114689240185217	1;1;0;2;1;7;3;14;11;4	0	0	2.72609993994901		hsaCirc_015629
chr4	43922812	43931060	+	mmuCirc_006484	Reck	CTO:ANNOTATED:CDS	6	975	NM_016678	0	0	0	0.0192294131873431	0.018226776348359	0.0327511113680254	0.0292867224602159	0.197893169944816	0.357998288370406	0	0;0;0;1;1;1;1;6;9;0	0	0	1.69594762051943		
chr4	43968112	43970577	+	mmuCirc_006485	Glipr2	CTO:ANNOTATED:CDS	3	291	NM_027450	0	0	0	0	0	0.0982533341040761	0	0	0.119332762790135	0	0;0;0;0;0;3;0;0;3;0	0	0	2.68213579205993		
chr4	44018813	44019991	+	mmuCirc_006486	Clta	CTO:ANNOTATED:CDS	2	156	NM_001080384:NM_001080385:NM_001080386:NM_016760:NM_001290470	0	0	0	0.0192294131873431	0	0.0655022227360508	0.117146889840864	0.0329821949908028	0	0	0;0;0;1;0;2;4;1;0;0	0	0	1.32679594620724	rnoCirc_009447	
chr4	44025449	44025560	+	mmuCirc_006487	Clta	CTO:ANNOTATED:CDS	1	112	NM_001080384:NM_001080385:NM_001080386:NM_016760:NM_001290470	0	0	0	0	0	0	0.117146889840864	0.0329821949908028	0.0795551751934235	0	0;0;0;0;0;0;4;1;2;0	0	0	2.16621797616553		