chr10	70004657	70004772	-	mmuCirc_000994	Ank3	AS:CTO	1	116	NM_146005:NM_170688:NM_170689:NM_170690:NM_170728:NM_170729:NM_170730:NM_009670:NM_170687	0.0899572532128458	0	0.0370238421510704	0	0	0	0.0292867224602159	0.0989465849724082	0.0795551751934235	0.0573446200926087	5;0;2;0;0;0;1;3;2;2	0	0	0.83396042687889		
chr10	70142579	70154836	+	mmuCirc_000995	Ccdc6	CTO:ANNOTATED:CDS	2	279	NM_001111121	0	0.0170667097749	0.0185119210755352	0.0576882395620293	0.127587434438513	0.0982533341040761	0.205007057221511	0.197893169944816	0.596663813950676	0.114689240185217	0;1;1;3;7;3;7;6;15;4	0	1	2.1045215988858	rnoCirc_007289	hsaCirc_002105
chr10	70154708	70169252	+	mmuCirc_000996	Ccdc6	CTO:ANNOTATED:CDS	3	394	NM_001111121	0.0179914506425692	0	0	0	0	0	0.0292867224602159	0.0989465849724082	0.23866552558027	0.0286723100463043	1;0;0;0;0;0;1;3;6;1	0	0	1.58477666457036		
chr10	70154708	70175167	+	mmuCirc_000997	Ccdc6	CTO:ANNOTATED:CDS	4	551	NM_001111121	0.0359829012851383	0.0170667097749	0.0370238421510704	0.0384588263746862	0	0.163755556840127	0.175720334761295	0.0989465849724082	0.159110350386847	0.143361550231522	2;1;2;2;0;5;6;3;4;5	0	0	1.9642713203412		
chr10	70154708	70182260	+	mmuCirc_000998	Ccdc6	CTO:ANNOTATED:CDS	5	652	NM_001111121	0	0	0	0	0.018226776348359	0	0.117146889840864	0	0.119332762790135	0.0573446200926087	0;0;0;0;1;0;4;0;3;2	0	0	2.19827667698574		
chr10	70167002	70175167	+	mmuCirc_000999	Ccdc6	CTO:ANNOTATED:CDS	3	422	NM_001111121	0	0	0	0.0192294131873431	0	0.0327511113680254	0.117146889840864	0	0.0795551751934235	0.086016930138913	0;0;0;1;0;1;4;0;2;3	0	0	1.98165870361001	rnoCirc_007287	
chr10	70448758	70477272	+	mmuCirc_001000	Fam13c	CTO:ANNOTATED:CDS:5UTR	3	378	NM_001143777:NM_001143776:NM_024244	0	0	0	0	0	0	0	0	0	0.086016930138913	0;0;0;0;0;0;0;0;0;3	0	0	2.40622276606355		
chr10	70498886	70520925	+	mmuCirc_001001	Fam13c	CTO:ANNOTATED:CDS	2	212	NM_001143777:NM_001143776:NM_024244	0	0	0	0	0	0.163755556840127	0.0292867224602159	0.0989465849724082	0.0795551751934235	0	0;0;0;0;0;5;1;3;2;0	0	0	2.3471633198246		
chr10	70534684	70536504	+	mmuCirc_001002	Fam13c	CTO:ANNOTATED:CDS	2	350	NM_001143777:NM_001143776:NM_024244	0	0	0.0185119210755352	0	0	0.0327511113680254	0	0.0989465849724082	0.0795551751934235	0	0;0;1;0;0;1;0;3;2;0	0	0	1.78054488635675	rnoCirc_007286	
chr10	71027898	71079236	-	mmuCirc_001003	Bicc1	CTO:ANNOTATED:CDS	2	117	NM_031397	0	0	0	0	0	0.0655022227360508	0.117146889840864	0.0989465849724082	0.159110350386847	0.0286723100463043	0;0;0;0;0;2;4;3;4;1	0	0	2.37834638507521		
chr10	71363450	71376786	+	mmuCirc_001004	Ipmk	CTO:ANNOTATED:CDS	4	438	NM_027184	0	0	0	0	0	0	0.0292867224602159	0.0659643899816055	0.119332762790135	0	0;0;0;0;0;0;1;2;3;0	0	0	2.06846694469076		
chr10	75248437	75279961	+	mmuCirc_001005	Specc1l	CTO:ANNOTATED:CDS	9	1149	NM_153406:NM_001145826	0	0	0.0185119210755352	0	0.018226776348359	0.0982533341040761	0	0	0	0.0573446200926087	0;0;1;0;1;3;0;0;0;2	0	0	0.878407088772759		
chr10	75257868	75263370	+	mmuCirc_001006	Specc1l	CTO:ANNOTATED:CDS	4	506	NM_153406:NM_001145826	0.0179914506425692	0	0	0	0	0.196506668208152	0	0.0329821949908028	0	0	1;0;0;0;0;6;0;1;0;0	0	0	1.95808618414644		hsaCirc_009763
chr10	75257868	75267589	+	mmuCirc_001007	Specc1l	CTO:ANNOTATED:CDS	5	597	NM_153406:NM_001145826	0	0	0	0	0.018226776348359	0.0655022227360508	0.0878601673806477	0.197893169944816	0.198887937983559	0.0573446200926087	0;0;0;0;1;2;3;6;5;2	0	0	2.48828784386324	rnoCirc_007278	
chr10	75274017	75279961	+	mmuCirc_001008	Specc1l	CTO:ANNOTATED:CDS	3	344	NM_153406:NM_001145826	0.0719658025702766	0.1024002586494	0.148095368604282	0.153835305498745	0.145814210786872	1.08078667514484	1.2886157882495	1.97893169944816	2.50598801859284	0.917513921481739	4;6;8;8;8;33;44;60;63;32	1	1	3.38637224057716	rnoCirc_007274	hsaCirc_009765
chr10	75684292	75700095	-	mmuCirc_001009	Cabin1	CTO:ANNOTATED:CDS	3	629	NM_172549	0	0	0.0185119210755352	0	0.0911338817417952	0.393013336416305	0.0878601673806477	0.692626094806858	1.27288280309478	0.430084650694565	0;0;1;0;5;12;3;21;32;15	0	0	3.80826407774559	rnoCirc_007271	
chr10	75694715	75700095	-	mmuCirc_001010	Cabin1	CTO:ANNOTATED:CDS	2	515	NM_172549	0.0359829012851383	0.0341334195498	0	0	0.018226776348359	0.0655022227360508	0.117146889840864	0.164910974954014	0.397775875967117	0.229378480370435	2;2;0;0;1;2;4;5;10;8	0	0	2.4502407811637	rnoCirc_007269	
chr10	75910154	75916911	-	mmuCirc_001011	Smarcb1	CTO:ANNOTATED:CDS	4	535	NM_001161853:NM_011418	0	0	0	0	0	0	0	0.131928779963211	0.0795551751934235	0.0286723100463043	0;0;0;0;0;0;0;4;2;1	0	0	2.17464028108964		
chr10	76217314	76221162	-	mmuCirc_001012	Prmt2	CTO:ANNOTATED:CDS	2	341	NM_001077638:NM_133182	0	0	0	0	0	0.0327511113680254	0.0292867224602159	0	0.119332762790135	0	0;0;0;0;0;1;1;0;3;0	0	0	1.83362105457517		
chr10	76225288	76226315	-	mmuCirc_001013	Prmt2	CTO:ANNOTATED:CDS	2	309	NM_001077638:NM_133182	0	0	0	0	0	0.0327511113680254	0.0585734449204318	0.0329821949908028	0.23866552558027	0	0;0;0;0;0;1;2;1;6;0	0	0	2.11794169993517		hsaCirc_009725
chr10	76317867	76319586	-	mmuCirc_001014	Dip2a	CTO:ANNOTATED:CDS	2	348	NM_001081419	0	0	0	0	0	0	0	0	0	0.114689240185217	0;0;0;0;0;0;0;0;0;4	0	0	2.75156269883195		
chr10	76367308	76370079	-	mmuCirc_001015	Pcnt	CTO:ANNOTATED:CDS	3	522	NM_001282992:NM_008787	0.0179914506425692	0.0341334195498	0	0.0192294131873431	0	0.229257779576178	0.0878601673806477	0.395786339889633	0.119332762790135	0.114689240185217	1;2;0;1;0;7;3;12;3;4	0	0	2.53326452100635		
chr10	76399856	76404651	-	mmuCirc_001016	Pcnt	CTO:ANNOTATED:CDS	5	743	NM_001282992:NM_008787	0	0.0170667097749	0	0	0	0.0655022227360508	0.0292867224602159	0.131928779963211	0.0795551751934235	0.20070617032413	0;1;0;0;0;2;1;4;2;7	0	0	2.24238231291804		
chr10	76399856	76412649	-	mmuCirc_001017	Pcnt	CTO:ANNOTATED:CDS	10	1656	NM_001282992:NM_008787	0.0359829012851383	0.0512001293247	0	0	0	0.131004445472102	0.146433612301079	0.36280414489883	0	0.143361550231522	2;3;0;0;0;4;5;11;0;5	0	0	2.48626475534963		
chr10	76411526	76412649	-	mmuCirc_001018	Pcnt	CTO:ANNOTATED:CDS	3	537	NM_001282992:NM_008787	0	0	0	0	0	0	0.0292867224602159	0.0989465849724082	0	0	0;0;0;0;0;0;1;3;0;0	0	0	1.9367204961921		
chr10	76419978	76423225	-	mmuCirc_001019	Pcnt	CTO:ANNOTATED:CDS	2	1023	NM_001282992:NM_008787	0	0	0	0	0	0.0982533341040761	0	0.0329821949908028	0.0397775875967117	0	0;0;0;0;0;3;0;1;1;0	0	0	1.8496404152253		
chr10	76511020	76512568	+	mmuCirc_001020	Mcm3ap	CTO:ANNOTATED:CDS	2	355	NM_019434	0	0.0170667097749	0.0185119210755352	0	0	0.0655022227360508	0.0585734449204318	0.197893169944816	0	0.086016930138913	0;1;1;0;0;2;2;6;0;3	0	0	2.02158660615165		
chr10	76595929	76596051	+	mmuCirc_001021	Col6a2	AS:CTO	1	123	NM_146007	0.0359829012851383	0.0512001293247	0.0185119210755352	0.134605892311402	0.109360658090154	0	0	0	0	0	2;3;1;7;6;0;0;0;0;0	0	1	-1.98120432497328		
chr10	76797795	76800914	-	mmuCirc_001022	Pcbp3	CTO:ANNOTATED:CDS	4	329	NM_021568	0	0	0	0	0	0	0.0878601673806477	0.0659643899816055	0.119332762790135	0	0;0;0;0;0;0;3;2;3;0	0	0	2.44509735365445	rnoCirc_007257	
chr10	77302559	77322583	-	mmuCirc_001023	Adarb1	CTO:ALT_DONOR:CDS	6	2363	NM_001024837:NM_130895:NR_004429:NR_021486	0	0	0	0	0	0	0	0.0329821949908028	0.0397775875967117	0.114689240185217	0;0;0;0;0;0;0;1;1;4	0	0	1.91222499642986		hsaCirc_009716
chr10	77630726	77630894	+	mmuCirc_001024	Ube2g2	CTO:ANNOTATED:CDS	2	82	NM_019803	0.107948703855415	0.0512001293247	0.092559605377676	0.0769176527493725	0.0911338817417952	0.884280006936685	0.322153947062375	0.857537069760872	1.15355004030464	0.344067720555652	6;3;5;4;5;27;11;26;29;12	1	1	2.67171058941345		
chr10	78202880	78204392	-	mmuCirc_001025	Trappc10	CTO:ANNOTATED:CDS	2	654	NM_001081055	0	0	0	0	0	0.0327511113680254	0	0.0329821949908028	0.159110350386847	0	0;0;0;0;0;1;0;1;4;0	0	0	1.98916196930505		
chr10	79711655	79711817	-	mmuCirc_001026	Bc1	INTRONIC:ncRNA	1	163	NR_038088	0.0539743519277075	0	0	0.0384588263746862	0.0364535526967181	0	0.0292867224602159	0	0	0	3;0;0;2;2;0;1;0;0;0	0	0	-0.907577836720781		
chr10	79859781	79859955	+	mmuCirc_001027	Ptbp1	CTO:ANNOTATED:CDS	1	175	NM_001077363:NM_001283013:NM_008956	0	0	0.0370238421510704	0	0	0.163755556840127	0	0	0.119332762790135	0	0;0;2;0;0;5;0;0;3;0	0	0	1.49620445121298		hsaCirc_007360
chr10	80000712	80001090	+	mmuCirc_001028	Abca7	CTO:ANNOTATED:CDS	2	285	NM_013850	0	0	0	0	0	0.0655022227360508	0.146433612301079	0.164910974954014	0.357998288370406	0	0;0;0;0;0;2;5;5;9;0	0	0	3.15047589767152		
chr10	80124802	80128100	+	mmuCirc_001029	Stk11	CTO:ANNOTATED:CDS	7	827	NM_011492	0	0	0	0	0.0546803290450771	0.0655022227360508	0	0	0	0	0;0;0;0;3;2;0;0;0;0	0	0	0.0976168204836567		
chr10	80156744	80156845	+	mmuCirc_001030	Midn	CTO:ALT_DONOR:ALT_ACCEPTOR:3UTR	1	102	NM_021565	0.0179914506425692	0	0.0185119210755352	0.0192294131873431	0.018226776348359	0.0982533341040761	0.0585734449204318	0.296839754917225	0.198887937983559	0.086016930138913	1;0;1;1;1;3;2;9;5;3	0	0	2.12087527175806		
chr10	80157356	80157491	+	mmuCirc_001031	Midn	CTO:ALT_DONOR:ALT_ACCEPTOR:3UTR	1	136	NM_021565	0	0	0.0185119210755352	0	0	0	0.0878601673806477	0	0	0.0573446200926087	0;0;1;0;0;0;3;0;0;2	0	0	1.14569537568845		
chr10	80712112	80715179	-	mmuCirc_001032	Ap3d1	CTO:ANNOTATED:CDS	7	744	NM_007460	0	0.0341334195498	0.0185119210755352	0.0192294131873431	0.0364535526967181	0.0327511113680254	0.0585734449204318	0.36280414489883	0.437553463563829	0.0573446200926087	0;2;1;1;2;1;2;11;11;2	0	0	1.84962449435801		
chr10	80712112	80719812	-	mmuCirc_001033	Ap3d1	CTO:ANNOTATED:CDS	12	1790	NM_007460	0	0	0.0185119210755352	0.0192294131873431	0	0.0655022227360508	0.0292867224602159	0	0.0397775875967117	0.086016930138913	0;0;1;1;0;2;1;0;1;3	0	0	1.093149513584		
chr10	80764602	80768668	+	mmuCirc_001034	Dot1l	CTO:ANNOTATED:CDS	3	183	NM_199322	0	0	0	0	0	0	0	0	0.119332762790135	0	0;0;0;0;0;0;0;0;3;0	0	0	2.80046262890159	rnoCirc_010887	
chr10	80766163	80771366	+	mmuCirc_001035	Dot1l	CTO:ANNOTATED:CDS	3	368	NM_199322	0.0179914506425692	0.0170667097749	0	0.0384588263746862	0.0364535526967181	0.196506668208152	0.117146889840864	0.428768534880436	0.357998288370406	0.0573446200926087	1;1;0;2;2;6;4;13;9;2	0	0	2.40664276330114		
chr10	80803583	80803888	+	mmuCirc_001036	Sf3a2	CTO:ANNOTATED:CDS	2	210	NM_013651	0	0.0170667097749	0.0185119210755352	0.0576882395620293	0	0.360262225048279	0.351440669522591	0.329821949908027	0.715996576740811	0.172033860277826	0;1;1;3;0;11;12;10;18;6	0	0	3.45286442151279		
chr10	81108748	81118229	+	mmuCirc_001037	Map2k2	CTO:ANNOTATED:CDS	3	436	NM_023138	0.0179914506425692	0	0	0	0.018226776348359	0.0655022227360508	0.0878601673806477	0.296839754917225	0.119332762790135	0.0286723100463043	1;0;0;0;1;2;3;9;3;1	0	0	2.14720783858906		
chr10	81308948	81309247	+	mmuCirc_001038	Pip5k1c	CTO:ANNOTATED:CDS	1	300	NM_001146687:NM_001293646:NM_001293647:NM_008844	0	0	0	0	0	0	0.0292867224602159	0	0	0.143361550231522	0;0;0;0;0;0;1;0;0;5	0	0	2.16559780130934		
chr10	81532396	81533406	-	mmuCirc_001039	Gna11	CTO:ANNOTATED:CDS	2	284	NM_010301	0.0359829012851383	0	0.0370238421510704	0.0192294131873431	0.0729071053934362	0.229257779576178	0.175720334761295	0.395786339889633	0.517108638757253	0.20070617032413	2;0;2;1;4;7;6;12;13;7	0	0	2.66699594374151		
chr10	82368571	82383844	+	mmuCirc_001040		NTO	1	15274		0.0359829012851383	0.0853335488745	0.0555357632266056	0.115376479124059	0.0729071053934362	0.491266670520381	0.527161004283886	0.758590484788463	0.91488451472437	0.401412340648261	2;5;3;6;4;15;18;23;23;14	0	1	2.78056678962275		
chr10	82728253	82734481	+	mmuCirc_001041	Hcfc2	CTO:ANNOTATED:CDS	3	381	NM_001081218	0	0	0	0	0	0	0.0878601673806477	0	0.0397775875967117	0.086016930138913	0;0;0;0;0;0;3;0;1;3	0	0	2.13897257168777		
chr10	82732603	82739265	+	mmuCirc_001042	Hcfc2	CTO:ANNOTATED:CDS	4	678	NM_001081218	0.0179914506425692	0	0	0.0576882395620293	0.018226776348359	0.131004445472102	0.0292867224602159	0.131928779963211	0.517108638757253	0.143361550231522	1;0;0;3;1;4;1;4;13;5	0	0	2.22044509160951		
chr10	83254783	83283869	-	mmuCirc_001043	Slc41a2	CTO:ANNOTATED:CDS	4	509	NM_177388	0	0	0	0.0192294131873431	0	0	0	0	0.119332762790135	0	0;0;0;1;0;0;0;0;3;0	0	0	1.82852687385981		
chr10	83506598	83508732	-	mmuCirc_001044	Aldh1l2	CTO:ANNOTATED:CDS	3	399	NM_153543	0	0	0	0	0	0	0	0	0.0397775875967117	0.086016930138913	0;0;0;0;0;0;0;0;1;3	0	0	1.9929137211978		
chr10	83558598	83564537	+	mmuCirc_001045	A230046K03Rik	CTO:ANNOTATED:CDS	4	540	NM_001033375	0.0179914506425692	0	0	0	0	0.0982533341040761	0	0.0659643899816055	0.159110350386847	0.086016930138913	1;0;0;0;0;3;0;2;4;3	0	0	2.32771822134219		
chr10	84655945	84684304	+	mmuCirc_001046	Polr3b	CTO:ANNOTATED:CDS	8	1117	NM_027423	0	0	0	0	0	0	0	0.0989465849724082	0	0	0;0;0;0;0;0;0;3;0;0	0	0	2.57224194660756		
chr10	84713629	84714411	+	mmuCirc_001047	Polr3b	CTO:ANNOTATED:CDS	2	271	NM_027423	0	0	0	0	0	0.131004445472102	0	0.0329821949908028	0.0397775875967117	0	0;0;0;0;0;4;0;1;1;0	0	0	1.96721046917296		
chr10	84947412	84948020	+	mmuCirc_001048	Ric8b	CTO:ANNOTATED:CDS	1	609	NM_001013441:NM_183172	0.0179914506425692	0	0.0555357632266056	0.0384588263746862	0.018226776348359	0.196506668208152	0.0292867224602159	0.164910974954014	0.397775875967117	0.20070617032413	1;0;3;2;1;6;1;5;10;7	0	0	2.09403416331236	rnoCirc_010919	
chr10	84958016	84980192	+	mmuCirc_001049	Ric8b	CTO:ANNOTATED:CDS	4	565	NM_001013441:NM_183172	0	0	0	0	0	0.0327511113680254	0	0.0989465849724082	0.0795551751934235	0.0286723100463043	0;0;0;0;0;1;0;3;2;1	0	0	1.89251024942253		
chr10	84980048	85001901	+	mmuCirc_001050	Ric8b	CTO:ANNOTATED:CDS	3	410	NM_001013441:NM_183172	0	0	0	0	0	0.0655022227360508	0	0.164910974954014	0.0397775875967117	0	0;0;0;0;0;2;0;5;1;0	0	0	2.29477518379548		
chr10	86345911	86346062	-	mmuCirc_001051	Syn3	INTRONIC	1	152	NM_013722:NM_001164495	0.0719658025702766	0.0170667097749	0.0740476843021408	0.115376479124059	0.0546803290450771	0.0327511113680254	0	0	0	0.0573446200926087	4;1;4;6;3;1;0;0;0;2	0	1	-1.32674900460443		
chr10	88213647	88219360	+	mmuCirc_001052	Ccdc53	CTO:ANNOTATED:CDS	3	285	NM_027487:NM_001122960:NM_026070	0	0	0	0	0	0.0327511113680254	0	0.230875364935619	0.0795551751934235	0	0;0;0;0;0;1;0;7;2;0	0	0	2.45453223596442		hsaCirc_003938
chr10	88324582	88344711	-	mmuCirc_001053	Dram1	CTO:ALT_DONOR:CDS:3UTR	6	745	NM_027878	0	0.0170667097749	0	0	0	0	0	0	0.119332762790135	0	0;1;0;0;0;0;0;0;3;0	0	0	0.955169284416142		
chr10	88400652	88414598	+	mmuCirc_001054	Gnptab	CTO:ANNOTATED:CDS	4	454	NM_001004164	0.0179914506425692	0	0.0370238421510704	0	0.0546803290450771	0.131004445472102	0.0292867224602159	0.428768534880436	0.517108638757253	0.172033860277826	1;0;2;0;3;4;1;13;13;6	0	0	2.47561605646484		hsaCirc_003936
chr10	88400652	88419560	+	mmuCirc_001055	Gnptab	CTO:ANNOTATED:CDS	6	654	NM_001004164	0	0	0	0	0	0.0982533341040761	0.0292867224602159	0.0659643899816055	0.119332762790135	0	0;0;0;0;0;3;1;2;3;0	0	0	2.19230244732264	rnoCirc_010935	hsaCirc_003934
chr10	88411916	88419560	+	mmuCirc_001056	Gnptab	CTO:ANNOTATED:CDS	5	568	NM_001004164	0	0	0.0185119210755352	0.0192294131873431	0.018226776348359	0.131004445472102	0.117146889840864	0	0.596663813950676	0.0573446200926087	0;0;1;1;1;4;4;0;15;2	0	0	1.94801159191427	rnoCirc_010937	hsaCirc_003933
chr10	88735898	88737202	+	mmuCirc_001057	Arl1	CTO:ANNOTATED:CDS	2	194	NM_025859	0	0	0.0185119210755352	0	0	0.131004445472102	0	0.0989465849724082	0.318220700773694	0.086016930138913	0;0;1;0;0;4;0;3;8;3	0	0	2.75739294919437	rnoCirc_010942	
chr10	88809082	88810085	-	mmuCirc_001058	Utp20	CTO:ANNOTATED:CDS	3	351	NM_175158	0	0	0	0.0961470659367156	0	0.163755556840127	0.0878601673806477	0.263857559926422	0.556886226353964	0.20070617032413	0;0;0;5;0;5;3;8;14;7	0	0	3.04685813461925	rnoCirc_010945	
chr10	88992875	89035181	-	mmuCirc_001059	Ano4	CTO:ANNOTATED:CDS	9	967	NM_001277188:NR_102339	0	0.0170667097749	0.0185119210755352	0.0192294131873431	0.018226776348359	0.131004445472102	0	0.131928779963211	0.0795551751934235	0.0286723100463043	0;1;1;1;1;4;0;4;2;1	0	0	1.13969830231653		
chr10	89016075	89035181	-	mmuCirc_001060	Ano4	CTO:ANNOTATED:CDS	6	578	NM_001277188:NR_102339	0.0179914506425692	0	0	0	0	0.0327511113680254	0	0.131928779963211	0.0795551751934235	0	1;0;0;0;0;1;0;4;2;0	0	0	1.90478209466191		