chr11	54840930	54853299	-	mmuCirc_001396	Lyrm7	CTO:ALT_DONOR:CDS:3UTR	4	499	NM_029327	0	0.0170667097749	0.0185119210755352	0.0192294131873431	0	0.0655022227360508	0.0292867224602159	0.0989465849724082	0.198887937983559	0.0286723100463043	0;1;1;1;0;2;1;3;5;1	0	0	1.57945196218684		
chr11	54933989	54939735	-	mmuCirc_001397	Tnip1	CTO:ANNOTATED:CDS:5UTR	4	530	NM_001199275:NM_001199276:NM_001271455:NM_001271456:NM_021327	0	0	0	0	0.018226776348359	0	0.0878601673806477	0	0.0397775875967117	0	0;0;0;0;1;0;3;0;1;0	0	0	1.02537046856738		
chr11	55052348	55060545	-	mmuCirc_001398	Ccdc69	CTO:ANNOTATED:CDS	4	381	NM_177471	0	0	0.0185119210755352	0	0	0	0	0.0989465849724082	0.0397775875967117	0.0573446200926087	0;0;1;0;0;0;0;3;1;2	0	0	1.71928082577909	rnoCirc_001585	
chr11	57490110	57514291	-	mmuCirc_001399	Fam114a2	CTO:ANNOTATED:CDS:5UTR	11	1334	NM_001168667:NM_001168668:NM_026342	0	0	0	0	0	0.0327511113680254	0	0.0989465849724082	0	0	0;0;0;0;0;1;0;3;0;0	0	0	1.98572171782742		
chr11	57721295	57725661	+	mmuCirc_001400	Galnt10	CTO:ANNOTATED:CDS	2	242	NM_134189	0.0179914506425692	0	0.0185119210755352	0	0	0.0982533341040761	0.117146889840864	0.197893169944816	0.397775875967117	0.086016930138913	1;0;1;0;0;3;4;6;10;3	0	0	2.74138163675524	rnoCirc_001589	
chr11	58201468	58215170	+	mmuCirc_001401	Igtp:Irgm2	ITO:ANNOTATED	1	13703	NM_018738:NM_019440	0.43179481542166	0.2389339368486	0.796012606248014	0.30767061099749	0.510349737754053	0.131004445472102	0.0878601673806477	0.296839754917225	0.0397775875967117	0.344067720555652	24;14;43;16;28;4;3;9;1;12	1	1	-1.44132871499105	rnoCirc_001598	
chr11	58994685	58995103	-	mmuCirc_001402	Obscn	CTO:ANNOTATED:CDS	2	226	NM_001171512	0.0539743519277075	0	0.0740476843021408	0.0192294131873431	0.0546803290450771	0.786026672832609	0.702881339045181	1.1873590196689	1.55132591627176	0.286723100463044	3;0;4;1;3;24;24;36;39;10	0	0	3.93315509857273		
chr11	59006757	59007901	-	mmuCirc_001403	Obscn	CTO:ANNOTATED:CDS	3	341	NM_001171512	0	0	0.0185119210755352	0	0	0	0	0	0.0795551751934235	0.086016930138913	0;0;1;0;0;0;0;0;2;3	0	0	1.25880466315965		
chr11	59006757	59009222	-	mmuCirc_001404	Obscn	CTO:ALT_ACCEPTOR:CDS	5	1224	NM_001171512	0	0	0	0	0	0.0982533341040761	0	0.0329821949908028	0	0	0;0;0;0;0;3;0;1;0;0	0	0	1.98465828467193		
chr11	59015436	59016373	-	mmuCirc_001405	Obscn	CTO:ALT_ACCEPTOR:CDS	1	938	NM_001171512:NM_199152	0.0179914506425692	0.0170667097749	0	0	0	0.262008890944203	0.0292867224602159	0.197893169944816	0.119332762790135	0.086016930138913	1;1;0;0;0;8;1;6;3;3	0	0	2.39106067848885		
chr11	59055377	59055640	-	mmuCirc_001406	Obscn	CTO:ANNOTATED:CDS	1	264	NM_001171512:NM_199152	0.377820463493952	0.9386690376195	0.555357632266056	0.346129437372176	0.656163948540926	0.949782229672736	3.1336793032431	1.64910974954014	1.31266039069149	1.26158164203739	21;55;30;18;36;29;107;50;33;44	1	1	1.46527727117092		hsaCirc_001473
chr11	59055377	59061107	-	mmuCirc_001407	Obscn	CTO:ANNOTATED:CDS	3	792	NM_001171512:NM_199152	0.575726420562213	0.9216023278446	0.407262263661775	0.230752958248117	0.400989079663899	1.21179112061694	2.31365107435706	1.91296730946656	1.75021385425532	1.31892626213	32;54;22;12;22;37;79;58;44;46	1	1	1.8047730234058		
chr11	59055377	59061687	-	mmuCirc_001408	Obscn	CTO:ANNOTATED:CDS	4	1056	NM_001171512:NM_199152	0.467777716706798	0.9386690376195	0.259166895057493	0.365358850559519	0.346308750618822	1.01528445240879	2.07935729467533	1.35226999462291	1.31266039069149	1.20423702194478	26;55;14;19;19;31;71;41;33;42	1	1	1.60894491985646		
chr11	59055961	59061107	-	mmuCirc_001409	Obscn	CTO:ANNOTATED:CDS	2	528	NM_001171512:NM_199152	0.43179481542166	1.1093361353685	0.629405316568197	0.249982371435461	0.656163948540926	1.57205334566522	3.39725980538504	1.74805633451255	1.19332762790135	1.80635553291717	24;65;34;13;36;48;116;53;30;63	1	1	1.69220837416834		
chr11	59055961	59061687	-	mmuCirc_001410	Obscn	CTO:ANNOTATED:CDS	3	792	NM_001171512:NM_199152	0.503760617991936	1.1264028451434	0.573869553341592	0.269211784622804	0.346308750618822	1.04803556377681	2.66509174387965	1.08841243469649	0.994439689917794	1.2902539520837	28;66;31;14;19;32;91;33;25;45	1	1	1.36106271029598		
chr11	59060844	59061107	-	mmuCirc_001411	Obscn	CTO:ANNOTATED:CDS	1	264	NM_001171512:NM_199152	0	0.0170667097749	0	0	0	0	0.0292867224602159	0.0989465849724082	0	0	0;1;0;0;0;0;1;3;0;0	0	0	1.49165846615745		
chr11	59061424	59061687	-	mmuCirc_001412	Obscn	CTO:ANNOTATED:CDS	1	264	NM_001171512:NM_199152	0.341837562208814	0.6997351007709	0.314702658284099	0.288441197810147	0.437442632360617	0.655022227360508	1.58148301285166	0.923501459742477	0.795551751934235	0.688135441111304	19;41;17;15;24;20;54;28;20;24	1	1	1.11636471744569		
chr11	59103275	59124796	-	mmuCirc_001413	Obscn	CTO:ANNOTATED:CDS	7	1932	NM_001171512:NM_199152	0	0	0	0	0	0	0	0	0	0.143361550231522	0;0;0;0;0;0;0;0;0;5	0	0	3.02999655684204		
chr11	59112519	59124796	-	mmuCirc_001414	Obscn	CTO:ANNOTATED:CDS	4	1104	NM_001171512:NM_199152	0	0	0	0	0.0364535526967181	0.0655022227360508	0.117146889840864	0	0.0397775875967117	0.172033860277826	0;0;0;0;2;2;4;0;1;6	0	0	2.05486025957158		
chr11	59115659	59128338	-	mmuCirc_001415	Obscn	CTO:ANNOTATED:CDS	4	1104	NM_001171512:NM_199152	0	0.0341334195498	0.0555357632266056	0.0384588263746862	0.0729071053934362	0.0655022227360508	0.146433612301079	0.329821949908027	0.119332762790135	0.573446200926087	0;2;3;2;4;2;5;10;3;20	0	0	1.97120090680595		
chr11	59124521	59129845	-	mmuCirc_001416	Obscn	CTO:ANNOTATED:CDS	3	828	NM_001171512:NM_199152	0	0.0341334195498	0.0555357632266056	0	0	0	0.0878601673806477	0	0.0397775875967117	0.0286723100463043	0;2;3;0;0;0;3;0;1;1	0	0	0.485029201762272		
chr11	59764380	59771702	+	mmuCirc_001417	Mprip	CTO:ANNOTATED:CDS	7	882	NM_012027:NM_201245	0	0	0	0	0	0	0	0	0.119332762790135	0	0;0;0;0;0;0;0;0;3;0	0	0	2.80046262890159		
chr11	60258856	60270467	-	mmuCirc_001418	Tom1l2	CTO:ANNOTATED:CDS	4	561	NM_001039092:NM_153080:NM_001039093	0	0	0.0370238421510704	0	0	0	0.0585734449204318	0.0329821949908028	0.159110350386847	0	0;0;2;0;0;0;2;1;4;0	0	0	1.67692032825904	rnoCirc_001630	hsaCirc_006423
chr11	60258856	60275002	-	mmuCirc_001419	Tom1l2	CTO:ANNOTATED:CDS	5	640	NM_001039092:NM_153080:NM_001039093	0.0539743519277075	0	0.0370238421510704	0.0384588263746862	0.018226776348359	0.556768893256432	0.527161004283886	0.59367950983445	0.636441401547388	0.430084650694565	3;0;2;2;1;17;18;18;16;15	0	0	3.64227048963681	rnoCirc_001631	
chr11	60258856	60280283	-	mmuCirc_001420	Tom1l2	CTO:ANNOTATED:CDS	6	725	NM_001039092:NM_153080:NM_001039093	0.0179914506425692	0	0.0370238421510704	0	0	0.0655022227360508	0.263580502141943	0.0659643899816055	0.278443113176982	0.0573446200926087	1;0;2;0;0;2;9;2;7;2	0	0	2.28776649508152	rnoCirc_001632	hsaCirc_006424
chr11	60270318	60275002	-	mmuCirc_001421	Tom1l2	CTO:ANNOTATED:CDS	2	229	NM_001039092:NM_153080:NM_001039093	0.0719658025702766	0.0341334195498	0.0740476843021408	0.0384588263746862	0.127587434438513	1.04803556377681	0.937175118726908	1.41823438460452	2.26732249301257	0.344067720555652	4;2;4;2;7;32;32;43;57;12	0	0	3.64188089406239	rnoCirc_001634	
chr11	60270318	60280283	-	mmuCirc_001422	Tom1l2	CTO:ANNOTATED:CDS	3	314	NM_001039092:NM_153080:NM_001039093	0	0	0.0185119210755352	0.0384588263746862	0.0729071053934362	0.196506668208152	0.0292867224602159	0.230875364935619	0.159110350386847	0.20070617032413	0;0;1;2;4;6;1;7;4;7	0	0	2.06095089531461		
chr11	60706193	60706355	+	mmuCirc_001423	Llgl1	CTO:ANNOTATED:CDS	1	163	NM_001159404:NM_001159405:NM_008502	0	0	0	0	0	0.0655022227360508	0	0	0.278443113176982	0	0;0;0;0;0;2;0;0;7;0	0	0	2.99767299139985		
chr11	60706193	60706573	+	mmuCirc_001424	Llgl1	CTO:ANNOTATED:CDS	2	299	NM_001159404:NM_001159405:NM_008502	0	0	0	0	0	0.0655022227360508	0.0585734449204318	0.0989465849724082	0.198887937983559	0	0;0;0;0;0;2;2;3;5;0	0	0	2.52359155916457		
chr11	60706193	60707113	+	mmuCirc_001425	Llgl1	CTO:ANNOTATED:CDS	4	509	NM_001159404:NM_001159405:NM_008502	0	0.0170667097749	0	0	0	0.131004445472102	0.0292867224602159	0	0.0795551751934235	0.0286723100463043	0;1;0;0;0;4;1;0;2;1	0	0	1.73154791620095		
chr11	60747866	60749589	-	mmuCirc_001426	Top3a	CTO:ANNOTATED:CDS	4	596	NM_009410	0	0	0	0	0.018226776348359	0.0982533341040761	0.117146889840864	0.164910974954014	0.357998288370406	0	0;0;0;0;1;3;4;5;9;0	0	0	2.37118843181706		
chr11	61519487	61523193	-	mmuCirc_001427	Epn2	CTO:ALT_DONOR:CDS	4	689	NM_001252188:NM_001252189:NM_010148	0	0.0341334195498	0	0.0192294131873431	0	0	0.146433612301079	0.0659643899816055	0.159110350386847	0.0573446200926087	0;2;0;1;0;0;5;2;4;2	0	0	1.96655913710455		
chr11	61519487	61535383	-	mmuCirc_001428	Epn2	CTO:ALT_DONOR:CDS	8	1124	NM_001252188:NM_001252189:NM_010148	0.0179914506425692	0.0170667097749	0.0185119210755352	0.0961470659367156	0.0364535526967181	0.0655022227360508	0.146433612301079	0.197893169944816	0.278443113176982	0.286723100463044	1;1;1;5;2;2;5;6;7;10	0	0	1.92811715238868		
chr11	61532518	61535383	-	mmuCirc_001429	Epn2	CTO:ANNOTATED:CDS	4	435	NM_001252188:NM_001252189:NM_010148	0.125940154497984	0.0170667097749	0.148095368604282	0.153835305498745	0.127587434438513	0.655022227360508	0.585734449204318	1.1543768246781	1.59110350386847	0.745480061203913	7;1;8;8;7;20;20;35;40;26	0	1	2.92632844054801	rnoCirc_001641	
chr11	61532518	61546911	-	mmuCirc_001430	Epn2	CTO:ANNOTATED:CDS:5UTR	6	1368	NM_001252188:NM_001252189:NM_010148	0.0179914506425692	0	0.0185119210755352	0.0384588263746862	0	0	0	0.0989465849724082	0.119332762790135	0.0573446200926087	1;0;1;2;0;0;0;3;3;2	0	0	0.976401191028588		
chr11	61877307	61909946	-	mmuCirc_001431	Akap10	CTO:ANNOTATED:CDS	10	1106	NM_019921	0	0	0	0	0	0	0	0	0.119332762790135	0.114689240185217	0;0;0;0;0;0;0;0;3;4	0	0	2.77601266386677		
chr11	61886700	61900446	-	mmuCirc_001432	Akap10	CTO:ANNOTATED:CDS	5	649	NM_019921	0	0	0	0	0	0	0.0585734449204318	0.0659643899816055	0.159110350386847	0.0286723100463043	0;0;0;0;0;0;2;2;4;1	0	0	2.13091475668734	rnoCirc_001649	
chr11	61886700	61904859	-	mmuCirc_001433	Akap10	CTO:ANNOTATED:CDS	7	858	NM_019921	0	0	0	0	0	0.0982533341040761	0.0292867224602159	0	0	0.086016930138913	0;0;0;0;0;3;1;0;0;3	0	0	2.09041025568615		
chr11	61886700	61909946	-	mmuCirc_001434	Akap10	CTO:ANNOTATED:CDS	8	957	NM_019921	0.0539743519277075	0	0.0185119210755352	0.0192294131873431	0.0729071053934362	0.491266670520381	0.117146889840864	0.395786339889633	0.596663813950676	0.315395410509348	3;0;1;1;4;15;4;12;15;11	0	0	2.96511458516377	rnoCirc_001650	hsaCirc_006444
chr11	61890238	61909946	-	mmuCirc_001435	Akap10	CTO:ANNOTATED:CDS	7	874	NM_019921	0	0	0	0	0	0.131004445472102	0	0	0.0397775875967117	0.0286723100463043	0;0;0;0;0;4;0;0;1;1	0	0	1.92640834722479		
chr11	61893380	61900446	-	mmuCirc_001436	Akap10	CTO:ANNOTATED:CDS	3	456	NM_019921	0	0	0	0	0	0.0655022227360508	0.0585734449204318	0.197893169944816	0.0397775875967117	0	0;0;0;0;0;2;2;6;1;0	0	0	2.2737893713208	rnoCirc_001653	
chr11	61893380	61909946	-	mmuCirc_001437	Akap10	CTO:ANNOTATED:CDS	6	764	NM_019921	0	0	0	0	0	0.0327511113680254	0	0.164910974954014	0.159110350386847	0	0;0;0;0;0;1;0;5;4;0	0	0	2.59024574790521	rnoCirc_001654	hsaCirc_006446
chr11	61903907	61909946	-	mmuCirc_001438	Akap10	CTO:ANNOTATED:CDS	3	308	NM_019921	0	0	0	0.0192294131873431	0	0.0655022227360508	0	0.0989465849724082	0	0	0;0;0;1;0;2;0;3;0;0	0	0	1.23208937223137		
chr11	61909848	61916266	-	mmuCirc_001439	Akap10	CTO:ANNOTATED:CDS	3	840	NM_019921	0	0	0	0	0.0364535526967181	0.131004445472102	0.0878601673806477	0.230875364935619	0.0795551751934235	0.143361550231522	0;0;0;0;2;4;3;7;2;5	0	0	2.56898735817104	rnoCirc_001658	hsaCirc_006451
chr11	61909848	61922829	-	mmuCirc_001440	Akap10	CTO:ANNOTATED:CDS	4	888	NM_019921	0	0	0	0	0	0.131004445472102	0.0585734449204318	0.131928779963211	0.198887937983559	0.086016930138913	0;0;0;0;0;4;2;4;5;3	0	0	2.73484550585617	rnoCirc_001659	
chr11	61915024	61922829	-	mmuCirc_001441	Akap10	CTO:ANNOTATED:CDS	3	789	NM_019921	0.0179914506425692	0	0	0.0192294131873431	0.018226776348359	0.0327511113680254	0.0878601673806477	0.164910974954014	0.198887937983559	0.086016930138913	1;0;0;1;1;1;3;5;5;3	0	0	2.01303998598126		
chr11	62029253	62043075	+	mmuCirc_001442	Specc1	CTO:ANNOTATED:CDS:5UTR	2	303	NM_001281818	0	0	0	0.0769176527493725	0.0364535526967181	0.0327511113680254	0.0292867224602159	0.0659643899816055	0.0397775875967117	0.086016930138913	0;0;0;4;2;1;1;2;1;3	0	0	1.00322865950007		
chr11	62146306	62161910	+	mmuCirc_001443	Specc1	CTO:ANNOTATED:CDS	5	586	NM_001281818:NM_001029936	0	0	0	0.0384588263746862	0.0364535526967181	0.0655022227360508	0.0292867224602159	0.131928779963211	0.596663813950676	0.114689240185217	0;0;0;2;2;2;1;4;15;4	0	0	2.19519479930016	rnoCirc_001663	hsaCirc_006455
chr11	62283597	62292218	+	mmuCirc_001444	Ttc19	CTO:ANNOTATED:CDS	5	364	NM_028360:NM_029704	0.179914506425692	0.0170667097749	0.129583447528746	0.0769176527493725	0.127587434438513	0.917031118304711	0.702881339045181	0.923501459742477	1.43199315348162	0.659463131065	10;1;7;4;7;28;24;28;36;23	0	1	3.05586152812306	rnoCirc_001667	hsaCirc_006411
chr11	62283597	62315944	+	mmuCirc_001445	Ttc19	CTO:ALT_DONOR:CDS:3UTR	8	2614	NM_028360:NM_029704	0	0	0	0	0	0	0	0.0329821949908028	0.119332762790135	0.0286723100463043	0;0;0;0;0;0;0;1;3;1	0	0	1.82969049710276		
chr11	62338859	62345318	-	mmuCirc_001446	Ncor1	CTO:ANNOTATED:CDS	5	1128	NM_001252313:NM_011308	0	0	0	0	0.0546803290450771	0	0.0292867224602159	0	0.119332762790135	0.0286723100463043	0;0;0;0;3;0;1;0;3;1	0	0	1.16134487959944		
chr11	62340408	62345318	-	mmuCirc_001447	Ncor1	CTO:ANNOTATED:CDS	4	918	NM_001252313:NM_011308	0.0539743519277075	0	0.0740476843021408	0.0384588263746862	0	0.0982533341040761	0.175720334761295	0.164910974954014	0.397775875967117	0.114689240185217	3;0;4;2;0;3;6;5;10;4	0	0	2.10633423954559		
chr11	62342997	62345318	-	mmuCirc_001448	Ncor1	CTO:ANNOTATED:CDS	3	696	NM_001252313:NM_011308	0	0	0.0185119210755352	0	0	0.0982533341040761	0.0878601673806477	0.0989465849724082	0.0397775875967117	0	0;0;1;0;0;3;3;3;1;0	0	0	2.0503601901217		
chr11	62351378	62354688	-	mmuCirc_001449	Ncor1	CTO:ANNOTATED:CDS	4	490	NM_001252313:NM_011308	0	0	0.0185119210755352	0	0	0.0655022227360508	0	0.0989465849724082	0	0.0286723100463043	0;0;1;0;0;2;0;3;0;1	0	0	1.6686666765594	rnoCirc_001671	
chr11	62376635	62378654	-	mmuCirc_001450	Ncor1	CTO:ANNOTATED:CDS	2	285	NM_001252313:NM_011308	0	0	0	0	0.018226776348359	0	0.0292867224602159	0.0989465849724082	0.119332762790135	0.0573446200926087	0;0;0;0;1;0;1;3;3;2	0	0	1.92265525568114		
chr11	62383161	62391033	-	mmuCirc_001451	Ncor1	CTO:ANNOTATED:CDS	4	497	NM_001252313:NM_011308	0	0	0	0	0.018226776348359	0	0.0292867224602159	0	0	0.086016930138913	0;0;0;0;1;0;1;0;0;3	0	0	1.38641913427127		
chr11	62384718	62391033	-	mmuCirc_001452	Ncor1	CTO:ANNOTATED:CDS	3	282	NM_001252313:NM_011308	0	0.0170667097749	0.0185119210755352	0.0192294131873431	0.018226776348359	0.0655022227360508	0	0.164910974954014	0.159110350386847	0.086016930138913	0;1;1;1;1;2;0;5;4;3	0	0	1.42635439942254	rnoCirc_001675	
chr11	62398265	62401267	-	mmuCirc_001453	Ncor1	CTO:ANNOTATED:CDS	2	240	NM_001252313:NM_011308	0.0359829012851383	0	0	0	0.018226776348359	0.0655022227360508	0	0.0659643899816055	0.278443113176982	0.0286723100463043	2;0;0;0;1;2;0;2;7;1	0	0	1.74065414784965		
chr11	62410820	62433699	-	mmuCirc_001454	Ncor1	CTO:ANNOTATED:CDS	4	627	NM_001252313:NM_011308:NM_177229	0.0179914506425692	0.0170667097749	0	0.0576882395620293	0	0.229257779576178	0.175720334761295	0.230875364935619	0.397775875967117	0.258050790416739	1;1;0;3;0;7;6;7;10;9	0	0	2.99752520385996		
chr11	62419598	62423067	-	mmuCirc_001455	Ncor1	CTO:ANNOTATED:CDS	2	376	NM_001252313:NM_011308:NM_177229	0	0	0	0	0	0	0.0878601673806477	0.0659643899816055	0.159110350386847	0	0;0;0;0;0;0;3;2;4;0	0	0	2.56586874560135	rnoCirc_001677	
chr11	62419598	62433699	-	mmuCirc_001456	Ncor1	CTO:ANNOTATED:CDS	3	513	NM_001252313:NM_011308:NM_177229	0	0	0.0370238421510704	0.0192294131873431	0	0.0327511113680254	0	0.0659643899816055	0.119332762790135	0.0286723100463043	0;0;2;1;0;1;0;2;3;1	0	0	1.27575088053989		
chr11	62419598	62438515	-	mmuCirc_001457	Ncor1	CTO:ANNOTATED:CDS:5UTR	4	691	NM_001252313:NM_011308:NM_177229	0.0179914506425692	0	0	0.0384588263746862	0	0.0655022227360508	0	0.131928779963211	0.0795551751934235	0	1;0;0;2;0;2;0;4;2;0	0	0	1.62122861810789		
chr11	62433563	62438515	-	mmuCirc_001458	Ncor1	CTO:ANNOTATED:CDS:5UTR	2	315	NM_001252313:NM_011308:NM_177229	0	0	0	0	0.0364535526967181	0.0982533341040761	0	0.230875364935619	0.278443113176982	0.172033860277826	0;0;0;0;2;3;0;7;7;6	0	0	2.96957908854764	rnoCirc_001678	
chr11	65021941	65041510	-	mmuCirc_001459	Arhgap44	CTO:ANNOTATED:CDS	9	941	NM_001099288:NM_175003	0	0	0	0	0	0	0.0585734449204318	0.131928779963211	0.0397775875967117	0.114689240185217	0;0;0;0;0;0;2;4;1;4	0	0	2.30763311768239		
chr11	65195068	65196394	-	mmuCirc_001460	Myocd	CTO:ANNOTATED:CDS	2	447	NM_145136:NM_146386	0.0539743519277075	0	0.0555357632266056	0.153835305498745	0.109360658090154	0.524017781888406	0.205007057221511	0.72560828979766	0.715996576740811	0.401412340648261	3;0;3;8;6;16;7;22;18;14	0	1	2.69189056052151		hsaCirc_006408
chr11	65195068	65233184	-	mmuCirc_001461	Myocd	CTO:ANNOTATED:CDS	8	1097	NM_145136:NM_146386	0	0	0	0.0192294131873431	0	0.0655022227360508	0.0292867224602159	0.131928779963211	0.0397775875967117	0	0;0;0;1;0;2;1;4;1;0	0	0	1.73253829335722	rnoCirc_001682	
chr11	65195510	65195780	+	mmuCirc_001462	Myocd	AS:CTO	1	271	NM_145136:NM_146386	0	0	0	0	0	0	0.263580502141943	0.0329821949908028	0	0	0;0;0;0;0;0;9;1;0;0	0	0	2.61559702553754		