chr19	36411956	36445077	+	mmuCirc_004880	Pcgf5	CTO:ANNOTATED:CDS:5UTR	7	832	NM_029508	0.0179914506425692	0	0	0.0192294131873431	0.018226776348359	0	0.117146889840864	0	0	0.0286723100463043	1;0;0;1;1;0;4;0;0;1	0	0	0.307139287627281		
chr19	36434570	36445077	+	mmuCirc_004881	Pcgf5	CTO:ANNOTATED:CDS	6	551	NM_029508	0.0179914506425692	0	0	0	0	0.0655022227360508	0.0292867224602159	0.0659643899816055	0.477331051160541	0.143361550231522	1;0;0;0;0;2;1;2;12;5	0	0	2.44827129829127	rnoCirc_001189	
chr19	36645684	36676799	-	mmuCirc_004882	1500017E21Rik	CTO:ncRNA	1	31116	NR_033510	0	0	0	0	0	0.0655022227360508	0	0	0.119332762790135	0.0573446200926087	0;0;0;0;0;2;0;0;3;2	0	0	2.28257516625544		
chr19	36675832	36676799	-	mmuCirc_004883	1500017E21Rik	INTRONIC:ncRNA	1	968	NR_033510	0	0	0.0185119210755352	0.0192294131873431	0	0.229257779576178	0.175720334761295	0.263857559926422	0.795551751934235	0.229378480370435	0;0;1;1;0;7;6;8;20;8	0	0	3.5660224773817		
chr19	36845534	36854957	+	mmuCirc_004884	Tnks2	CTO:ANNOTATED:CDS	6	596	NM_001163635	0	0	0	0	0	0	0.0585734449204318	0	0.0397775875967117	0.114689240185217	0;0;0;0;0;0;2;0;1;4	0	0	2.10173639649864		
chr19	36862086	36866123	+	mmuCirc_004885	Tnks2	CTO:ANNOTATED:CDS	3	343	NM_001163635	0.0179914506425692	0.0170667097749	0.0185119210755352	0	0.0729071053934362	0.131004445472102	0.146433612301079	0.197893169944816	0.517108638757253	0.258050790416739	1;1;1;0;4;4;5;6;13;9	0	0	2.59729375459409		
chr19	36871613	36872588	+	mmuCirc_004886	Tnks2	CTO:ANNOTATED:CDS	2	312	NM_001163635	0	0	0	0	0	0	0.146433612301079	0	0.0795551751934235	0	0;0;0;0;0;0;5;0;2;0	0	0	2.68618561638205		
chr19	36876185	36885557	+	mmuCirc_004887	Tnks2	CTO:ANNOTATED:CDS	6	819	NM_001163635	0	0	0	0	0	0	0	0	0.119332762790135	0	0;0;0;0;0;0;0;0;3;0	0	0	2.80046262890159		
chr19	36880510	36881797	+	mmuCirc_004888	Tnks2	CTO:ANNOTATED:CDS	2	204	NM_001163635	0.0179914506425692	0.0512001293247	0.0185119210755352	0.0192294131873431	0	0.360262225048279	0.234293779681727	0.59367950983445	0.715996576740811	0.229378480370435	1;3;1;1;0;11;8;18;18;8	0	0	3.40477144317178		hsaCirc_002311
chr19	36956371	36962499	+	mmuCirc_004889	Btaf1	CTO:ANNOTATED:CDS	4	500	NM_001080706	0	0.0341334195498	0.0185119210755352	0	0.0364535526967181	0.131004445472102	0.234293779681727	0.0329821949908028	0.23866552558027	0	0;2;1;0;2;4;8;1;6;0	0	0	1.56091557829335		
chr19	36956371	36970038	+	mmuCirc_004890	Btaf1	CTO:ANNOTATED:CDS	9	1129	NM_001080706	0	0.0341334195498	0.0555357632266056	0.0384588263746862	0	0.0655022227360508	0.0585734449204318	0.164910974954014	0.23866552558027	0.114689240185217	0;2;3;2;0;2;2;5;6;4	0	0	1.76444820289586		
chr19	36956371	36973018	+	mmuCirc_004891	Btaf1	CTO:ANNOTATED:CDS	10	1250	NM_001080706	0.0539743519277075	0	0	0.0384588263746862	0	0.0655022227360508	0.0585734449204318	0.131928779963211	0	0.086016930138913	3;0;0;2;0;2;2;4;0;3	0	0	1.19342075373188		hsaCirc_002316
chr19	36958373	36970038	+	mmuCirc_004892	Btaf1	CTO:ANNOTATED:CDS	8	965	NM_001080706	0.0179914506425692	0.0682668390996	0.0370238421510704	0.0192294131873431	0.0911338817417952	0.720524450096558	0.263580502141943	0.791572679779266	0.795551751934235	0.659463131065	1;4;2;1;5;22;9;24;20;23	0	0	3.357912805711		
chr19	36961639	36965707	+	mmuCirc_004893	Btaf1	CTO:ANNOTATED:CDS	3	289	NM_001080706	0	0	0	0	0	0	0.0292867224602159	0.0659643899816055	0.159110350386847	0	0;0;0;0;0;0;1;2;4;0	0	0	2.18923833663766		
chr19	36961639	36970038	+	mmuCirc_004894	Btaf1	CTO:ANNOTATED:CDS	7	828	NM_001080706	0.0179914506425692	0	0	0.0192294131873431	0	0.0327511113680254	0.0878601673806477	0.0659643899816055	0.0795551751934235	0.0286723100463043	1;0;0;1;0;1;3;2;2;1	0	0	1.52700358561063		
chr19	36996530	36997635	+	mmuCirc_004895	Btaf1	CTO:ANNOTATED:CDS	2	208	NM_001080706	0	0	0	0	0	0.163755556840127	0.0878601673806477	0.131928779963211	0.159110350386847	0.0286723100463043	0;0;0;0;0;5;3;4;4;1	0	0	2.60040151601696	rnoCirc_001198	
chr19	37044522	37054374	-	mmuCirc_004896	Cpeb3	CTO:ANNOTATED:CDS	2	297	NM_001290826:NM_001290829:NM_001290827:NM_001290828:NM_198300	0	0	0	0	0	0.131004445472102	0.117146889840864	0.263857559926422	0.397775875967117	0.172033860277826	0;0;0;0;0;4;4;8;10;6	0	0	3.43384209425369	rnoCirc_001199	hsaCirc_002321
chr19	37044522	37068291	-	mmuCirc_004897	Cpeb3	CTO:ANNOTATED:CDS	3	416	NM_001290826:NM_001290829:NM_001290827:NM_001290828:NM_198300	0.449786266064229	0.2901340661733	0.42577418473731	0.30767061099749	0.0911338817417952	3.9956355868991	2.28436435189684	5.57399095344566	2.98331906975338	1.37627088222261	25;17;23;16;5;122;78;169;75;48	1	1	3.29717951695774	rnoCirc_001200	
chr19	37044522	37088587	-	mmuCirc_004898	Cpeb3	CTO:ANNOTATED:CDS	5	674	NM_001290826:NM_001290829:NM_001290827:NM_001290828:NM_198300	0.0359829012851383	0	0.092559605377676	0.0576882395620293	0	0.327511113680254	0.263580502141943	0.36280414489883	0.715996576740811	0.229378480370435	2;0;5;3;0;10;9;11;18;8	0	0	3.02196013402006	rnoCirc_001201	
chr19	37054260	37068291	-	mmuCirc_004899	Cpeb3	CTO:ANNOTATED:CDS	2	234	NM_001290826:NM_001290829:NM_001290827:NM_001290828:NM_198300	0.0179914506425692	0.0341334195498	0	0	0.018226776348359	0.229257779576178	0.117146889840864	0.36280414489883	0	0.0286723100463043	1;2;0;0;1;7;4;11;0;1	0	0	2.16551863878806		
chr19	37054260	37088587	-	mmuCirc_004900	Cpeb3	CTO:ANNOTATED:CDS	4	492	NM_001290826:NM_001290829:NM_001290827:NM_001290828:NM_198300	0	0	0.0740476843021408	0	0.018226776348359	0.393013336416305	0.0292867224602159	0.329821949908027	0.357998288370406	0.086016930138913	0;0;4;0;1;12;1;10;9;3	0	0	2.65528380335586	rnoCirc_001203	
chr19	37068173	37088587	-	mmuCirc_004901	Cpeb3	CTO:ANNOTATED:CDS	3	377	NM_001290826:NM_001290829:NM_001290827:NM_001290828:NM_198300	0.125940154497984	0	0.0740476843021408	0.0576882395620293	0.0911338817417952	0.786026672832609	0.49787428182367	1.28630560464131	0.994439689917794	0.544773890879783	7;0;4;3;5;24;17;39;25;19	0	1	3.40163093210278	rnoCirc_001204	hsaCirc_002323
chr19	37068173	37126388	-	mmuCirc_004902	Cpeb3	CTO:ANNOTATED:CDS	5	458	NM_001290826:NM_001290829:NM_001290827:NM_001290828:NM_198300	0.0359829012851383	0.0170667097749	0	0	0	0.0327511113680254	0.117146889840864	0.0989465849724082	0.159110350386847	0.0286723100463043	2;1;0;0;0;1;4;3;4;1	0	0	1.76397223468942	rnoCirc_001205	hsaCirc_002324
chr19	37068173	37139221	-	mmuCirc_004903	Cpeb3	CTO:ANNOTATED:CDS	6	618	NM_001290826:NM_001290829:NM_001290827:NM_001290828:NM_198300	0.0179914506425692	0	0	0.0192294131873431	0	0.0327511113680254	0.0292867224602159	0.0659643899816055	0.119332762790135	0.0286723100463043	1;0;0;1;0;1;1;2;3;1	0	0	1.3980186032619	rnoCirc_001206	
chr19	37087538	37088587	-	mmuCirc_004904	Cpeb3	CTO:ANNOTATED:CDS	2	258	NM_001290826:NM_001290829:NM_001290827:NM_001290828:NM_198300	0	0.0170667097749	0.0185119210755352	0	0	0.0655022227360508	0.0585734449204318	0.131928779963211	0.0397775875967117	0.0286723100463043	0;1;1;0;0;2;2;4;1;1	0	0	1.60452075897979	rnoCirc_001207	hsaCirc_002325
chr19	37087538	37126388	-	mmuCirc_004905	Cpeb3	CTO:ANNOTATED:CDS	4	339	NM_001290826:NM_001290829:NM_001290827:NM_001290828:NM_198300	0	0.0170667097749	0.0185119210755352	0.0961470659367156	0.0364535526967181	0.294760002312228	0.205007057221511	0.692626094806858	0.397775875967117	0.172033860277826	0;1;1;5;2;9;7;21;10;6	0	0	2.88014476736957	rnoCirc_001208	hsaCirc_002326
chr19	37087538	37139221	-	mmuCirc_004906	Cpeb3	CTO:ANNOTATED:CDS	5	499	NM_001290826:NM_001290829:NM_001290827:NM_001290828:NM_198300	0.0179914506425692	0	0	0	0	0.229257779576178	0.0878601673806477	0.197893169944816	0.318220700773694	0.114689240185217	1;0;0;0;0;7;3;6;8;4	0	0	3.08439738528901	rnoCirc_001209	hsaCirc_002327
chr19	37126332	37139221	-	mmuCirc_004907	Cpeb3	CTO:ANNOTATED:CDS	2	217	NM_001290826:NM_001290829:NM_001290827:NM_001290828:NM_198300	0	0.0512001293247	0.0370238421510704	0.0192294131873431	0	0.229257779576178	0.0292867224602159	0.0989465849724082	0.397775875967117	0.086016930138913	0;3;2;1;0;7;1;3;10;3	0	0	1.99770136084757	rnoCirc_001211	
chr19	37284121	37287233	-	mmuCirc_004908	Ide	CTO:ANNOTATED:CDS	3	325	NM_031156	0	0	0	0	0	0	0.0292867224602159	0.0989465849724082	0.0397775875967117	0	0;0;0;0;0;0;1;3;1;0	0	0	1.81768188957208		
chr19	37284121	37290814	-	mmuCirc_004909	Ide	CTO:ANNOTATED:CDS	5	581	NM_031156	0.0179914506425692	0	0	0	0	0.0327511113680254	0	0.0989465849724082	0.0397775875967117	0	1;0;0;0;0;1;0;3;1;0	0	0	1.54179110397917		
chr19	37303894	37318099	-	mmuCirc_004910	Ide	CTO:ANNOTATED:CDS	8	872	NM_031156	0	0	0	0	0.018226776348359	0.0327511113680254	0	0.0989465849724082	0.119332762790135	0	0;0;0;0;1;1;0;3;3;0	0	0	1.4593306303147		
chr19	37309788	37318099	-	mmuCirc_004911	Ide	CTO:ANNOTATED:CDS	7	769	NM_031156	0	0.0170667097749	0.0370238421510704	0.0576882395620293	0.018226776348359	0.0327511113680254	0.0585734449204318	0.197893169944816	0.556886226353964	0.0573446200926087	0;1;2;3;1;1;2;6;14;2	0	0	1.6652678317643	rnoCirc_001215	
chr19	37309788	37330612	-	mmuCirc_004912	Ide	CTO:ALT_ACCEPTOR:CDS	10	1332	NM_031156	0	0	0	0.0192294131873431	0	0.0982533341040761	0.0292867224602159	0.131928779963211	0	0.0286723100463043	0;0;0;1;0;3;1;4;0;1	0	0	1.42029935509357		
chr19	37313510	37318099	-	mmuCirc_004913	Ide	CTO:ANNOTATED:CDS	5	584	NM_031156	0	0	0	0.0192294131873431	0	0	0	0.0659643899816055	0.119332762790135	0.086016930138913	0;0;0;1;0;0;0;2;3;3	0	0	2.11282959977247		
chr19	37325148	37330612	-	mmuCirc_004914	Ide	CTO:ALT_ACCEPTOR:CDS	3	563	NM_031156	0.0899572532128458	0.0512001293247	0.0370238421510704	0.0769176527493725	0.0364535526967181	0.622271115992482	0.615021171664534	0.890519264751674	1.27288280309478	0.774152371250217	5;3;2;4;2;19;21;27;32;27	0	0	3.45042254934546	rnoCirc_001216	hsaCirc_002331
chr19	37328981	37330612	-	mmuCirc_004915	Ide	CTO:ALT_ACCEPTOR:CDS	2	393	NM_031156	0.0179914506425692	0	0.0370238421510704	0	0.018226776348359	0.0655022227360508	0.0878601673806477	0.131928779963211	0.0795551751934235	0.143361550231522	1;0;2;0;1;2;3;4;2;5	0	0	1.88520895157124	rnoCirc_001217	
chr19	37570383	37573757	+	mmuCirc_004916	Exoc6	CTO:ANNOTATED:CDS	4	357	NM_175353	0.0179914506425692	0	0.0555357632266056	0.0576882395620293	0	0.327511113680254	0.205007057221511	0.131928779963211	0.119332762790135	0.20070617032413	1;0;3;3;0;10;7;4;3;7	0	0	2.40003912825442	rnoCirc_001220	hsaCirc_002335
chr19	37570383	37578575	+	mmuCirc_004917	Exoc6	CTO:ANNOTATED:CDS	6	718	NM_175353	0	0	0	0	0	0.0327511113680254	0	0	0	0.114689240185217	0;0;0;0;0;1;0;0;0;4	0	0	2.07538209393962		hsaCirc_002337
chr19	37570383	37582261	+	mmuCirc_004918	Exoc6	CTO:ANNOTATED:CDS	7	787	NM_175353	0.0179914506425692	0	0	0	0.018226776348359	0.262008890944203	0	0.164910974954014	0.0397775875967117	0.114689240185217	1;0;0;0;1;8;0;5;1;4	0	0	2.37433418101833		hsaCirc_002338
chr19	37570383	37599693	+	mmuCirc_004919	Exoc6	CTO:ANNOTATED:CDS	16	1672	NM_175353	0	0	0	0	0	0	0.0585734449204318	0.0989465849724082	0	0	0;0;0;0;0;0;2;3;0;0	0	0	2.27314188046974		hsaCirc_002340
chr19	37570383	37609105	+	mmuCirc_004920	Exoc6	CTO:ANNOTATED:CDS	17	1852	NM_175353	0	0	0	0	0	0	0.0585734449204318	0.0989465849724082	0.0795551751934235	0	0;0;0;0;0;0;2;3;2;0	0	0	2.28726002489788		
chr19	37597095	37609105	+	mmuCirc_004921	Exoc6	CTO:ANNOTATED:CDS	4	537	NM_175353	0	0	0	0	0	0.0327511113680254	0	0	0.119332762790135	0.0573446200926087	0;0;0;0;0;1;0;0;3;2	0	0	2.05032168756177		
chr19	37913337	37916563	-	mmuCirc_004922	Myof	CTO:ANNOTATED:CDS	3	460	NM_001099634	0	0	0	0	0	0	0.0292867224602159	0.0329821949908028	0	0.086016930138913	0;0;0;0;0;0;1;1;0;3	0	0	1.70430980865526		
chr19	38523915	38525452	+	mmuCirc_004923	Plce1	ITO:ALT_ACCEPTOR:CDS:5UTR	1	1538	NM_019588	0.0359829012851383	0.0512001293247	0.148095368604282	0.115376479124059	0.0729071053934362	0.294760002312228	0.439300836903238	0.890519264751674	0.795551751934235	0.401412340648261	2;3;8;6;4;9;15;27;20;14	0	1	2.47805246477459	rnoCirc_001225	hsaCirc_002353
chr19	38620443	38652111	+	mmuCirc_004924	Plce1	CTO:ANNOTATED:CDS	2	606	NM_019588	0	0	0	0	0	0	0	0.0329821949908028	0	0.086016930138913	0;0;0;0;0;0;0;1;0;3	0	0	1.90586519009457	rnoCirc_001227	hsaCirc_002354
chr19	38698450	38705445	+	mmuCirc_004925	Plce1	CTO:ANNOTATED:CDS	3	611	NM_019588	0.0179914506425692	0.0170667097749	0	0.0576882395620293	0.0729071053934362	0.294760002312228	0.0585734449204318	0.36280414489883	0.636441401547388	0.172033860277826	1;1;0;3;4;9;2;11;16;6	0	1	2.50387116013207	rnoCirc_001228	
chr19	38701820	38705445	+	mmuCirc_004926	Plce1	CTO:ANNOTATED:CDS	2	465	NM_019588	0	0	0	0.0192294131873431	0	0.0327511113680254	0.0585734449204318	0.131928779963211	0.198887937983559	0.0573446200926087	0;0;0;1;0;1;2;4;5;2	0	0	2.1460104649796		
chr19	38736431	38739406	+	mmuCirc_004927	Plce1	CTO:ANNOTATED:CDS	3	384	NM_019588	0.0179914506425692	0	0.0185119210755352	0.0192294131873431	0.0364535526967181	0.0982533341040761	0.146433612301079	0.0659643899816055	0.159110350386847	0	1;0;1;1;2;3;5;2;4;0	0	0	1.30944396367457	rnoCirc_001231	
chr19	38864527	38882774	+	mmuCirc_004928	Tbc1d12	CTO:ALT_ACCEPTOR:CDS	2	1329	NM_145952	0.0179914506425692	0	0	0	0	0.0327511113680254	0	0.131928779963211	0	0	1;0;0;0;0;1;0;4;0;0	0	0	1.69942498511578		
chr19	38865616	38882774	+	mmuCirc_004929	Tbc1d12	CTO:ANNOTATED:CDS	2	240	NM_145952	0.0179914506425692	0	0	0.0384588263746862	0.0546803290450771	0.294760002312228	0.0585734449204318	0.164910974954014	0.278443113176982	0.086016930138913	1;0;0;2;3;9;2;5;7;3	0	0	2.21815279139231		hsaCirc_002357
chr19	38865616	38898986	+	mmuCirc_004930	Tbc1d12	CTO:ANNOTATED:CDS	4	441	NM_145952	0	0	0	0.0192294131873431	0	0	0	0.164910974954014	0	0	0;0;0;1;0;0;0;5;0;0	0	0	1.11841159744214		
chr19	38895987	38901415	+	mmuCirc_004931	Tbc1d12	CTO:ANNOTATED:CDS	3	308	NM_145952	0	0.0512001293247	0	0	0.0364535526967181	0.0982533341040761	0.0585734449204318	0.197893169944816	0.198887937983559	0.20070617032413	0;3;0;0;2;3;2;6;5;7	0	0	2.31412624243927		
chr19	38907772	38911095	+	mmuCirc_004932	Tbc1d12	CTO:ANNOTATED:CDS	2	170	NM_145952	0	0	0	0.0576882395620293	0	0.0982533341040761	0.0292867224602159	0.0989465849724082	0.278443113176982	0.0286723100463043	0;0;0;3;0;3;1;3;7;1	0	0	1.93240780668499		
chr19	38913191	38914413	+	mmuCirc_004933	Tbc1d12	CTO:ANNOTATED:CDS	3	311	NM_145952	0	0	0	0	0	0	0.0292867224602159	0.0329821949908028	0.159110350386847	0.0573446200926087	0;0;0;0;0;0;1;1;4;2	0	0	1.95519610234523		
chr19	40300243	40324832	-	mmuCirc_004934	Sorbs1	CTO:ALT_DONOR:CDS	6	12163	NM_001034964:NM_001034962:NM_001034963:NM_178362:NM_009166	0.0179914506425692	0	0.0185119210755352	0.0384588263746862	0.0364535526967181	0.0655022227360508	0	0.0329821949908028	0.119332762790135	0.0573446200926087	1;0;1;2;2;2;0;1;3;2	0	0	0.834441995549738		
chr19	40309581	40327622	-	mmuCirc_004935	Sorbs1	CTO:ALT_DONOR:CDS	7	2998	NM_001034964:NM_001034962:NM_001034963:NM_178362:NM_009166	0	0	0.0370238421510704	0.0384588263746862	0.018226776348359	0.0982533341040761	0.0292867224602159	0.0659643899816055	0.278443113176982	0.0286723100463043	0;0;2;2;1;3;1;2;7;1	0	0	1.43153256177561		hsaCirc_002368
chr19	40309581	40344439	-	mmuCirc_004936	Sorbs1	CTO:ALT_DONOR:CDS	11	3300	NM_001034964:NM_001034962:NM_001034963:NM_178362:NM_009166	0.0539743519277075	0	0.0740476843021408	0	0	0.131004445472102	0	0.0989465849724082	0.159110350386847	0.0286723100463043	3;0;4;0;0;4;0;3;4;1	0	0	1.45355538576108	rnoCirc_001235	hsaCirc_002370
chr19	40311669	40318068	-	mmuCirc_004937	Sorbs1	CTO:ANNOTATED:CDS	4	483	NM_001034964:NM_001034962:NM_001034963:NM_178362:NM_009166	0.0359829012851383	0	0	0.0384588263746862	0.018226776348359	0.196506668208152	0.0585734449204318	0.197893169944816	0.477331051160541	0.286723100463044	2;0;0;2;1;6;2;6;12;10	0	0	2.69278785958488	rnoCirc_001238	hsaCirc_002372
chr19	40311669	40324832	-	mmuCirc_004938	Sorbs1	CTO:ANNOTATED:CDS	6	737	NM_001034964:NM_001034962:NM_001034963:NM_178362:NM_009166	0	0	0	0.0192294131873431	0	0	0.0292867224602159	0	0.159110350386847	0.0286723100463043	0;0;0;1;0;0;1;0;4;1	0	0	1.59171378125274	rnoCirc_001239	
chr19	40311669	40327622	-	mmuCirc_004939	Sorbs1	CTO:ANNOTATED:CDS	7	910	NM_001034964:NM_001034962:NM_001034963:NM_178362:NM_009166	0	0	0	0	0.018226776348359	0.0982533341040761	0.0585734449204318	0.0329821949908028	0.119332762790135	0.0286723100463043	0;0;0;0;1;3;2;1;3;1	0	0	1.81846774351216	rnoCirc_001240	hsaCirc_002373
chr19	40311669	40337035	-	mmuCirc_004940	Sorbs1	CTO:ANNOTATED:CDS	8	960	NM_001034964:NM_001034962:NM_001034963:NM_178362:NM_009166	0.0359829012851383	0	0.0185119210755352	0	0	0.163755556840127	0.0585734449204318	0.131928779963211	0.0397775875967117	0.0573446200926087	2;0;1;0;0;5;2;4;1;2	0	0	1.83993906873534	rnoCirc_001241	hsaCirc_002374
chr19	40311669	40365166	-	mmuCirc_004941	Sorbs1	CTO:ANNOTATED:CDS	18	1880	NM_001034964:NM_001034962:NM_001034963:NM_178362:NM_009166	0	0	0	0	0	0.0982533341040761	0	0.0659643899816055	0.0795551751934235	0.114689240185217	0;0;0;0;0;3;0;2;2;4	0	0	2.43365178179961	rnoCirc_001245	
chr19	40314364	40318068	-	mmuCirc_004942	Sorbs1	CTO:ANNOTATED:CDS	3	288	NM_001034964:NM_001034962:NM_001034963:NM_178362:NM_009166	0	0	0	0.0192294131873431	0	0.0982533341040761	0	0.0329821949908028	0.119332762790135	0	0;0;0;1;0;3;0;1;3;0	0	0	1.93261448106789		
chr19	40321793	40324832	-	mmuCirc_004943	Sorbs1	CTO:ANNOTATED:CDS	2	254	NM_001034964:NM_001034962:NM_001034963:NM_178362:NM_009166	0.161923055783122	0.0512001293247	0.0555357632266056	0.134605892311402	0.145814210786872	0.622271115992482	0.615021171664534	0.923501459742477	1.71043626665861	0.430084650694565	9;3;3;7;8;19;21;28;43;15	1	1	2.70891944732748		
chr19	40321793	40337035	-	mmuCirc_004944	Sorbs1	CTO:ANNOTATED:CDS	4	477	NM_001034964:NM_001034962:NM_001034963:NM_178362:NM_009166	0	0	0	0	0	0.0655022227360508	0.0292867224602159	0.197893169944816	0.0795551751934235	0.0286723100463043	0;0;0;0;0;2;1;6;2;1	0	0	2.08826152048622		
chr19	40321793	40344439	-	mmuCirc_004945	Sorbs1	CTO:ANNOTATED:CDS	7	729	NM_001034964:NM_001034962:NM_001034963:NM_178362:NM_009166	0.0359829012851383	0.0341334195498	0	0.0576882395620293	0.018226776348359	0.262008890944203	0.0292867224602159	0.461750729871238	0.397775875967117	0.143361550231522	2;2;0;3;1;8;1;14;10;5	0	0	2.26199020624887	rnoCirc_001249	hsaCirc_002378
chr19	40321793	40352565	-	mmuCirc_004946	Sorbs1	CTO:ANNOTATED:CDS	10	1022	NM_001034964:NM_001034962:NM_001034963:NM_178362:NM_009166	0	0	0	0	0	0	0	0.0989465849724082	0.0397775875967117	0	0;0;0;0;0;0;0;3;1;0	0	0	2.07592331146981		hsaCirc_002379