chr2	18132951	18146872	+	mmuCirc_005148	Mllt10	CTO:ALT_ACCEPTOR:CDS	1	13922	NM_010804:NM_001252560:NM_001252561:NR_045538:NR_045539	0	0	0	0	0	0.0982533341040761	0	0	0	0.086016930138913	0;0;0;0;0;3;0;0;0;3	0	0	2.4850158606409		
chr2	18133023	18146872	+	mmuCirc_005149	Mllt10	CTO:ALT_ACCEPTOR:CDS	1	13850	NM_010804:NM_001252560:NM_001252561:NR_045538:NR_045539	0.0719658025702766	0	0	0.0192294131873431	0.0364535526967181	0.42576444778433	0.146433612301079	0.230875364935619	0.397775875967117	0.143361550231522	4;0;0;1;2;13;5;7;10;5	0	0	2.78570793831639		
chr2	18139268	18146872	+	mmuCirc_005150	Mllt10	CTO:ALT_ACCEPTOR:CDS	1	7605	NM_010804:NM_001252560:NM_001252561:NR_045538:NR_045539	0.0359829012851383	0	0.0370238421510704	0.0769176527493725	0	0.360262225048279	0.439300836903238	0.395786339889633	0.477331051160541	0.401412340648261	2;0;2;4;0;11;15;12;12;14	0	0	3.38160899624146		
chr2	18146777	18162886	+	mmuCirc_005151	Mllt10	CTO:ANNOTATED:CDS	3	922	NM_010804:NM_001252560:NM_001252561:NR_045538:NR_045539	0	0	0.0185119210755352	0	0.0911338817417952	0.294760002312228	0.146433612301079	0.692626094806858	0.159110350386847	0.086016930138913	0;0;1;0;5;9;5;21;4;3	0	0	2.8675192616666		
chr2	18146777	18171075	+	mmuCirc_005152	Mllt10	CTO:ANNOTATED:CDS	5	1000	NM_010804:NM_001252560:NM_001252561:NR_045538:NR_045539	0.0179914506425692	0.0341334195498	0.0185119210755352	0.0192294131873431	0	0.0655022227360508	0.0292867224602159	0.0989465849724082	0.119332762790135	0.0286723100463043	1;2;1;1;0;2;1;3;3;1	0	0	1.15470632496851		
chr2	18146777	18186396	+	mmuCirc_005153	Mllt10	CTO:ANNOTATED:CDS	6	1179	NM_010804:NM_001252560:NM_001252561:NR_045538:NR_045539	0	0	0	0	0	0.556768893256432	0.0878601673806477	0.428768534880436	0.159110350386847	0.143361550231522	0;0;0;0;0;17;3;13;4;5	0	0	3.59233694160304	rnoCirc_005278	hsaCirc_001934
chr2	18146777	18197997	+	mmuCirc_005154	Mllt10	CTO:ANNOTATED:CDS	8	1370	NM_010804:NM_001252560:NM_001252561:NR_045538:NR_045539	0.0179914506425692	0.0341334195498	0.0555357632266056	0.0192294131873431	0.0546803290450771	0.163755556840127	0.0292867224602159	0.36280414489883	0.198887937983559	0.229378480370435	1;2;3;1;3;5;1;11;5;8	0	0	1.73996339136377		
chr2	18159456	18162886	+	mmuCirc_005155	Mllt10	CTO:ANNOTATED:CDS	2	826	NM_010804:NM_001252560:NM_001252561:NR_045538:NR_045539	0	0	0	0	0	0.0327511113680254	0	0.0329821949908028	0	0.086016930138913	0;0;0;0;0;1;0;1;0;3	0	0	1.73697728974547		
chr2	18186218	18197997	+	mmuCirc_005156	Mllt10	CTO:ANNOTATED:CDS	3	370	NM_010804:NM_001252560:NM_001252561:NR_045538:NR_045539	0	0	0	0.0192294131873431	0.018226776348359	0.0982533341040761	0.117146889840864	0.329821949908027	0.278443113176982	0.0573446200926087	0;0;0;1;1;3;4;10;7;2	0	0	2.68283471403018		hsaCirc_001940
chr2	18186218	18203755	+	mmuCirc_005157	Mllt10	CTO:ANNOTATED:CDS	4	525	NM_010804:NM_001252560:NM_001252561:NR_045538:NR_045539	0	0	0.0185119210755352	0.0384588263746862	0	0	0	0.164910974954014	0.0397775875967117	0	0;0;1;2;0;0;0;5;1;0	0	0	1.14781883508813		
chr2	18196583	18197997	+	mmuCirc_005158	Mllt10	CTO:ANNOTATED:CDS	2	191	NM_010804:NM_001252560:NM_001252561:NR_045538:NR_045539	0	0	0	0	0	0	0	0	0.119332762790135	0.0286723100463043	0;0;0;0;0;0;0;0;3;1	0	0	2.04178193859134		
chr2	18284623	18294044	-	mmuCirc_005159	Dnajc1	CTO:ANNOTATED:CDS	2	255	NM_001190817:NM_007869	0.0899572532128458	0.0170667097749	0.0185119210755352	0.0384588263746862	0.109360658090154	0.262008890944203	0.439300836903238	0.461750729871238	0.875106927127658	0.315395410509348	5;1;1;2;6;8;15;14;22;11	0	0	2.7891964929558	rnoCirc_005285	
chr2	18284623	18295708	-	mmuCirc_005160	Dnajc1	CTO:ALT_ACCEPTOR:CDS	2	1919	NM_001190817:NM_007869	0	0	0	0	0	0.0982533341040761	0	0	0.0397775875967117	0	0;0;0;0;0;3;0;0;1;0	0	0	2.07170681577516	rnoCirc_005286	
chr2	18284623	18308949	-	mmuCirc_005161	Dnajc1	CTO:ANNOTATED:CDS	5	613	NM_001190817:NM_007869	0	0	0.0555357632266056	0.0576882395620293	0.018226776348359	0.229257779576178	0.205007057221511	0.59367950983445	0.6762189891441	0.516101580833478	0;0;3;3;1;7;7;18;17;18	0	0	3.42546851937937	rnoCirc_005287	hsaCirc_001942
chr2	18284623	18317000	-	mmuCirc_005162	Dnajc1	CTO:ANNOTATED:CDS	7	762	NM_001190817:NM_007869	0	0.0170667097749	0	0.0384588263746862	0.0364535526967181	0.131004445472102	0.0292867224602159	0.230875364935619	0.477331051160541	0.143361550231522	0;1;0;2;2;4;1;7;12;5	0	0	2.31962778575246	rnoCirc_005288	
chr2	18306973	18317000	-	mmuCirc_005163	Dnajc1	CTO:ANNOTATED:CDS	5	507	NM_001190817:NM_007869	0	0	0	0	0	0.294760002312228	0.0878601673806477	0.329821949908027	0.23866552558027	0.0573446200926087	0;0;0;0;0;9;3;10;6;2	0	0	3.23602726576191		
chr2	18889052	18908152	-	mmuCirc_005164	Pip4k2a	CTO:ANNOTATED:CDS	3	348	NM_008845	0	0	0	0.0192294131873431	0	0.163755556840127	0.0878601673806477	0.197893169944816	0.357998288370406	0	0;0;0;1;0;5;3;6;9;0	0	0	3.08618183922466		hsaCirc_001945
chr2	18905275	18908152	-	mmuCirc_005165	Pip4k2a	CTO:ALT_DONOR:CDS	2	1149	NM_008845	0	0.0682668390996	0	0.0769176527493725	0.0911338817417952	0.360262225048279	0.263580502141943	0.395786339889633	0.755774164337523	0.344067720555652	0;4;0;4;5;11;9;12;19;12	0	1	3.00464431068385		
chr2	18906229	18908152	-	mmuCirc_005166	Pip4k2a	CTO:ANNOTATED:CDS	2	195	NM_008845	0	0	0.092559605377676	0.0961470659367156	0.109360658090154	0.949782229672736	0.732168061505397	0.857537069760872	1.86954661704545	0.774152371250217	0;0;5;5;6;29;25;26;47;27	0	1	4.08747507257842		hsaCirc_001946
chr2	18906229	18911528	-	mmuCirc_005167	Pip4k2a	CTO:ALT_ACCEPTOR:CDS	2	3571	NM_008845	0	0	0	0	0.018226776348359	0.131004445472102	0.0585734449204318	0.0659643899816055	0.119332762790135	0	0;0;0;0;1;4;2;2;3;0	0	0	1.77203583527823		
chr2	20529959	20530242	+	mmuCirc_005168	Etl4	CTO:ANNOTATED:CDS	1	284	NM_001081006:NM_029895:NM_178059:NM_001177630:NM_001177631	0.0179914506425692	0	0	0	0	0.0655022227360508	0.0585734449204318	0.263857559926422	0.119332762790135	0.0573446200926087	1;0;0;0;0;2;2;8;3;2	0	0	2.34463755461871	rnoCirc_005294	hsaCirc_001948
chr2	20529959	20554070	+	mmuCirc_005169	Etl4	CTO:ALT_DONOR:CDS	1	24112	NM_001081006:NM_029895:NM_178059:NM_001177630:NM_001177631	0	0	0	0.0192294131873431	0	0.0655022227360508	0.0585734449204318	0.0329821949908028	0.23866552558027	0	0;0;0;1;0;2;2;1;6;0	0	0	2.04914787019498		
chr2	20709405	20713448	+	mmuCirc_005170	Etl4	CTO:ANNOTATED:CDS	2	293	NM_001081006:NM_029895:NM_178059:NM_001177630:NM_001177631	0	0	0.0370238421510704	0.0192294131873431	0.0364535526967181	0.196506668208152	0.117146889840864	0.0989465849724082	0.0397775875967117	0.114689240185217	0;0;2;1;2;6;4;3;1;4	0	0	1.82736669971577		
chr2	20759547	20766611	+	mmuCirc_005171	Etl4	CTO:ANNOTATED:CDS	3	322	NM_001081006:NM_029895:NM_178059:NM_001177630:NM_001177631	0.0179914506425692	0.0170667097749	0	0	0.018226776348359	0.163755556840127	0.0292867224602159	0.164910974954014	0.159110350386847	0.172033860277826	1;1;0;0;1;5;1;5;4;6	0	0	2.27707143619192		hsaCirc_001955
chr2	20760215	20766611	+	mmuCirc_005172	Etl4	CTO:ANNOTATED:CDS	2	217	NM_001081006:NM_029895:NM_178059:NM_001177630:NM_001177631	0	0.0170667097749	0	0.0192294131873431	0	0	0	0	0.119332762790135	0	0;1;0;1;0;0;0;0;3;0	0	0	0.469201406895253		
chr2	20854935	20860036	-	mmuCirc_005173	Arhgap21	CTO:ANNOTATED:CDS	7	673	NM_001081364:NM_001128084	0.107948703855415	0.0682668390996	0.203631131830887	0.30767061099749	0.218721316180309	0.85152889556866	0.322153947062375	2.04489608942977	1.67065867906189	1.06087547171326	6;4;11;16;12;26;11;62;42;37	1	1	2.49512592268107		
chr2	20855354	20860036	-	mmuCirc_005174	Arhgap21	CTO:ANNOTATED:CDS	6	567	NM_001081364:NM_001128084	0.323846111566245	0.1365336781992	0.42577418473731	0.538423569245607	0.291628421573745	2.94760002312228	1.8450635149936	4.38663193377677	5.56886226353964	2.52316328407478	18;8;23;28;16;90;63;133;140;88	1	1	3.26825623341165		
chr2	20859881	20861107	-	mmuCirc_005175	Arhgap21	CTO:ANNOTATED:CDS	3	436	NM_001081364:NM_001128084	0	0	0	0.0192294131873431	0	0.0982533341040761	0.0292867224602159	0.197893169944816	0.119332762790135	0.0573446200926087	0;0;0;1;0;3;1;6;3;2	0	0	2.21807697781641	rnoCirc_005297	
chr2	20859881	20861110	-	mmuCirc_005176	Arhgap21	CTO:ALT_ACCEPTOR:CDS	3	439	NM_001081364:NM_001128084	0	0	0.0185119210755352	0	0	0	0.146433612301079	0.263857559926422	0.357998288370406	0.114689240185217	0;0;1;0;0;0;5;8;9;4	0	0	3.23263389604239		
chr2	20860304	20861107	-	mmuCirc_005177	Arhgap21	CTO:ANNOTATED:CDS	2	280	NM_001081364:NM_001128084	0.0179914506425692	0	0	0.0192294131873431	0	0.196506668208152	0.0585734449204318	0.164910974954014	0.159110350386847	0.114689240185217	1;0;0;1;0;6;2;5;4;4	0	0	2.52717385339154	rnoCirc_005298	
chr2	20860304	20861110	-	mmuCirc_005178	Arhgap21	CTO:ALT_ACCEPTOR:CDS	2	283	NM_001081364:NM_001128084	0	0	0	0.0192294131873431	0	0.131004445472102	0.117146889840864	0.131928779963211	0.198887937983559	0.0286723100463043	0;0;0;1;0;4;4;4;5;1	0	0	2.4765556885483	rnoCirc_005299	
chr2	20860304	20871768	-	mmuCirc_005179	Arhgap21	CTO:ANNOTATED:CDS	8	1055	NM_001081364:NM_001128084	0	0	0	0	0	0.0327511113680254	0	0.131928779963211	0.0795551751934235	0.0573446200926087	0;0;0;0;0;1;0;4;2;2	0	0	2.14783050719288		
chr2	20860971	20861107	-	mmuCirc_005180	Arhgap21	CTO:ANNOTATED:CDS	1	137	NM_001081364:NM_001128084	0.0359829012851383	0	0	0.0192294131873431	0	0.163755556840127	0.0585734449204318	0.329821949908027	0.596663813950676	0.0286723100463043	2;0;0;1;0;5;2;10;15;1	0	0	2.61497964420702		
chr2	20860971	20861110	-	mmuCirc_005181	Arhgap21	CTO:ALT_ACCEPTOR:CDS	1	140	NM_001081364:NM_001128084	0	0	0	0.0192294131873431	0.0364535526967181	0.458515559152355	0.234293779681727	0.36280414489883	0.556886226353964	0.114689240185217	0;0;0;1;2;14;8;11;14;4	0	0	3.52804604517702		
chr2	20871392	20881851	-	mmuCirc_005182	Arhgap21	CTO:ANNOTATED:CDS	3	2153	NM_001081364:NM_001128084	0	0.0170667097749	0	0.0192294131873431	0	0	0	0	0.119332762790135	0.0286723100463043	0;1;0;1;0;0;0;0;3;1	0	0	0.740501354023864		
chr2	20879961	20889953	-	mmuCirc_005183	Arhgap21	CTO:ANNOTATED:CDS	4	2055	NM_001081364:NM_001128084	0	0.0170667097749	0	0.0192294131873431	0	0.0655022227360508	0	0.0989465849724082	0.198887937983559	0.086016930138913	0;1;0;1;0;2;0;3;5;3	0	0	1.73289747465576		
chr2	20887106	20892177	-	mmuCirc_005184	Arhgap21	CTO:ANNOTATED:CDS	3	227	NM_001081364:NM_001128084	0.0179914506425692	0	0.0555357632266056	0.0576882395620293	0.0546803290450771	0.42576444778433	0.234293779681727	0.428768534880436	0.596663813950676	0.659463131065	1;0;3;3;3;13;8;13;15;23	0	1	3.19320200430478	rnoCirc_005304	hsaCirc_001962
chr2	22823295	22836039	+	mmuCirc_005185	Apbb1ip	CTO:ANNOTATED:CDS	4	662	NM_019456	0	0	0	0	0	0	0	0.0659643899816055	0.278443113176982	0	0;0;0;0;0;0;0;2;7;0	0	0	3.00156160853272		
chr2	22826850	22836039	+	mmuCirc_005186	Apbb1ip	CTO:ANNOTATED:CDS	3	360	NM_019456	0	0.0170667097749	0	0.0384588263746862	0.018226776348359	0	0	0	0.198887937983559	0	0;1;0;2;1;0;0;0;5;0	0	0	0.0266640271601556		
chr2	22901281	22915524	+	mmuCirc_005187	Pdss1	CTO:ANNOTATED:CDS	6	681	NM_019501	0	0	0	0	0	0	0	0	0.119332762790135	0.0573446200926087	0;0;0;0;0;0;0;0;3;2	0	0	2.37588178681901		
chr2	22906795	22915524	+	mmuCirc_005188	Pdss1	CTO:ANNOTATED:CDS	4	495	NM_019501	0	0.0170667097749	0.0185119210755352	0	0	0.131004445472102	0.0585734449204318	0.0329821949908028	0.0795551751934235	0.0573446200926087	0;1;1;0;0;4;2;1;2;2	0	0	1.74548733072025		
chr2	22906795	22915528	+	mmuCirc_005189	Pdss1	CTO:ALT_DONOR:CDS	4	499	NM_019501	0.0179914506425692	0	0	0	0.0546803290450771	0.0655022227360508	0.0292867224602159	0.230875364935619	0.119332762790135	0.143361550231522	1;0;0;0;3;2;1;7;3;5	0	0	2.010023195506		
chr2	22946576	22962501	-	mmuCirc_005190	Abi1	CTO:ANNOTATED:CDS	6	793	NM_001077190:NM_001077192:NM_001077193:NM_007380:NM_145994	0	0	0	0.0192294131873431	0	0	0	0.0329821949908028	0.119332762790135	0.0286723100463043	0;0;0;1;0;0;0;1;3;1	0	0	1.50571191208883		
chr2	22953435	22962501	-	mmuCirc_005191	Abi1	CTO:ANNOTATED:CDS	4	520	NM_001077190:NM_001077192:NM_001077193:NM_007380:NM_145994	0	0	0.0185119210755352	0	0	0.0327511113680254	0	0.0989465849724082	0.0795551751934235	0.0573446200926087	0;0;1;0;0;1;0;3;2;2	0	0	1.82323390095167		hsaCirc_001965
chr2	22960707	22971259	-	mmuCirc_005192	Abi1	CTO:ANNOTATED:CDS	4	434	NM_001077190:NM_001077192:NM_001077193:NM_007380:NM_145994	0	0	0	0	0.018226776348359	0	0.0878601673806477	0.0329821949908028	0	0	0;0;0;0;1;0;3;1;0;0	0	0	0.967338114498555		
chr2	23089591	23090582	+	mmuCirc_005193	Acbd5	CTO:ANNOTATED:CDS	2	305	NM_001102436:NM_028793:NM_001102437:NM_001102438	0.0179914506425692	0	0.0185119210755352	0	0.0364535526967181	0.131004445472102	0.146433612301079	0.164910974954014	0.318220700773694	0.20070617032413	1;0;1;0;2;4;5;5;8;7	0	0	2.67161136743959		hsaCirc_001987
chr2	23506909	23517951	-	mmuCirc_005194	Spopl	ITO:ALT_DONOR:CDS:3UTR	1	11043	NM_001165997:NM_001165998:NM_029773	0	0	0	0	0	0	0.0292867224602159	0	0.0397775875967117	0.086016930138913	0;0;0;0;0;0;1;0;1;3	0	0	1.76234216272408		
chr2	23506909	23545579	-	mmuCirc_005195	Spopl	ITO:ALT_DONOR	1	38671	NM_001165997:NM_001165998:NM_029773	0	0.0170667097749	0	0.0192294131873431	0	0.163755556840127	0	0.197893169944816	0.159110350386847	0.114689240185217	0;1;0;1;0;5;0;6;4;4	0	0	2.13950894622282		
chr2	23515005	23545579	-	mmuCirc_005196	Spopl	CTO:ANNOTATED:CDS:5UTR	10	1189	NM_001165997:NM_001165998:NM_029773	0	0	0	0	0	0	0	0.0989465849724082	0	0.0573446200926087	0;0;0;0;0;0;0;3;0;2	0	0	2.26177144567199		
chr2	23537328	23545579	-	mmuCirc_005197	Spopl	CTO:ANNOTATED:CDS:5UTR	7	869	NM_001165997:NM_001165998:NM_029773	0.43179481542166	0.2560006466235	0.46279802688838	0.519194156058264	0.692617501237644	4.81441337109973	1.90363695991403	5.50802656346406	7.59751923097194	3.06793717495457	24;15;25;27;38;147;65;167;191;107	1	1	3.13477102624336	rnoCirc_007496	
chr2	24801507	24825067	-	mmuCirc_005198	Ehmt1	CTO:ANNOTATED:CDS	10	1158	NM_001012518:NM_001109686:NM_001109687:NM_172545	0.0179914506425692	0.0170667097749	0	0	0	0.0982533341040761	0	0.0989465849724082	0.0795551751934235	0.0573446200926087	1;1;0;0;0;3;0;3;2;2	0	0	1.51740986003955	rnoCirc_007498	hsaCirc_016093
chr2	24806214	24838868	-	mmuCirc_005199	Ehmt1	CTO:ANNOTATED:CDS	7	843	NM_001012518:NM_001109686:NM_001109687:NM_172545	0	0	0	0	0	0	0	0	0.119332762790135	0.0573446200926087	0;0;0;0;0;0;0;0;3;2	0	0	2.37588178681901		
chr2	24813527	24825067	-	mmuCirc_005200	Ehmt1	CTO:ANNOTATED:CDS	3	330	NM_001012518:NM_001109686:NM_001109687:NM_172545	0.161923055783122	0.0682668390996	0.166607289679817	0.0961470659367156	0.109360658090154	1.01528445240879	1.08360873102799	2.24278925937459	1.78999144185203	0.802824681296522	9;4;9;5;6;31;37;68;45;28	1	1	3.27680194630726	rnoCirc_007499	hsaCirc_016092
chr2	24813527	24863908	-	mmuCirc_005201	Ehmt1	CTO:ANNOTATED:CDS	14	1868	NM_001012518:NM_001109686:NM_001109687:NM_172545	0.0179914506425692	0	0	0	0.0364535526967181	0	0	0.0989465849724082	0.0795551751934235	0.0286723100463043	1;0;0;0;2;0;0;3;2;1	0	0	0.937025083507924	rnoCirc_007501	
chr2	24824945	24877626	-	mmuCirc_005202	Ehmt1	CTO:ANNOTATED:CDS	13	1854	NM_001012518:NM_001109686:NM_001109687:NM_172545	0.0179914506425692	0	0	0	0.018226776348359	0	0	0.164910974954014	0.0795551751934235	0.0286723100463043	1;0;0;0;1;0;0;5;2;1	0	0	1.23677454215358		
chr2	24836396	24877626	-	mmuCirc_005203	Ehmt1	CTO:ANNOTATED:CDS	12	1731	NM_001012518:NM_001109686:NM_001109687:NM_172545	0	0	0.0740476843021408	0.0192294131873431	0	0.196506668208152	0.0878601673806477	0.263857559926422	0.437553463563829	0.114689240185217	0;0;4;1;0;6;3;8;11;4	0	0	2.75132560631233	rnoCirc_007506	
chr2	24839530	24877626	-	mmuCirc_005204	Ehmt1	CTO:ANNOTATED:CDS	9	1373	NM_001012518:NM_001109686:NM_001109687:NM_172545	0.0179914506425692	0	0.0185119210755352	0	0.0364535526967181	0.131004445472102	0.0585734449204318	0.164910974954014	0.357998288370406	0.143361550231522	1;0;1;0;2;4;2;5;9;5	0	0	2.40031599396662		
chr2	24847944	24858250	-	mmuCirc_005205	Ehmt1	CTO:ANNOTATED:CDS	4	483	NM_001012518:NM_001109686:NM_001109687:NM_172545	0.0179914506425692	0	0.0185119210755352	0.0384588263746862	0.018226776348359	0.294760002312228	0.117146889840864	0.230875364935619	0.198887937983559	0.114689240185217	1;0;1;2;1;9;4;7;5;4	0	0	2.45068563492486	rnoCirc_007508	hsaCirc_016091
chr2	24847944	24863908	-	mmuCirc_005206	Ehmt1	CTO:ANNOTATED:CDS	6	809	NM_001012518:NM_001109686:NM_001109687:NM_172545	0.0719658025702766	0.0512001293247	0	0.0192294131873431	0	0.131004445472102	0.146433612301079	0.230875364935619	0.119332762790135	0.0573446200926087	4;3;0;1;0;4;5;7;3;2	0	0	1.87382868050727	rnoCirc_007509	
chr2	24847944	24863929	-	mmuCirc_005207	Ehmt1	CTO:ANNOTATED:CDS	6	830	NM_001012518:NM_001109686:NM_001109687:NM_172545	0	0	0.0185119210755352	0.0192294131873431	0.018226776348359	0.131004445472102	0.0585734449204318	0	0.0795551751934235	0.0286723100463043	0;0;1;1;1;4;2;0;2;1	0	0	1.12746682095004	rnoCirc_007510	hsaCirc_016088
chr2	24847944	24877626	-	mmuCirc_005208	Ehmt1	CTO:ANNOTATED:CDS	7	1002	NM_001012518:NM_001109686:NM_001109687:NM_172545	0.179914506425692	0.0512001293247	0.0555357632266056	0.173064718686088	0.0729071053934362	0.720524450096558	0.468587559363454	1.2203412146597	1.23310521549806	0.86016930138913	10;3;3;9;4;22;16;37;31;30	1	1	2.92950685361066	rnoCirc_007511	hsaCirc_016086
chr2	24852665	24858250	-	mmuCirc_005209	Ehmt1	CTO:ANNOTATED:CDS	3	337	NM_001012518:NM_001109686:NM_001109687:NM_172545	0	0	0	0	0	0	0	0.0989465849724082	0.0397775875967117	0	0;0;0;0;0;0;0;3;1;0	0	0	2.07592331146981	rnoCirc_007512	
chr2	24852665	24863908	-	mmuCirc_005210	Ehmt1	CTO:ANNOTATED:CDS	5	663	NM_001012518:NM_001109686:NM_001109687:NM_172545	0.0179914506425692	0.0170667097749	0.0185119210755352	0.0192294131873431	0	0.229257779576178	0.0878601673806477	0.164910974954014	0.0795551751934235	0.114689240185217	1;1;1;1;0;7;3;5;2;4	0	0	2.12268703156012		
chr2	24852665	24863929	-	mmuCirc_005211	Ehmt1	CTO:ANNOTATED:CDS	5	684	NM_001012518:NM_001109686:NM_001109687:NM_172545	0	0.0170667097749	0	0.0192294131873431	0.018226776348359	0.0327511113680254	0	0.0329821949908028	0.159110350386847	0	0;1;0;1;1;1;0;1;4;0	0	0	0.634168509901288	rnoCirc_007513	
chr2	24852665	24877626	-	mmuCirc_005212	Ehmt1	CTO:ANNOTATED:CDS	6	856	NM_001012518:NM_001109686:NM_001109687:NM_172545	0.0359829012851383	0.0341334195498	0	0.0192294131873431	0.0729071053934362	0.393013336416305	0.468587559363454	0.329821949908027	0.278443113176982	0.114689240185217	2;2;0;1;4;12;16;10;7;4	0	0	2.7297853765276	rnoCirc_007514	
chr2	24856606	24858250	-	mmuCirc_005213	Ehmt1	CTO:ANNOTATED:CDS	2	199	NM_001012518:NM_001109686:NM_001109687:NM_172545	0.0359829012851383	0	0	0	0	0	0	0.131928779963211	0.0397775875967117	0.0286723100463043	2;0;0;0;0;0;0;4;1;1	0	0	1.07576073751704	rnoCirc_007515	
chr2	24856606	24863908	-	mmuCirc_005214	Ehmt1	CTO:ANNOTATED:CDS	4	525	NM_001012518:NM_001109686:NM_001109687:NM_172545	0.0179914506425692	0.0341334195498	0	0.0192294131873431	0	0.131004445472102	0.0292867224602159	0.0989465849724082	0.119332762790135	0.172033860277826	1;2;0;1;0;4;1;3;3;6	0	0	1.9039162939208	rnoCirc_007516	